0.06665884366214399 447.5332946777344 374.0171203613281
0.19997653098643198 431.8917541503906 327.98065185546875
0.39995306197286395 425.2886962890625 274.0487060546875
0.4332824838039359 469.6045837402344 254.45741271972656
0.5332707492971519 439.8283996582031 235.78053283691406
0.5666001711282239 467.34002685546875 222.02256774902344
0.9332238112700159 490.84765625 120.63365936279297
1.0998709204253758 540.4072265625 106.00528717041016
1.5331534042293118 417.6231994628906 89.76309204101562
1.6664710915535998 400.36834716796875 93.47960662841797
1.6664710915535998 348.9467468261719 100.00222778320312
1.6998005133846716 395.5567932128906 93.87078857421875
1.7664593570468157 365.56182861328125 95.1422348022461
1.7664593570468157 346.049560546875 96.72481536865234
1.7997887788778877 347.01519775390625 97.81718444824219
1.9664358880332478 366.4363098144531 107.93421173095703
2.2664006845128957 405.638427734375 114.00226593017578
2.3663889500061117 450.05712890625 103.28716278076172
2.533036059161472 474.1097717285156 98.97265625
2.7996714338100475 518.653076171875 106.7146987915039
2.7996714338100475 499.696533203125 116.397705078125
2.9329891211343355 483.3589172363281 123.6048583984375
3.0996362302896956 507.7561950683594 122.62540435791016
3.0996362302896956 475.84503173828125 126.5860366821289
3.1329656521207676 502.1283874511719 121.96247863769531
3.4329304486004153 422.4379577636719 106.75894165039062
3.5662481359247034 425.80615234375 113.45708465576172
3.7995540887422075 456.7058410644531 105.0431900024414
4.366154259870432 592.3877563476562 57.71706771850586
4.566130790856863 567.2000732421875 61.919158935546875
5.032742696491871 421.37921142578125 59.57196807861328
5.066072118322944 371.11956787109375 63.38858413696289
5.099401540154015 415.6827087402344 64.58621215820312
5.432695758464735 418.56170654296875 79.30059814453125
5.499354602126879 431.4121398925781 79.43273162841797
5.666001711282239 443.19097900390625 67.04449462890625
5.732660554944383 450.71697998046875 64.17935180664062
5.765989976775455 450.71697998046875 64.17935180664062
5.799319398606527 452.6165466308594 66.3143539428711
5.8326488204375995 454.01873779296875 65.06505584716797
5.865978242268671 433.7356262207031 67.77693939208984
5.8993076640997435 451.7098083496094 70.95375061035156
5.999295929592959 397.5140686035156 78.65628814697266
6.032625351424031 446.0816345214844 75.9749984741211
6.065954773255103 421.4161682128906 76.77275085449219
6.099284195086175 423.32586669921875 78.92334747314453
6.099284195086175 405.65753173828125 84.94383239746094
6.165943038748319 445.166015625 80.63652801513672
6.232601882410463 414.76263427734375 98.104736328125
6.332590147903679 456.2038269042969 101.61783599853516
6.365919569734751 457.612548828125 100.345703125
6.365919569734751 440.56109619140625 104.08118438720703
6.465907835227967 474.6864013671875 108.14848327636719
6.465907835227967 425.80615234375 113.45708465576172
7.132496271849407 428.3153076171875 148.39251708984375
8.598990832416575 469.51202392578125 154.03282165527344
8.765637941571935 523.8698120117188 135.07640075683594
9.032273316220511 524.7068481445312 130.3726348876953
9.398896956362302 499.3572692871094 124.51947021484375
9.598873487348735 443.0415954589844 121.29994201660156
9.665532331010878 424.4041442871094 126.42171478271484
9.865508861997311 315.5646667480469 158.63385009765625
9.965497127490526 349.8698425292969 151.9370574951172
9.965497127490526 343.50244140625 147.7392120361328
10.165473658476959 285.4822692871094 183.1738739013672
10.398779611294463 272.3611755371094 202.7498779296875
12.598521452145214 533.9486694335938 324.2911376953125
12.631850873976287 559.396728515625 326.10784912109375
12.631850873976287 559.5541381835938 332.2617492675781
12.665180295807358 547.6305541992188 354.8742980957031
12.731839139469502 548.7675170898438 362.222900390625
12.731839139469502 557.2720336914062 374.894775390625
12.765168561300573 568.192626953125 387.2692565917969
12.931815670455935 629.2427978515625 399.09698486328125
12.931815670455935 593.6602172851562 403.9795837402344
13.19845104510451 568.1014404296875 365.96673583984375
13.231780466935582 553.3037109375 370.3981628417969
13.398427576090942 562.1195068359375 302.4449157714844
13.398427576090942 529.0724487304688 297.7883605957031
13.465086419753087 566.2789916992188 263.1142883300781
13.465086419753087 570.3352661132812 273.5190734863281
13.465086419753087 548.3991088867188 266.3358154296875
13.53174526341523 527.5291748046875 245.71917724609375
13.53174526341523 524.422607421875 256.92034912109375
13.631733528908446 526.0713500976562 220.69825744628906
13.665062950739518 568.1942749023438 196.21627807617188
13.69839237257059 557.5328369140625 198.4739532470703
13.731721794401661 531.6754150390625 195.17828369140625
13.731721794401661 524.0841674804688 192.3915252685547
13.798380638063806 532.6775512695312 176.23080444335938
13.831710059894878 554.86328125 167.06655883789062
13.831710059894878 544.071044921875 163.43106079101562
13.831710059894878 536.6751098632812 166.47254943847656
14.098345434543454 588.564208984375 107.57139587402344
14.098345434543454 576.4244995117188 113.17884063720703
14.264992543698813 597.4346313476562 114.76081085205078
14.298321965529885 611.56298828125 116.9299545288086
14.398310231023101 649.2981567382812 115.85826110839844
14.431639652854173 648.3596801757812 114.81121063232422
14.431639652854173 637.5588989257812 113.50348663330078
14.431639652854173 632.146728515625 112.84819793701172
14.498298496516318 642.7306518554688 108.53084564208984
14.631616183840606 600.4500122070312 109.9500503540039
14.664945605671678 589.5075073242188 108.62654876708984
14.69827502750275 609.8479614257812 106.86653137207031
14.831592714827037 581.8864135742188 127.55949401855469
14.86492213665811 631.152587890625 133.38780212402344
14.931580980320254 619.4259033203125 158.5638885498047
14.998239823982397 623.5033569335938 182.47360229492188
15.131557511306685 639.11669921875 197.19107055664062
15.264875198630973 623.1123046875 221.13572692871094
15.331534042293118 621.0379638671875 227.25759887695312
15.964793057083485 533.662353515625 243.84898376464844
16.164769588069916 547.2529296875 218.48287963867188
16.19809900990099 505.7080078125 224.026123046875
16.231428431732063 515.0984497070312 217.06617736816406
16.33141669722528 493.96844482421875 204.91705322265625
16.49806380638064 570.813232421875 173.69207763671875
16.598052071873852 605.99462890625 165.6311492919922
16.831358024691358 610.1436157226562 153.68359375
16.8980168683535 610.6864624023438 143.28213500976562
17.097993399339934 622.6031494140625 110.28813171386719
17.097993399339934 610.4190673828125 110.21749877929688
17.264640508495294 626.654296875 98.64315795898438
17.297969930326364 605.1441650390625 101.61048126220703
17.431287617650653 584.0242309570312 107.96334075927734
17.464617039481727 594.9827880859375 109.28878021240234
17.53127588314387 534.5643310546875 113.38066864013672
18.097876054272092 369.2915954589844 117.08370208740234
18.131205476103165 350.6956481933594 119.83941650390625
18.16453489793424 366.8528747558594 117.29045104980469
18.16453489793424 329.5075378417969 122.8236083984375
18.297852585258525 326.06378173828125 121.93245697021484
18.39784085075174 290.0146789550781 135.73643493652344
18.631146803569244 275.62567138671875 171.9491729736328
18.664476225400318 289.25408935546875 171.90036010742188
18.664476225400318 272.5249328613281 174.66387939453125
19.097758709204253 325.4512023925781 197.58094787597656
19.131088131035327 353.8780212402344 196.02362060546875
19.131088131035327 305.77313232421875 203.158203125
19.23107639652854 351.7932434082031 205.9314727783203
19.36439408385283 320.50244140625 226.18348693847656
25.09705463879721 563.0445556640625 247.8435516357422
30.496420975430876 365.29229736328125 258.4350891113281
30.529750397261946 367.27484130859375 260.6913146972656
30.763056350079452 316.3417053222656 297.5334777832031
30.829715193741595 333.72613525390625 291.79400634765625
30.96303288106588 337.7264404296875 296.3600158691406
31.296327099376605 360.59912109375 281.27593994140625
31.42964478670089 390.1629638671875 268.0743103027344
32.129562645153406 506.4098815917969 181.1424560546875
32.56284512895734 531.049560546875 165.8400421142578
32.862809925436984 527.3989868164062 193.2425537109375
33.096115878254494 454.1160888671875 198.17556762695312
33.129445300085564 431.374267578125 193.24766540527344
33.129445300085564 395.29571533203125 200.4116973876953
33.36275125290307 348.9707946777344 190.4507598876953
33.46273951839628 327.2334289550781 178.02572631835938
33.76270431487593 330.09368896484375 187.42645263671875
34.029339689524505 390.0074768066406 167.33782958984375
34.06266911135558 404.1541748046875 156.51165771484375
34.295975064173085 424.4508972167969 144.02870178222656
35.862457890233465 418.3560485839844 253.92660522460938
36.26241095220633 446.5326232910156 295.0993957519531
37.39561129446278 586.4603881835938 216.7462158203125
37.695576090942424 516.5933837890625 195.5070343017578
37.76223493460457 527.3989868164062 193.2425537109375
37.82889377826672 478.9892578125 190.9406280517578
40.16195330644175 503.5632629394531 152.05453491210938
40.2286121501039 526.0167236328125 148.81141662597656
41.16183596137391 556.6182861328125 217.5033721923828
42.02840092898179 646.0159912109375 122.94356536865234
42.02840092898179 638.014892578125 124.79805755615234
42.06173035081286 652.0071411132812 126.9394760131836
42.56167167827894 572.5599365234375 170.0246124267578
43.961507395183965 478.7189636230469 129.82090759277344
44.3947898789879 457.0968322753906 151.6507110595703
44.46144872265004 464.7544250488281 154.4724578857422
44.49477814448111 492.3114013671875 156.61087036132812
44.49477814448111 463.8469543457031 159.26364135742188
44.52810756631219 479.0762634277344 159.01939392089844
44.594766409974326 487.666748046875 162.9154052734375
44.66142525363647 517.0040893554688 167.1796112060547
44.79474294096076 513.3754272460938 174.57496643066406
44.861401784622906 488.87530517578125 181.66969299316406
44.928060628285046 498.2638244628906 174.8551025390625
45.02804889377826 481.1504821777344 172.9596710205078
45.06137831560934 450.1006774902344 175.93331909179688
45.06137831560934 433.24688720703125 177.54742431640625
45.194696002933625 463.0487060546875 175.87791442871094
45.26135484659577 408.0295715332031 184.7477264404297
51.2939801980198 562.3857421875 136.2146759033203
51.62727441633052 511.9976806640625 124.56397247314453
51.79392152548588 482.8430480957031 120.17215728759766
51.893909790979095 445.922607421875 124.54718780517578
51.99389805647231 427.7654113769531 127.2989273071289
52.1272157437966 410.93524169921875 122.90667724609375
52.227204009289814 402.2439270019531 130.70263671875
52.42718054027625 354.343017578125 147.9596710205078
52.42718054027625 344.47698974609375 148.84420776367188
52.42718054027625 332.0992736816406 149.95391845703125
52.52716880576946 368.1104736328125 145.53782653808594
52.62715707126268 353.2520446777344 158.79393005371094
52.79380418041804 374.37371826171875 161.63096618652344
52.99378071140447 392.4850769042969 155.20716857910156
53.060439555066615 399.29461669921875 156.9578399658203
53.093768976897685 356.1787414550781 162.1123809814453
53.12709839872876 391.4955139160156 160.05218505859375
53.22708666422198 422.53289794921875 147.73793029785156
53.26041608605305 422.53289794921875 147.73793029785156
53.327074929715195 428.2956848144531 142.50576782226562
53.327074929715195 403.67803955078125 147.08126831054688
53.360404351546265 434.5328063964844 140.7703399658203
53.393733773377335 446.4601135253906 133.84490966796875
53.46039261703948 412.8699951171875 136.82350158691406
53.693698569856984 415.76129150390625 134.21607971191406
53.693698569856984 412.8663635253906 130.94703674316406
53.727027991688054 455.48431396484375 129.54214477539062
53.86034567901235 473.0371398925781 129.1595458984375
53.89367510084342 471.6313171386719 130.44801330566406
53.89367510084342 454.57049560546875 134.2943878173828
53.92700452267449 457.4052429199219 131.70672607421875
54.32695758464735 464.9210205078125 122.8921890258789
54.32695758464735 424.4197082519531 132.27857971191406
54.560263537464856 406.10125732421875 146.8625946044922
54.593592959295925 445.57281494140625 144.4748992919922
54.76024006845129 441.9196472167969 175.52850341796875
54.79356949028236 447.6988220214844 176.16336059570312
54.79356949028236 420.1893005371094 183.57351684570312
54.926887177606645 441.9196472167969 175.52850341796875
55.06020486493094 484.93414306640625 171.4175262451172
55.39349908324166 490.82763671875 152.06312561035156
55.42682850507273 493.62359619140625 149.46575927734375
55.4601579269038 500.59185791015625 142.99249267578125
55.4601579269038 495.01971435546875 148.16880798339844
55.526816770565944 503.3705139160156 140.41119384765625
55.56014619239701 492.0564270019531 139.10577392578125
55.66013445789023 464.58349609375 136.90753173828125
55.72679330155238 493.71405029296875 123.85687255859375
55.72679330155238 473.4835510253906 126.79359436035156
55.760122723383446 477.7608947753906 128.7425079345703
55.99342867620095 472.7769470214844 106.00080871582031
56.19340520718738 524.8896484375 116.51757049560547
56.49337000366703 512.5272216796875 127.98641204833984
56.5266994254981 506.4737548828125 129.68170166015625
56.59335826916025 463.6228332519531 135.82513427734375
56.693346534653465 456.08465576171875 144.69696044921875
56.726675956484534 453.7005615234375 144.9130401611328
56.726675956484534 437.9234313964844 147.51980590820312
56.79333480014668 450.8542175292969 147.52001953125
56.79333480014668 436.4897766113281 148.8275909423828
56.85999364380882 448.9674987792969 151.2200469970703
57.19328786211954 437.9530029296875 153.40841674804688
57.22661728395062 414.3369140625 159.13136291503906
57.22661728395062 408.03509521484375 160.90078735351562
57.25994670578169 441.3186340332031 154.27845764160156
58.12651167338956 452.82708740234375 155.57461547851562
58.15984109522063 482.7779235839844 151.6350860595703
58.193170517051705 479.4494934082031 150.76995849609375
58.226499938882775 474.709716796875 151.20606994628906
58.29315878254492 478.04248046875 152.07174682617188
58.39314704803814 450.563720703125 173.51625061035156
58.42647646986921 437.1017761230469 175.98895263671875
58.45980589170028 426.0294189453125 190.18093872070312
58.493135313531354 441.55194091796875 195.83425903320312
58.559794157193494 467.1590881347656 204.04417419433594
59.92630045226745 548.0595092773438 193.53396606445312
60.15960640508495 585.37890625 181.60137939453125
60.359582936071384 569.6235961914062 180.8194122314453
60.359582936071384 556.5238037109375 177.4237518310547
60.52623004522674 527.9968872070312 176.68557739257812
61.02617137269282 461.0068359375 161.8860626220703
61.49278327832783 406.0944519042969 158.70602416992188
61.592771543821044 363.05950927734375 163.86972045898438
61.69275980931426 377.3291931152344 158.974609375
61.72608923114534 395.4129638671875 152.56674194335938
61.75941865297641 355.20306396484375 161.00611877441406
61.79274807480748 400.2747497558594 152.12417602539062
62.05938344945606 366.9170227050781 174.28814697265625
62.09271287128713 411.91748046875 165.2915802001953
62.126042293118196 400.7371520996094 167.52676391601562
62.22603055861141 381.694580078125 166.91990661621094
62.25935998044249 430.29144287109375 162.39088439941406
62.29268940227356 443.2508239746094 156.4595184326172
62.3593482459357 433.1478271484375 153.84959411621094
62.3593482459357 425.9428405761719 160.42654418945312
62.426007089597846 459.9369812011719 149.0406036376953
62.426007089597846 430.26971435546875 156.47683715820312
62.52599535509106 444.1809997558594 151.6585693359375
62.52599535509106 423.51434326171875 154.73410034179688
62.62598362058428 467.52593994140625 146.00242614746094
62.62598362058428 432.18115234375 152.7579803466797
62.65931304241535 464.187744140625 145.13417053222656
62.725971886077495 406.0978698730469 152.7781524658203
62.759301307908565 404.15960693359375 150.5866241455078
62.79263072973964 433.1231994628906 147.955810546875
62.89261899523285 433.1478271484375 153.84959411621094
63.1925837917125 355.6626892089844 164.55323791503906
63.32590147903679 399.29461669921875 156.9578399658203
63.32590147903679 359.1589660644531 159.4481658935547
63.52587801002322 342.31695556640625 164.58689880371094
63.5592074318543 351.3013916015625 156.58213806152344
63.59253685368537 393.47265625 150.37181091308594
63.62586627551644 355.3165588378906 149.0629425048828
63.62586627551644 342.4577941894531 152.60594177246094
63.7925133846718 411.9068603515625 141.61988830566406
64.22579586847573 454.06683349609375 130.83432006835938
64.65907835227966 503.7044677734375 132.2473602294922
64.69240777411075 508.38458251953125 131.82960510253906
64.72573719594182 499.9736022949219 133.74160766601562
64.75906661777289 472.14300537109375 133.89840698242188
64.95904314875932 497.6273193359375 133.9514923095703
64.99237257059039 469.8377685546875 139.94178771972656
64.99237257059039 458.87164306640625 136.2492218017578
65.02570199242146 449.3878173828125 142.956298828125
65.49231389805647 338.0325012207031 190.29603576660156
65.52564331988754 389.4688720703125 181.7400665283203
65.52564331988754 344.97869873046875 192.04635620117188
65.62563158538076 343.01513671875 189.81588745117188
66.09224349101576 463.9032897949219 165.153564453125
66.2922200220022 484.4906005859375 173.82015991210938
66.32554944383327 481.1504821777344 172.9596710205078
66.39220828749541 487.666748046875 162.9154052734375
66.42553770932649 490.4722595214844 160.30215454101562
66.5255259748197 493.1866149902344 151.8451385498047
66.69217308397506 497.3739013671875 147.95266723632812
66.82549077129934 493.10064697265625 146.00872802734375
67.62539689524507 433.1478271484375 153.84959411621094
67.92536169172473 427.8609313964844 156.69894409179688
68.05867937904901 474.1286315917969 141.89234924316406
68.15866764454223 484.0281982421875 138.6639862060547
68.32531475369758 493.8867492675781 135.4490203857422
68.45863244102188 546.1156005859375 151.59654235839844
68.49196186285295 498.0810241699219 163.10829162597656
68.62527955017724 575.8203735351562 170.873779296875
68.65860897200831 577.7313842773438 173.0185089111328
68.69193839383938 580.9891967773438 173.86642456054688
68.75859723750152 569.6235961914062 180.8194122314453
68.85858550299474 549.144287109375 180.4905242919922
68.92524434665688 512.1962280273438 187.66114807128906
69.05856203398118 492.9124755859375 197.87890625
69.09189145581225 505.2105712890625 194.2743377685547
69.12522087764332 527.0986328125 201.55885314941406
69.22520914313654 505.6081237792969 218.05108642578125
69.29186798679868 511.432861328125 224.62364196777344
69.59183278327832 546.9956665039062 247.20269775390625
69.62516220510939 496.63104248046875 255.14089965820312
69.79180931426475 511.85809326171875 248.63258361816406
69.85846815792691 462.8008117675781 252.76524353027344
70.09177411074441 459.23809814453125 233.7308349609375
70.12510353257548 450.9956359863281 233.39004516601562
70.22509179806869 438.3128356933594 225.0350341796875
70.29175064173084 434.8757629394531 218.14016723632812
70.55838601637942 354.164794921875 217.86802673339844
70.62504486004156 351.73223876953125 212.01942443847656
71.02499792201442 413.3758239746094 169.91246032714844
71.22497445300085 436.57427978515625 166.54209899902344
71.32496271849406 438.94989013671875 160.40145874023438
71.35829214032515 437.044189453125 164.12875366210938
71.35829214032515 394.39599609375 169.31301879882812
71.65825693680479 413.3800354003906 175.8695831298828
71.65825693680479 395.3545837402344 176.3890838623047
71.69158635863586 420.1780090332031 177.60638427734375
71.69158635863586 392.4143981933594 179.06214904785156
71.72491578046693 423.0946044921875 180.90533447265625
71.72491578046693 395.33990478515625 182.37586975097656
71.82490404596015 409.4915771484375 195.4000244140625
71.82490404596015 370.7027893066406 196.79769897460938
71.85823346779122 401.6693115234375 198.5766143798828
71.92489231145336 336.7430419921875 213.52073669433594
72.02488057694659 361.63360595703125 217.1124725341797
72.02488057694659 324.64422607421875 218.40411376953125
72.05820999877766 321.5862121582031 221.16375732421875
72.1248688424398 371.52349853515625 222.19960021972656
72.22485710793302 362.5189514160156 230.45252990722656
72.75812785723016 358.51898193359375 232.09078979492188
72.75812785723016 333.4620361328125 234.6861572265625
72.79145727906123 373.4925231933594 224.43626403808594
72.79145727906123 351.5484313964844 230.3609619140625
72.79145727906123 325.904541015625 235.46896362304688
72.89144554455446 400.6645202636719 215.58580017089844
72.92477496638553 409.98065185546875 204.9795684814453
73.02476323187874 408.025390625 202.76429748535156
73.15808091920303 405.11102294921875 175.4624481201172
73.22473976286517 468.1582946777344 161.2167510986328
73.3247280283584 484.6235656738281 147.9532928466797
73.3247280283584 446.5751953125 151.43922424316406
73.62469282483804 467.3468017578125 128.4971923828125
73.62469282483804 454.06683349609375 130.83432006835938
73.82466935582447 463.1148681640625 132.3680419921875
73.85799877765554 491.8873291015625 127.49537658691406
73.89132819948661 485.27227783203125 125.7574462890625
73.95798704314876 482.91827392578125 125.96434783935547
73.99131646497983 476.8721008300781 133.47720336914062
73.99131646497983 467.4064025878906 134.32028198242188
73.99131646497983 449.8068542480469 134.7177276611328
74.19129299596626 402.2217102050781 148.39552307128906
74.22462241779733 400.2841796875 146.20481872558594
74.2579518396284 425.4168701171875 145.1195068359375
74.2579518396284 413.8405456542969 143.8045654296875
74.55791663610805 370.8650817871094 172.71788024902344
74.55791663610805 355.6062316894531 170.55067443847656
74.6245754797702 360.03045654296875 172.53611755371094
74.65790490160127 348.1834716796875 171.24391174316406
75.29116391639164 442.6128234863281 129.5069122314453
75.49114044737807 463.0046081542969 120.73428344726562
75.52446986920914 444.46392822265625 120.01203155517578
75.55779929104021 423.4412536621094 125.33522033691406
75.82443466568878 414.3369140625 159.13136291503906
75.89109350935094 409.4907531738281 159.5791778564453
75.92442293118201 356.1228332519531 168.104248046875
76.15772888399951 361.0583801269531 167.64524841308594
76.15772888399951 337.279052734375 171.0592498779297
76.19105830583058 389.0342712402344 166.2358856201172
76.19105830583058 336.300048828125 169.94773864746094
76.22438772766165 359.1062316894531 165.43179321289062
76.25771714949272 382.66864013671875 168.02322387695312
76.25771714949272 359.1062316894531 165.43179321289062
76.29104657132379 385.61627197265625 165.3614044189453
76.32437599315487 385.61627197265625 165.3614044189453
76.35770541498594 385.61627197265625 165.3614044189453
76.49102310231022 375.31195068359375 168.71029663085938
76.62434078963452 335.086181640625 186.9483184814453
76.69099963329666 370.78411865234375 184.7324676513672
77.89085881921525 529.9671020507812 158.93138122558594
79.35735337978242 487.18597412109375 127.91043090820312
79.3906828016135 458.31549072265625 126.96125030517578
79.45734164527563 454.4312744140625 116.82717895507812
79.4906710671067 454.8870849609375 114.46576690673828
79.59065933259993 498.1303405761719 106.16094207763672
79.82396528541743 493.4563293457031 106.55718994140625
79.92395355091064 488.8559875488281 112.71382904052734
80.35723603471457 433.1725158691406 159.755615234375
80.49055372203887 450.5210266113281 167.5971221923828
80.49055372203887 439.9806823730469 173.33787536621094
80.52388314386994 451.4884338378906 168.68927001953125
81.02382447133601 427.49945068359375 194.8269805908203
81.19047158049138 448.2035217285156 179.6792449951172
81.22380100232245 452.5006408691406 175.70347595214844
81.35711868964674 465.834716796875 167.3323974609375
81.42377753330888 470.0875244140625 163.39230346679688
81.45710695513995 471.5025939941406 162.08128356933594
81.72374232978854 472.272216796875 145.57037353515625
81.85706001711281 469.4500732421875 148.17091369628906
81.85706001711281 446.61370849609375 157.32826232910156
81.92371886077497 461.86370849609375 151.21304321289062
81.99037770443711 447.5402526855469 152.5281524658203
82.22368365725461 434.19183349609375 172.70045471191406
82.32367192274782 378.17181396484375 184.02346801757812
82.49031903190318 366.8276672363281 186.31640625
82.72362498472069 357.85992431640625 194.42556762695312
83.09024862486248 372.70196533203125 192.98052978515625
83.12357804669355 373.7188720703125 188.06094360351562
83.42354284317321 461.91790771484375 157.0880126953125
83.42354284317321 453.3323669433594 159.0639190673828
83.82349590514606 522.0758056640625 138.71583557128906
83.92348417063928 518.1444091796875 128.64453125
83.95681359247035 506.9016418457031 127.32731628417969
83.99014301430142 524.5895385742188 124.6082992553711
84.0234724361325 504.0374450683594 124.10811614990234
84.0234724361325 495.1913757324219 128.36343383789062
84.05680185796358 531.1362915039062 126.33625793457031
84.25677838895 514.0122680664062 132.48573303222656
84.25677838895 502.3179931640625 133.53187561035156
84.49008434176751 509.9719543457031 142.1386260986328
84.49008434176751 502.0766906738281 147.5208740234375
84.49008434176751 481.7420959472656 144.70834350585938
84.62340202909179 483.8927001953125 164.44741821289062
84.65673145092286 472.9820251464844 166.65640258789062
84.69006087275393 433.2220458984375 171.6044921875
85.28999046571323 445.6102600097656 150.3503875732422
85.58995526219289 438.7972717285156 131.0120849609375
85.58995526219289 430.6760559082031 136.4178924560547
85.85659063684146 468.1249084472656 112.17536926269531
86.08989658965896 511.26123046875 109.64266204833984
86.18988485515217 474.30853271484375 116.27690887451172
86.3898613861386 458.7699279785156 124.59200286865234
86.58983791712504 409.00592041015625 156.06619262695312
86.68982618261826 423.03753662109375 157.14370727539062
86.7564850262804 402.1993713378906 166.19918823242188
86.78981444811147 396.342529296875 171.5167236328125
86.85647329177363 405.59564208984375 179.0000457763672
86.85647329177363 376.6888732910156 185.36807250976562
86.85647329177363 365.3364562988281 187.66485595703125
86.8898027136047 366.7828674316406 192.34954833984375
87.08977924459113 354.7443542480469 209.28465270996094
87.28975577557756 350.16131591796875 219.4938201904297
87.65637941571934 365.6187438964844 215.49215698242188
87.68970883755041 370.5801696777344 214.99122619628906
87.7230382593815 372.5858154296875 211.1444854736328
87.75636768121257 425.5849914550781 204.6223907470703
87.78969710304364 427.5184020996094 200.82359313964844
87.956344212199 402.64678955078125 199.6842498779297
87.98967363403007 426.54315185546875 199.71978759765625
88.05633247769221 412.9104919433594 202.27793884277344
88.15632074318543 362.71697998046875 206.06146240234375
88.22297958684757 354.7443542480469 209.28465270996094
88.28963843050971 351.73223876953125 212.01942443847656
88.48961496149614 333.70416259765625 216.2686767578125
88.62293264882044 363.13494873046875 215.742919921875
88.68959149248258 345.62371826171875 223.62196350097656
89.35617992910402 319.4164733886719 231.2134552001953
89.65614472558367 321.4925231933594 227.31114196777344
89.85612125657009 335.6784973144531 218.5149688720703
90.25607431854296 336.8200988769531 207.4161834716797
90.42272142769832 381.4903564453125 209.03887939453125
90.62269795868475 378.04022216796875 208.17230224609375
90.75601564600905 395.26611328125 212.4989013671875
90.95599217699548 360.7521057128906 203.830078125
90.98932159882655 420.693603515625 193.09915161132812
91.05598044248869 397.278076171875 190.58775329589844
91.08930986431976 425.05584716796875 189.07943725585938
91.12263928615083 419.2265930175781 188.4508056640625
91.28928639530619 435.1349182128906 167.86309814453125
91.32261581713726 409.49102783203125 171.46961975097656
91.48926292629262 454.66375732421875 145.99925231933594
91.78922772277227 456.4447326660156 130.6243896484375
91.82255714460335 459.72918701171875 125.67251586914062
91.85588656643442 507.6560363769531 116.86199188232422
92.08919251925192 467.2279968261719 116.8868179321289
92.122521941083 467.2279968261719 116.8868179321289
92.18918078474513 501.5102233886719 112.78102111816406
92.25583962840729 503.8446960449219 112.58039093017578
92.38915731573157 496.92498779296875 118.94819641113281
92.52247500305586 439.2322082519531 122.79589080810547
92.589133846718 439.728271484375 126.25447845458984
92.72245153404229 429.2198791503906 131.85574340820312
92.85576922136657 430.6760559082031 136.4178924560547
93.1890634396773 415.3002624511719 154.30458068847656
93.25572228333944 407.067138671875 153.87405395507812
93.45569881432587 392.4497985839844 167.10972595214844
93.45569881432587 382.66864013671875 168.02322387695312
93.45569881432587 365.9859313964844 167.18699645996094
93.52235765798802 419.6758728027344 168.1303253173828
93.52235765798802 374.8063659667969 171.1503143310547
93.85565187629874 475.6037292480469 146.43748474121094
93.98896956362303 485.5060119628906 143.1977996826172
94.0222989854541 516.4547729492188 138.0644073486328
94.05562840728517 523.986572265625 140.86289978027344
94.12228725094731 536.8515014648438 132.75201416015625
94.32226378193374 543.386962890625 134.4735870361328
94.6222285784134 499.8189392089844 153.5707550048828
94.6222285784134 495.9794006347656 149.24900817871094
94.68888742207554 502.79541015625 162.663330078125
94.75554626573768 480.185302734375 171.8713836669922
94.78887568756875 483.9695739746094 170.33021545410156
94.78887568756875 480.185302734375 171.8713836669922
94.78887568756875 471.6311340332031 173.87135314941406
94.88886395306197 501.4954833984375 169.834716796875
95.25548759320377 485.61309814453125 186.72669982910156
95.28881701503484 485.61309814453125 186.72669982910156
95.4554641241902 481.37353515625 190.7051544189453
95.48879354602127 499.41326904296875 187.73924255371094
95.52212296785234 504.1462707519531 187.27276611328125
95.6887700770077 481.8201599121094 188.28585815429688
95.72209949883877 466.979248046875 186.1776580810547
95.88874660799414 508.6670227050781 175.02963256835938
95.9220760298252 517.1146240234375 173.0385284423828
96.05539371714949 521.6932983398438 166.7323760986328
96.08872313898055 475.4288635253906 172.32595825195312
96.28869966996699 500.3456726074219 157.03297424316406
96.32202909179807 503.1316223144531 154.4326629638672
96.58866446644664 459.8848876953125 143.18052673339844
96.65532331010878 460.794189453125 138.4158935546875
96.68865273193985 449.8068542480469 134.7177276611328
96.75531157560201 480.1199645996094 128.53424072265625
96.78864099743308 434.97528076171875 132.51979064941406
96.82197041926415 475.84503173828125 126.5860366821289
96.88862926292629 434.9488525390625 126.67176055908203
96.95528810658843 452.1015625 122.84413146972656
96.98861752841951 442.5785827636719 123.6718521118164
97.02194695025058 433.98699951171875 125.58692932128906
97.05527637208165 433.02520751953125 124.50220489501953
97.08860579391272 423.900146484375 117.11685943603516
97.25525290306808 459.5231018066406 102.49565887451172
97.68853538687202 450.8013000488281 75.6021728515625
98.25513555800025 422.42449951171875 100.95297241210938
98.25513555800025 403.24151611328125 102.54212951660156
98.32179440166239 385.8620300292969 106.31742858886719
98.38845324532453 388.7523498535156 109.58211517333984
98.55510035447989 337.8072509765625 129.2200469970703
98.58842977631096 328.8953552246094 131.17677307128906
98.6550886199731 360.9010925292969 128.40737915039062
98.6550886199731 341.69561767578125 133.6266632080078
98.68841804180418 322.4353942871094 132.92481994628906
98.92172399462169 292.7601013183594 172.78602600097656
98.95505341645276 315.80731201171875 174.26763916015625
98.95505341645276 291.5262756347656 183.8185577392578
98.98838283828383 287.8832092285156 189.03164672851562
99.08837110377704 313.09869384765625 186.6267547607422
99.15502994743919 305.88336181640625 197.04779052734375
99.45499474391883 250.21595764160156 228.38375854492188
99.4883241657499 238.29397583007812 230.8330841064453
99.52165358758097 219.9106903076172 238.93911743164062
99.68830069673633 267.75762939453125 245.22413635253906
99.75495954039847 240.97088623046875 263.0569763183594
99.78828896222956 283.3114929199219 259.7911376953125
99.8549478058917 244.98727416992188 267.656494140625
99.92160664955384 269.7264099121094 270.0148620605469
100.02159491504706 276.888671875 271.7479248046875
100.05492433687813 290.30902099609375 267.78692626953125
100.0882537587092 273.73651123046875 274.60211181640625
100.3215597115267 316.8417053222656 266.1606750488281
100.35488913335777 321.92279052734375 265.6096496582031
100.38821855518884 321.3772277832031 268.1600341796875
100.48820682068207 294.6241149902344 282.3581848144531
100.52153624251314 287.3484191894531 286.9396057128906
100.5548656643442 280.61846923828125 288.9498291015625
100.58819508617528 290.92547607421875 287.8004455566406
100.75484219533064 291.801513671875 295.2669982910156
100.75484219533064 275.1605529785156 302.2105407714844
100.88815988265493 266.95074462890625 299.33660888671875
100.95481872631707 260.3226013183594 295.01226806640625
101.02147756997921 321.8287353515625 271.85137939453125
101.0548069918103 325.45648193359375 266.470947265625
101.12146583547243 342.7668762207031 254.67694091796875
101.42143063195208 347.7945556640625 207.54412841796875
101.55474831927637 432.2761535644531 176.4501495361328
101.58807774110744 460.1465148925781 172.60231018066406
101.62140716293851 475.4288635253906 172.32595825195312
101.62140716293851 455.3589782714844 173.0589141845703
101.78805427209387 529.1316528320312 163.68338012695312
101.92137195941817 563.2509155273438 151.1580352783203
101.9880308030803 544.20556640625 149.45162963867188
102.02136022491138 550.19921875 147.73587036132812
102.22133675589781 501.2120361328125 152.2722625732422
102.55463097420852 466.5051574707031 139.0726318359375
102.75460750519495 496.14764404296875 129.43887329101562
102.82126634885711 481.5197448730469 127.24872589111328
102.82126634885711 453.10614013671875 129.7516326904297
102.98791345801247 468.1850891113281 117.964111328125
103.05457230167461 467.7364501953125 120.32392883300781
103.32120767632318 417.68304443359375 130.52462768554688
103.38786651998532 473.9295349121094 124.4299545288086
103.72116073829605 456.54180908203125 142.3107147216797
103.78781958195819 474.1286315917969 141.89234924316406
103.85447842562034 462.7720947265625 146.43515014648438
104.12111380026892 431.2145690917969 151.6664581298828
104.2544314875932 428.35467529296875 160.2027130126953
104.2544314875932 425.4501953125 156.92123413085938
104.32109033125535 465.7181701660156 155.5591278076172
104.35441975308642 450.4784240722656 161.6902313232422
104.4877374404107 381.63653564453125 178.89077758789062
104.55439628407285 410.9500732421875 176.10086059570312
104.58772570590392 435.633056640625 171.3759765625
104.62105512773499 384.5651550292969 182.20968627929688
104.68771397139713 386.51800537109375 184.42282104492188
104.72104339322821 387.49456787109375 185.52955627441406
104.8543610805525 382.5564270019531 192.02108764648438
104.95434934604572 415.821533203125 187.58482360839844
104.98767876787679 420.6699523925781 181.13851928710938
105.02100818970786 424.5452880859375 179.57305908203125
105.9209025791468 488.338623046875 109.2964859008789
106.12087911013323 519.3800659179688 96.34752655029297
106.2875262192886 470.7424621582031 92.35043334960938
106.42084390661287 456.5127258300781 82.02457427978516
106.6208204375993 462.0124816894531 65.58650970458984
106.7541381249236 485.29669189453125 58.11396408081055
107.1207617650654 461.6935119628906 31.636764526367188
107.18742060872754 466.2948303222656 25.68878936767578
107.2207500305586 469.0597839355469 23.250102996826172
107.85400904534897 491.070556640625 39.62710189819336
108.32062095098398 443.39910888671875 101.52867889404297
108.4206092164772 424.8936462402344 129.89227294921875
108.48726806013934 412.3918151855469 145.1145782470703
108.52059748197041 403.19061279296875 149.49102783203125
108.52059748197041 373.9424133300781 152.14193725585938
108.55392690380148 354.2275085449219 159.89996337890625
108.6539151692947 370.4383544921875 163.1878662109375
108.68724459112578 336.8277893066406 167.49485778808594
108.72057401295685 358.07647705078125 170.31997680664062
108.88722112211221 315.1089782714844 216.912841796875
108.92055054394328 300.9258728027344 219.56488037109375
108.95387996577435 349.6999816894531 215.8794708251953
108.95387996577435 308.3055419921875 231.12252807617188
108.98720938760542 304.1129455566406 238.96237182617188
109.12052707492971 308.5318603515625 247.166015625
109.52048013690258 399.1564025878906 235.19180297851562
109.75378608972008 417.7965393066406 207.81231689453125
109.92043319887544 413.388427734375 187.82122802734375
110.75366874465224 444.57257080078125 137.5255889892578
111.35359833761153 458.7699279785156 124.59200286865234
111.62023371226012 481.9612731933594 124.88756561279297
111.65356313409119 478.64794921875 124.01707458496094
111.82021024324655 473.9295349121094 124.4299545288086
111.92019850873976 491.8873291015625 127.49537658691406
112.12017503972619 475.84503173828125 126.5860366821289
112.18683388338833 480.5623779296875 126.1714096069336
112.2201633052194 477.7608947753906 128.7425079345703
112.28682214888155 483.8753356933594 127.04122161865234
112.38681041437476 461.2481689453125 136.03709411621094
112.52012810169906 482.4771728515625 128.32614135742188
112.5867869453612 489.9747009277344 125.34413146972656
112.62011636719227 489.9747009277344 125.34413146972656
112.68677521085442 480.5623779296875 126.1714096069336
112.78676347634763 489.10003662109375 130.06381225585938
112.953410585503 496.40338134765625 115.5279312133789
112.953410585503 488.9371643066406 118.48534393310547
112.98674000733406 499.1739196777344 112.98181915283203
113.2867048038137 513.1642456054688 111.77943420410156
113.32003422564479 498.22076416015625 111.91079711914062
113.35336364747586 500.98712158203125 109.37022399902344
113.38669306930693 500.0347595214844 108.30036163330078
113.68665786578657 506.93121337890625 101.9710693359375
113.71998728761764 503.6527404785156 101.09950256347656
114.05328150592837 476.3225402832031 87.3045883178711
114.05328150592837 467.82574462890625 83.40850067138672
114.08661092775944 457.91632080078125 80.76557922363281
114.38657572423908 467.32061767578125 80.013671875
114.38657572423908 456.96453857421875 79.69546508789062
114.41990514607016 450.8435974121094 81.33106231689453
114.6198816770566 467.7069091796875 71.98358917236328
114.6198816770566 416.6509094238281 77.14826202392578
114.65321109888767 421.4161682128906 76.77275085449219
114.68654052071874 472.390625 71.61540222167969
114.7198699425498 426.1738586425781 76.39783477783203
114.75319936438088 474.2884216308594 73.74683380126953
114.81985820804302 477.5757141113281 74.62753295898438
114.88651705170517 443.718994140625 76.16162872314453
115.21981127001588 436.619873046875 76.72241973876953
115.61976433198875 407.0907287597656 95.25276184082031
116.11970565945484 450.47216796875 95.16716003417969
116.25302334677912 469.0810852050781 113.25139617919922
116.41967045593448 477.8310852050781 134.55686950683594
116.51965872142769 497.10400390625 130.514404296875
116.55298814325877 524.171630859375 126.95384979248047
116.55298814325877 513.9056396484375 126.70761108398438
116.55298814325877 507.8565673828125 128.40057373046875
116.78629409607628 520.052490234375 130.7880859375
116.85295293973842 525.6604614257812 131.44371032714844
116.98627062706271 535.23046875 122.5174331665039
117.28623542354235 562.7835083007812 133.87449645996094
117.31956484537342 575.592041015625 131.56732177734375
117.38622368903556 592.7060546875 123.1603012084961
117.45288253269771 590.815185546875 121.04423522949219
117.65285906368415 538.5116577148438 103.88020324707031
117.68618848551522 533.3634033203125 100.88787841796875
117.71951790734629 578.5797729492188 93.67277526855469
117.71951790734629 568.9345703125 91.08048248291016
117.71951790734629 534.1848754882812 96.25274658203125
117.78617675100843 577.4694213867188 86.9786376953125
117.95282386016379 516.103271484375 70.44371032714844
117.98615328199486 513.1663818359375 61.62395477294922
118.01948270382593 540.296142578125 61.77217483520508
118.4194357657988 547.5292358398438 39.936519622802734
118.61941229678523 477.6687927246094 43.99381637573242
118.75272998410952 509.09375 40.54530334472656
118.75272998410952 496.2061767578125 42.62134552001953
118.75272998410952 458.06951904296875 44.31336975097656
118.78605940594059 469.7430419921875 43.451297760009766
118.95270651509595 467.5885925292969 60.60502243041992
119.18601246791346 370.46063232421875 88.92123413085938
119.38598899889989 362.018798828125 111.82263946533203
119.55263610805524 365.3795471191406 118.59169006347656
119.58596552988632 404.67095947265625 118.76201629638672
119.6192949517174 413.3426208496094 122.69883728027344
119.7192832172106 437.8350524902344 129.92684936523438
119.91925974819704 464.58349609375 136.90753173828125
119.91925974819704 457.4547119140625 137.54525756835938
120.01924801369026 486.46575927734375 144.2783660888672
120.0859068573524 479.0044860839844 153.15565490722656
120.15256570101454 499.0429382324219 164.19154357910156
120.15256570101454 490.4722595214844 160.30215454101562
120.21922454467669 502.362548828125 165.05145263671875
120.21922454467669 496.6831970214844 164.41473388671875
120.21922454467669 489.5926818847656 165.08535766601562
120.25255396650776 499.47760009765625 161.80300903320312
120.35254223200097 473.9470520019531 167.74462890625
120.41920107566312 537.3719482421875 155.9034881591797
120.51918934115633 526.0167236328125 148.81141662597656
120.58584818481847 508.688720703125 149.24586486816406
120.58584818481847 503.466796875 146.22689819335938
120.65250702848063 547.1973876953125 138.75006103515625
120.65250702848063 515.6074829101562 142.7881317138672
120.65250702848063 503.8976135253906 143.8563690185547
120.6858364503117 525.897705078125 143.0103759765625
120.81915413763598 529.4759521484375 135.72894287109375
120.85248355946706 549.7708129882812 130.43878173828125
121.1524483559467 534.5643310546875 113.38066864013672
121.18577777777777 538.2332763671875 111.9166259765625
121.58573083975064 466.0387878417969 92.73646545410156
122.28564869820315 430.11895751953125 115.41959381103516
122.61894291651387 440.6252746582031 115.6859359741211
122.78559002566922 407.5564880371094 139.65089416503906
122.88557829116245 408.0392150878906 143.14559936523438
122.95223713482459 424.9258117675781 141.6316375732422
123.01889597848674 384.66876220703125 158.30072021484375
123.21887250947317 409.97674560546875 169.0419158935547
123.25220193130424 402.19189453125 172.15853881835938
123.48550788412174 442.8197021484375 164.77142333984375
123.51883730595281 448.12298583984375 167.82345581054688
123.61882557144602 445.1833801269531 158.6409912109375
123.65215499327711 412.8883056640625 166.3895263671875
123.68548441510818 444.6819152832031 155.1479034423828
123.78547268060139 443.71612548828125 154.057861328125
123.81880210243246 436.02081298828125 151.22706604003906
124.01877863341889 533.1668090820312 134.23924255371094
124.15209632074318 525.124755859375 128.02418518066406
124.21875516440532 541.2144165039062 120.84051513671875
124.41873169539176 560.424072265625 114.57268524169922
124.61870822637819 543.6573486328125 106.87100219726562
124.61870822637819 540.814697265625 103.68450927734375
124.88534360102676 469.8516540527344 97.02398681640625
125.01866128835105 471.63153076171875 87.68596649169922
125.0853201320132 456.60906982421875 93.51036071777344
125.15197897567533 464.18878173828125 96.34119415283203
125.21863781933749 439.1096496582031 99.57073211669922
125.41861435032392 431.9702453613281 100.16217803955078
125.51860261581713 427.6708984375 98.20088195800781
125.7852379904657 469.2222595214844 82.15076446533203
125.81856741229679 469.2222595214844 82.15076446533203
125.98521452145214 472.5188903808594 83.03056335449219
126.21852047426964 445.6611022949219 84.0436019897461
126.28517931793179 467.7662658691406 77.69023132324219
126.6184735362425 425.28485107421875 98.39762115478516
126.71846180173573 377.6607666015625 99.98966979980469
126.81845006722894 373.735595703125 107.32670593261719
126.81845006722894 358.66265869140625 105.06285095214844
126.85177948906001 387.788818359375 108.49378967285156
126.9850971763843 385.788818359375 123.9018783569336
127.05175602004644 394.98028564453125 131.3382110595703
127.05175602004644 348.5675048828125 135.3994598388672
127.08508544187751 393.5386047363281 126.75856018066406
127.08508544187751 383.8033447265625 133.4958038330078
127.15174428553966 369.6718444824219 132.37094116210938
127.31839139469503 424.4041442871094 126.42171478271484
127.48503850385038 395.4708557128906 128.94216918945312
127.55169734751253 415.741455078125 116.6468734741211
127.61835619117467 436.78802490234375 111.3614501953125
127.68501503483681 448.22406005859375 112.7129135131836
128.25161520596504 447.6075439453125 91.94316101074219
128.45159173695146 444.2843322753906 91.06170654296875
128.45159173695146 416.67340087890625 94.47000122070312
128.71822711160004 412.8375549316406 84.36976623535156
128.81821537709325 459.31866455078125 79.5076904296875
128.85154479892432 464.0213317871094 79.13260650634766
129.0181919080797 441.4527893066406 93.59983825683594
129.1181801735729 439.5726318359375 97.21951293945312
129.31815670455933 442.4423522949219 100.45123291015625
129.61812150103898 514.6395874023438 91.02977752685547
129.65145092287005 514.6395874023438 91.02977752685547
129.7181097665322 497.86016845703125 88.98135375976562
129.75143918836326 466.0387878417969 92.73646545410156
130.11806282850506 457.5140380859375 88.83370971679688
130.25138051582937 491.2177429199219 81.52474975585938
130.28470993766044 441.8806457519531 85.49784088134766
130.41802762498472 451.7962341308594 82.40257263183594
130.551345312309 450.8859558105469 87.07166290283203
130.75132184329544 471.63153076171875 87.68596649169922
130.9179689524508 459.9748840332031 100.14909362792969
131.05128663977507 497.9500427246094 94.69625091552734
131.08461606160617 499.8505859375 96.83027648925781
131.11794548343724 507.2573547363281 93.92520904541016
131.11794548343724 478.3653259277344 100.92015075683594
131.1512749052683 506.40667724609375 98.57544708251953
131.25126317076152 514.3250122070312 99.05793762207031
131.45123970174794 495.3618469238281 108.6983413696289
131.58455738907224 507.6560363769531 116.86199188232422
131.65121623273438 505.8484191894531 120.48169708251953
131.68454565456545 503.0828857421875 123.03524780273438
131.7512044982276 508.38458251953125 131.82960510253906
131.78453392005866 509.76666259765625 130.5474090576172
131.8511927637208 514.4362182617188 130.13150024414062
131.95118102921404 481.5937194824219 133.05667114257812
132.38446351301798 528.10546875 137.0107421875
132.41779293484905 534.1202392578125 135.30982971191406
132.45112235668012 535.2018432617188 142.15977478027344
132.65109888766654 569.4382934570312 141.33604431152344
132.75108715315974 531.5086059570312 143.65774536132812
132.8177459968219 584.5200805664062 138.80091857910156
132.9510636841462 581.49951171875 129.88705444335938
132.9510636841462 543.794921875 132.12814331054688
132.98439310597726 582.8338012695312 128.62049865722656
133.25102848062585 608.1918334960938 124.06060791015625
133.85095807358513 590.649658203125 101.71654510498047
133.8842874954162 590.649658203125 101.71654510498047
133.95094633907834 567.3671264648438 100.29114532470703
134.01760518274048 570.9818725585938 98.8487319946289
134.01760518274048 565.4789428710938 98.17762756347656
134.05093460457155 584.9989013671875 95.39801025390625
134.28424055738907 592.5698852539062 63.285423278808594
134.38422882288228 528.7285766601562 57.04060363769531
134.51754651020659 511.8106994628906 38.103328704833984
134.75085246302407 488.7880859375 9.597820281982422
134.8175113066862 504.76068115234375 2.964730978012085
135.01748783767266 466.1231994628906 8.915610313415527
135.41744089964553 314.0364685058594 72.38248443603516
135.5507585869698 304.7059326171875 97.72184753417969
135.58408800880088 253.9826202392578 110.13995361328125
135.7840645397873 234.56996154785156 150.21234130859375
135.8173939616184 188.57810974121094 157.9332733154297
135.85072338344946 230.8358154296875 155.3907470703125
135.85072338344946 225.7073974609375 155.84751892089844
135.88405280528053 222.54632568359375 158.55970764160156
135.9173822271116 168.2088623046875 173.2487335205078
135.95071164894267 213.02793884277344 166.72645568847656
136.11735875809802 139.31961059570312 185.78485107421875
136.2840058672534 168.68406677246094 186.7716064453125
136.35066471091554 127.4398193359375 201.8347625732422
136.48398239823982 177.17391967773438 183.51254272460938
136.7506177728884 156.167724609375 185.46194458007812
136.78394719471947 152.17300415039062 180.8834228515625
136.78394719471947 116.05669403076172 185.45022583007812
136.95059430387482 168.94461059570312 180.57345581054688
136.9839237257059 185.0150146484375 182.78488159179688
136.9839237257059 176.1774139404297 182.37167358398438
137.01725314753696 183.77565002441406 187.83242797851562
137.1172414130302 185.39186096191406 186.44757080078125
137.18390025669234 172.67648315429688 191.34494018554688
137.18390025669234 138.73065185546875 198.27003479003906
137.25055910035448 161.89404296875 198.56240844726562
137.28388852218555 177.41773986816406 203.28964233398438
137.28388852218555 171.16188049316406 202.6474151611328
137.38387678767876 154.50796508789062 222.98590087890625
137.4505356313409 180.2961883544922 222.93682861328125
137.5838533186652 184.93240356445312 224.97509765625
137.68384158415842 201.60516357421875 240.8130340576172
138.01713580246914 203.88909912109375 279.679443359375
138.01713580246914 195.7305450439453 286.9288635253906
140.7834778144481 532.6651000976562 111.25016021728516
141.08344261092776 526.0204467773438 103.79645538330078
141.08344261092776 473.73162841796875 107.07460021972656
141.1501014545899 504.5068359375 96.44274139404297
141.18343087642097 450.0154724121094 97.51261138916016
141.35007798557632 423.81072998046875 82.33984375
141.5167250947317 426.6244812011719 68.32778930664062
141.55005451656277 426.6244812011719 68.32778930664062
142.0833252658599 459.7059326171875 18.301118850708008
142.11665468769098 466.1802978515625 14.495423316955566
142.74991370248136 462.9069519042969 60.96410369873047
142.9165608116367 507.3567199707031 99.6419448852539
142.98321965529885 501.7925720214844 130.0977325439453
143.01654907712992 507.6297302246094 142.35183715820312
143.01654907712992 500.49853515625 137.18089294433594
143.049878498961 493.1866149902344 151.8451385498047
143.11653734262313 498.9508361816406 158.33485412597656
143.21652560811637 511.774169921875 164.159423828125
143.2831844517785 472.5975036621094 174.96153259277344
143.68313751375138 482.7779235839844 151.6350860595703
143.78312577924459 465.2074890136719 152.0803985595703
143.84978462290672 456.1329040527344 150.5635528564453
143.91644346656886 451.3578796386719 151.00103759765625
143.91644346656886 416.7493896484375 152.9888916015625
144.04976115389317 429.7542724609375 147.0834197998047
144.08309057572424 444.60894775390625 143.38755798339844
144.14974941938638 437.42633056640625 144.03573608398438
144.21640826304852 441.7178955078125 140.12615966796875
144.31639652854173 410.9401550292969 140.52769470214844
144.3497259503728 415.76129150390625 134.21607971191406
144.38305537220387 452.1455383300781 128.66905212402344
144.41638479403497 469.14227294921875 119.04150390625
144.58303190319032 467.1687927246094 111.09944915771484
144.7163495905146 513.9033813476562 101.384033203125
144.8496672778389 488.6134033203125 95.46971893310547
144.91632612150104 489.48321533203125 90.8123779296875
145.04964380882532 494.8394775390625 74.39803314208984
145.24962033981174 507.7079162597656 66.5731201171875
145.34960860530498 520.825439453125 75.73579406738281
145.41626744896712 522.829345703125 83.52362060546875
145.4495968707982 518.3214721679688 89.58566284179688
145.48292629262926 528.6260375976562 95.57620239257812
145.5495851362914 505.65216064453125 108.97200775146484
145.61624397995354 542.9797973632812 117.2398452758789
145.71623224544678 503.466796875 146.22689819335938
145.81622051093998 446.6910095214844 169.1430206298828
145.88287935460212 478.25518798828125 169.69509887695312
145.88287935460212 451.5321350097656 174.6098175048828
145.88287935460212 420.6699523925781 181.13851928710938
146.0161970419264 456.37554931640625 180.0791778564453
146.18284415108178 384.43438720703125 212.37960815429688
146.24950299474392 426.0643005371094 202.16986083984375
146.31616183840606 426.0643005371094 202.16986083984375
146.31616183840606 382.9483337402344 213.74252319335938
146.34949126023713 426.0643005371094 202.16986083984375
146.3828206820682 425.5680236816406 198.6160888671875
146.3828206820682 405.0887145996094 205.46856689453125
146.44947952573034 389.3851013183594 205.8289337158203
146.74944432221 400.2080383300781 193.90736389160156
146.78277374404107 398.254638671875 191.69418334960938
146.88276200953428 423.5882263183594 184.43975830078125
147.1160679623518 557.7322387695312 117.09699249267578
147.14939738418286 547.9928588867188 114.5094985961914
147.34937391516928 608.4812622070312 81.04618072509766
147.34937391516928 593.1183471679688 80.05716705322266
147.61600928981787 638.775634765625 77.44356536865234
147.64933871164894 635.2681274414062 78.8477783203125
147.71599755531108 577.8554077148438 84.6882095336914
147.74932697714215 598.7483520507812 86.34587097167969
147.74932697714215 576.1417236328125 88.21865844726562
148.11595061728394 529.5733032226562 96.63834381103516
148.18260946094608 506.40667724609375 98.57544708251953
148.21593888277715 514.7462158203125 96.73409271240234
148.2825977264393 508.20654296875 94.99046325683594
148.2825977264393 465.19970703125 103.17510223388672
148.61589194475002 457.9658508300781 86.49879455566406
148.6492213665811 500.5232238769531 80.77538299560547
148.84919789756754 479.17620849609375 90.51114654541016
148.8825273193986 472.58319091796875 88.75557708740234
148.8825273193986 450.9284362792969 92.8239974975586
149.18249211587826 448.1842041015625 106.9173812866211
149.3491392250336 408.5268249511719 117.2627182006836
149.41579806869575 434.8962097167969 115.01180267333984
149.41579806869575 420.5416259765625 116.23712921142578
149.6157745996822 370.0540771484375 147.73878479003906
149.64910402151327 367.5152893066406 159.87567138671875
149.68243344334434 351.6982116699219 166.1177978515625
149.74909228700648 342.175537109375 176.61842346191406
149.78242170883755 396.342529296875 171.5167236328125
149.78242170883755 372.8174133300781 174.93096923828125
149.81575113066862 398.2894592285156 173.72085571289062
149.81575113066862 341.12408447265625 181.5397186279297
149.8490805524997 386.06640625 174.8769073486328
149.8490805524997 364.9170837402344 178.07833862304688
149.88240997433076 371.76226806640625 185.84185791015625
149.88240997433076 353.01544189453125 182.81976318359375
149.98239823982397 388.47125244140625 186.63638305664062
150.0823865053172 333.9447326660156 197.96832275390625
150.24903361447255 348.9707946777344 190.4507598876953
150.28236303630362 325.8992919921875 201.1866455078125
150.48233956729007 334.4523010253906 235.81373596191406
150.48233956729007 324.3726501464844 236.85980224609375
150.51566898912114 374.440185546875 231.6637725830078
150.61565725461435 377.8741455078125 238.64646911621094
150.64898667644542 356.9545593261719 239.61419677734375
150.84896320743184 367.9691162109375 233.55923461914062
150.915622051094 429.5325012207031 221.10552978515625
151.0156103165872 454.2095031738281 210.1475372314453
151.18225742574256 480.9264831542969 193.12684631347656
151.18225742574256 459.3345642089844 189.30618286132812
151.2489162694047 484.1238098144531 182.13230895996094
151.34890453489794 494.49676513671875 176.39797973632812
151.58221048771543 490.4722595214844 160.30215454101562
151.7155281750397 547.3375854492188 144.52342224121094
153.71529348490404 465.26513671875 157.95419311523438
153.91527001589048 500.00494384765625 165.27490234375
153.91527001589048 492.9208984375 165.94631958007812
153.94859943772155 541.74560546875 163.6523895263672
154.61518787434298 546.373046875 123.83491516113281
154.68184671800512 538.0845336914062 125.72012329101562
154.7151761398362 545.8287353515625 120.43495178222656
154.78183498349836 560.9742431640625 117.95830535888672
154.81516440532943 560.0264282226562 116.89624786376953
154.8484938271605 519.4072875976562 121.60363006591797
154.91515267082264 511.89324951171875 118.80032348632812
155.04847035814691 527.0886840820312 110.58271026611328
155.18178804547122 496.6578369140625 101.68709564208984
155.24844688913336 502.60736083984375 94.3104248046875
155.28177631096443 500.27960205078125 94.50326538085938
155.38176457645764 497.9500427246094 94.69625091552734
155.61507052927516 479.9838562011719 80.14347076416016
155.71505879476837 426.2083435058594 87.9139404296875
155.81504706026158 459.420654296875 90.97821044921875
155.81504706026158 456.56085205078125 87.76160430908203
155.81504706026158 443.7892761230469 87.64588928222656
156.015023591248 441.4199523925781 87.83760070800781
156.0483530130791 457.4649353027344 83.0953140258789
156.08168243491016 439.54168701171875 91.44819641113281
156.2483295440655 415.72174072265625 99.1861572265625
156.28165896589658 441.4527893066406 93.59983825683594
156.31498838772765 445.2392883300781 92.13661193847656
156.34831780955872 416.19781494140625 96.82691955566406
156.88158855885587 409.9735412597656 139.43560791015625
157.04823566801124 401.2275390625 165.09951782226562
157.04823566801124 367.93731689453125 169.39903259277344
157.2148827771666 430.29144287109375 162.39088439941406
157.2148827771666 404.1433410644531 168.39883422851562
157.28154162082873 392.43212890625 173.07968139648438
157.41485930815304 403.64837646484375 176.79580688476562
157.41485930815304 395.3545837402344 176.3890838623047
157.51484757364625 440.9173278808594 168.5035400390625
157.51484757364625 433.69427490234375 169.18527221679688
157.5815064173084 454.85150146484375 169.55447387695312
157.64816526097053 449.59539794921875 172.42279052734375
157.88147121378805 523.61376953125 168.8929443359375
157.88147121378805 466.9195556640625 180.246826171875
157.98145947928126 482.11578369140625 174.04806518554688
158.24809485392984 492.3114013671875 156.61087036132812
158.2814242757609 488.9881896972656 155.74798583984375
158.31475369759198 468.0371398925781 149.47291564941406
158.31475369759198 467.1341857910156 154.25254821777344
158.44807138491626 453.1512145996094 135.58993530273438
158.781365603227 458.7699279785156 124.59200286865234
159.08133039970664 397.41583251953125 125.24784088134766
159.1146598215377 394.5046691894531 127.8503189086914
159.1146598215377 376.52783203125 128.23377990722656
159.31463635252413 339.6051940917969 143.32025146484375
160.0812130546388 352.0359802246094 181.7080078125
160.11454247646986 321.1613464355469 183.4357147216797
160.31451900745628 329.9255065917969 199.57608032226562
160.34784842928738 303.6856384277344 207.0299072265625
160.4478366947806 322.5753479003906 222.2900390625
160.5478249602738 316.8899230957031 231.47311401367188
160.68114264759808 301.7795715332031 255.3297119140625
160.74780149126022 326.177978515625 251.49481201171875
160.8144603349224 314.0555725097656 250.30181884765625
160.88111917858453 263.71417236328125 263.1373596191406
160.98110744407774 310.3089599609375 261.8840026855469
161.11442513140202 305.2073059082031 291.2374572753906
161.11442513140202 295.2559814453125 302.4568176269531
161.78101356802347 300.6100158691406 318.32061767578125
162.18096662999633 329.0979919433594 296.084716796875
162.38094316098275 342.3370056152344 292.0740661621094
165.21394401662388 438.8886413574219 148.60922241210938
165.48057939127244 452.27801513671875 146.2159423828125
165.5472382349346 456.99847412109375 139.92681884765625
165.61389707859675 462.71710205078125 140.58297729492188
165.64722650042782 462.7720947265625 146.43515014648438
165.7805441877521 450.3934631347656 149.91310119628906
165.91386187507638 415.3002624511719 154.30458068847656
166.1471678278939 415.3126525878906 166.16262817382812
166.3471443588803 443.71612548828125 154.057861328125
166.3804737807114 423.0517578125 163.06558227539062
166.41380320254248 453.2869567871094 153.17723083496094
166.41380320254248 443.7517395019531 159.95489501953125
166.58045031169783 462.88238525390625 158.17578125
166.81375626451535 489.07012939453125 161.6082000732422
166.84708568634642 482.9292297363281 163.3616180419922
166.84708568634642 453.88427734375 168.46267700195312
166.91374453000856 450.14300537109375 181.87020874023438
167.11372106099498 518.7256469726562 183.4763946533203
167.24703874831928 534.3107299804688 186.65499877929688
167.3470270138125 555.4592895507812 190.43768310546875
167.51367412296784 561.4727172851562 188.6616973876953
167.64699181029212 577.8535766601562 192.89048767089844
167.78030949761643 590.5303344726562 198.64967346191406
167.84696834127857 595.5196533203125 195.79547119140625
167.9136271849407 602.213623046875 189.26727294921875
167.94695660677178 574.9769897460938 189.6593780517578
168.046944872265 606.9701538085938 180.62855529785156
168.08027429409606 610.9570922851562 176.74563598632812
168.11360371592716 600.4884643554688 178.94154357910156
168.1802625595893 549.0014038085938 174.6447296142578
168.21359198142036 555.8201904296875 168.14141845703125
168.24692140325143 572.39404296875 164.2212371826172
168.24692140325143 557.02978515625 161.03370666503906
168.2802508250825 542.1565551757812 161.2798309326172
168.41356851240678 598.004150390625 145.6096649169922
168.71353330888644 571.569580078125 135.3804931640625
169.0134981053661 510.30987548828125 108.57442474365234
169.18014521452145 539.735595703125 96.92828369140625
169.18014521452145 488.694091796875 101.20604705810547
169.21347463635252 538.789306640625 95.86774444580078
169.24680405818359 522.2254028320312 99.53933715820312
169.4801100110011 506.60406494140625 110.04110717773438
169.4801100110011 500.0347595214844 108.30036163330078
169.51343943283217 475.70904541015625 114.99848175048828
169.7134159638186 461.93865966796875 108.07209777832031
169.7134159638186 425.3341064453125 115.82803344726562
169.7134159638186 416.70361328125 117.73255920410156
169.98005133846718 446.84454345703125 119.80651092529297
170.0800396039604 400.3030090332031 134.40296936035156
170.11336902579146 442.6128234863281 129.5069122314453
170.3133455567779 427.8226013183594 144.90240478515625
170.34667497860897 412.8772888183594 148.61306762695312
170.5466515095954 343.1551208496094 177.73057556152344
170.61331035325753 342.1045837402344 182.65322875976562
170.6799691969197 369.8060607910156 183.62318420410156
170.71329861875077 320.9740905761719 195.58453369140625
170.74662804058184 311.80413818359375 203.7876739501953
170.94660457156826 291.201904296875 224.23751831054688
171.0132634152304 313.4722595214844 224.44143676757812
171.27989878987898 275.3201904296875 250.65975952148438
171.31322821171005 240.15084838867188 255.6128387451172
171.34655763354112 240.15084838867188 255.6128387451172
171.44654589903433 286.2750244140625 240.8135986328125
171.4798753208654 299.1452331542969 233.29676818847656
171.51320474269647 307.422607421875 223.82595825195312
171.54653416452757 247.81045532226562 222.42816162109375
171.57986358635864 251.55360412597656 217.10647583007812
171.64652243002078 268.39910888671875 198.231201171875
171.67985185185185 279.7149353027344 192.25123596191406
171.746510695514 305.1187438964844 183.7459259033203
171.9798166483315 370.7027893066406 196.79769897460938
172.01314607016258 382.5281982421875 198.05210876464844
172.04647549199365 430.40069580078125 192.1463165283203
173.84626427087153 549.71875 203.99378967285156
174.17955848918226 485.5343017578125 180.8113555908203
174.37953502016867 474.3289794921875 159.46275329589844
174.41286444199974 486.6243896484375 155.9678192138672
174.4461938638308 480.03936767578125 160.10479736328125
174.4461938638308 475.2926330566406 160.54904174804688
174.47952328566188 470.4752502441406 155.1186065673828
174.6128409729862 439.88555908203125 155.5901641845703
174.7128292384794 438.8886413574219 148.60922241210938
174.84614692580368 430.248046875 150.57504272460938
174.979464613128 438.3909912109375 145.12440490722656
175.21277056594548 404.6416931152344 154.09579467773438
175.34608825326976 414.81884765625 156.71676635742188
175.446076518763 420.1554870605469 165.70938110351562
175.5460647842562 408.51812744140625 176.3323211669922
175.6460530497494 395.3252258300781 188.3751983642578
175.6460530497494 378.6120300292969 193.61053466796875
175.67938247158048 389.4270935058594 193.75918579101562
175.74604131524262 374.58758544921875 207.30511474609375
175.84602958073586 394.3015441894531 205.33847045898438
175.912688424398 371.6034240722656 210.02914428710938
176.04600611172228 385.4159240722656 213.49339294433594
176.17932379904656 384.4606628417969 206.3201904296875
176.379300330033 370.62115478515625 208.91390991210938
176.41262975186407 374.58758544921875 207.30511474609375
176.57927686101942 349.8262939453125 203.69656372070312
176.81258281383694 373.5304260253906 218.34165954589844
176.87924165749908 411.45281982421875 221.75469970703125
176.94590050116122 433.8982849121094 217.0334014892578
177.01255934482336 453.2811279296875 215.04920959472656
177.2125358758098 479.8019714355469 218.3281707763672
177.24586529764088 448.4880676269531 221.5653076171875
177.27919471947195 452.81622314453125 217.5037078857422
177.4458418286273 432.3960266113281 206.3441925048828
177.47917125045836 435.29656982421875 203.64967346191406
177.64581835961374 485.1687316894531 189.14317321777344
177.77913604693802 459.1792907714844 171.51063537597656
177.84579489060016 472.9820251464844 166.65640258789062
177.9124537342623 507.8311462402344 153.99562072753906
178.07910084341768 495.2792053222656 134.16156005859375
178.1790891089109 465.486572265625 132.15774536132812
178.21241853074196 472.14300537109375 133.89840698242188
178.24574795257303 503.1785583496094 128.81539916992188
178.34573621806624 489.53759765625 127.70281982421875
178.3790656398973 467.4064025878906 134.32028198242188
178.47905390539054 452.1455383300781 128.66905212402344
178.5123833272216 442.6128234863281 129.5069122314453
178.77901870187017 485.1946716308594 119.96776580810547
178.77901870187017 459.6775207519531 119.86046600341797
178.8456775455323 477.1083068847656 113.72118377685547
179.17897176384304 500.49853515625 137.18089294433594
179.31228945116735 497.28375244140625 142.1280059814453
179.34561887299841 495.890625 143.42042541503906
179.37894829482948 510.82537841796875 137.41201782226562
179.71224251314018 446.5367736816406 145.5623321533203
179.91221904412663 457.4547119140625 137.54525756835938
179.9455484659577 438.8276672363281 136.8656768798828
180.4121603715927 457.6619567871094 106.119384765625
180.91210169905878 485.7600402832031 92.26426696777344
180.94543112088985 483.42047119140625 92.45672607421875
181.01208996455202 477.7840881347656 91.77252197265625
181.07874880821416 409.9691162109375 98.49906921386719
181.21206649553844 450.9284362792969 92.8239974975586
181.21206649553844 398.4378967285156 97.12178039550781
181.2453959173695 419.5485534667969 97.7110366821289
