1.1665707823649336 461.64794921875 127.83385467529297
2.1998191896024464 455.8927307128906 121.35104370117188
4.632952535677879 459.1728210449219 116.419677734375
17.931859454638122 431.9470520019531 94.37814331054688
17.965190048419977 438.6162109375 96.14246368408203
70.49420584862385 418.64739990234375 131.61331176757812
81.0266734836901 433.04962158203125 130.3474578857422
81.99326070336392 464.97808837890625 128.7058563232422
81.99326070336392 417.68304443359375 130.52462768554688
83.69312098623853 433.04962158203125 130.3474578857422
84.82636117482161 518.210205078125 206.02391052246094
84.92635295616718 481.5979919433594 208.5612335205078
84.95968354994903 483.0167541503906 207.2217559814453
86.92618858307848 440.75439453125 139.0392303466797
87.02618036442405 440.75439453125 139.0392303466797
87.55946986493373 478.2752380371094 132.18772888183594
87.75945342762486 480.1925354003906 134.34608459472656
95.02552287206932 467.8563537597656 131.94760131835938
95.75879593527013 463.56707763671875 129.99559020996094
95.9254489041794 463.1148681640625 132.3680419921875
96.69205256116207 442.1827392578125 137.73892211914062
98.29192106269113 490.25909423828125 212.45947265625
98.32525165647299 502.16375732421875 211.2384033203125
98.35858225025484 502.6003112792969 208.80776977539062
98.7585493756371 480.40533447265625 189.61264038085938
99.0585247196738 453.9304504394531 174.38059997558594
99.3585000637105 465.3807678222656 169.73822021484375
106.89121425840978 457.9105224609375 135.16604614257812
107.89113207186544 438.8276672363281 136.8656768798828
108.39109097859327 440.75439453125 139.0392303466797
108.42442157237512 440.75439453125 139.0392303466797
110.2242736365953 431.6401062011719 137.50584411621094
110.25760423037715 429.24041748046875 137.71958923339844
111.85747273190621 572.7683715820312 209.8991241455078
112.4574234199796 509.9402770996094 193.80250549316406
112.82405995158001 486.4208679199219 175.99636840820312
113.52400242099897 506.2103576660156 169.3841094970703
113.75731657747197 464.4145812988281 168.64810180664062
115.35718507900101 461.70172119140625 133.66062927246094
118.4235997069317 449.3465576171875 137.09945678710938
118.82356683231396 460.2873229980469 134.954345703125
119.12354217635065 465.9955749511719 135.6133270263672
119.72349286442405 447.4614562988281 140.78372192382812
119.7568234582059 453.65484619140625 139.05596923828125
119.82348464576961 451.2712707519531 139.26966857910156
120.12345998980632 454.1128845214844 136.67401123046875
120.15679058358818 455.0746765136719 137.7581787109375
120.25678236493374 430.204833984375 138.80809020996094
120.32344355249745 430.204833984375 138.80809020996094
121.78998967889908 426.34771728515625 134.45468139648438
121.82332027268093 426.34771728515625 134.45468139648438
122.08996502293577 434.0378723144531 137.29229736328125
122.12329561671763 470.73541259765625 135.19024658203125
123.4898499617737 456.949462890625 134.0829620361328
123.4898499617737 446.96051025390625 137.31243896484375
123.52318055555556 449.8068542480469 134.7177276611328
123.82315589959225 459.8328857421875 137.33251953125
124.72308193170234 471.18359375 132.81796264648438
124.72308193170234 459.3265380859375 133.8717041015625
124.72308193170234 448.88580322265625 139.48353576660156
124.7564125254842 466.4464416503906 133.23895263671875
124.78974311926605 457.4547119140625 137.54525756835938
124.85640430682976 474.0621337890625 136.05958557128906
124.88973490061161 474.0621337890625 136.05958557128906
125.02305727573903 471.18359375 132.81796264648438
125.15637965086646 475.9132385253906 132.39764404296875
125.62300796381243 472.6552429199219 137.35250854492188
125.85632212028541 461.2481689453125 136.03709411621094
126.15629746432211 453.6092529296875 133.21095275878906
126.18962805810396 453.1512145996094 135.58993530273438
126.35628102701324 468.366455078125 135.40170288085938
126.3896116207951 465.9955749511719 135.6133270263672
126.42294221457696 474.575439453125 139.51516723632812
127.48952121559633 457.4547119140625 137.54525756835938
127.48952121559633 449.3465576171875 137.09945678710938
128.3894472477064 448.3843078613281 136.01451110839844
128.42277784148828 449.8068542480469 134.7177276611328
128.489439029052 462.6622314453125 134.74282836914062
129.5893486238532 475.4677429199219 134.767822265625
129.72267099898062 472.6552429199219 137.35250854492188
129.85599337410804 434.5328063964844 140.7703399658203
129.8893239678899 434.5328063964844 140.7703399658203
129.92265456167175 437.3973388671875 138.16607666015625
130.52260524974514 426.36529541015625 140.3264617919922
131.05589475025482 441.6845397949219 134.2683868408203
131.0892253440367 455.9884948730469 132.99998474121094
131.72250662589195 436.90130615234375 134.69253540039062
131.7558372196738 453.10614013671875 129.7516326904297
131.8224984072375 455.9884948730469 132.99998474121094
131.85582900101937 457.9105224609375 135.16604614257812
131.95582078236492 440.7220153808594 133.18284606933594
132.0558125637105 436.90130615234375 134.69253540039062
132.15580434505605 454.57049560546875 134.2943878173828
132.28912672018348 442.1827392578125 137.73892211914062
132.32245731396534 450.8114318847656 141.655029296875
132.4224490953109 461.2481689453125 136.03709411621094
132.95573859582058 472.6552429199219 137.35250854492188
133.48902809633026 472.6552429199219 137.35250854492188
133.72234225280326 433.0986328125 142.07421875
133.9223258154944 442.6814880371094 141.21319580078125
133.95565640927623 447.4614562988281 140.78372192382812
133.9889870030581 464.58349609375 136.90753173828125
134.02231759683994 475.0218200683594 137.1403350830078
134.18897056574923 440.2886657714844 141.42819213867188
134.42228472222223 464.58349609375 136.90753173828125
134.42228472222223 447.4614562988281 140.78372192382812
134.7222600662589 450.3088684082031 138.18450927734375
135.52219431702343 447.4614562988281 140.78372192382812
136.92207925586135 447.42218017578125 134.92965698242188
136.95540984964322 442.6471252441406 135.35401916503906
136.98874044342506 443.60980224609375 136.43975830078125
137.02207103720693 443.60980224609375 136.43975830078125
137.05540163098877 466.4464416503906 133.23895263671875
137.45536875637103 442.6471252441406 135.35401916503906
137.6553523190622 441.2196960449219 136.6526336669922
137.75534410040774 470.73541259765625 135.19024658203125
137.7886746941896 449.3465576171875 137.09945678710938
137.82200528797145 450.3088684082031 138.18450927734375
137.88866647553516 435.0017395019531 138.37991333007812
138.388625382263 440.2567443847656 135.5664520263672
138.42195597604484 438.8276672363281 136.8656768798828
139.02190666411823 459.8328857421875 137.33251953125
139.95516329001018 440.75439453125 139.0392303466797
141.08840347859328 463.6228332519531 135.82513427734375
141.12173407237512 463.6228332519531 135.82513427734375
141.35504822884812 443.60980224609375 136.43975830078125
141.38837882262996 443.60980224609375 136.43975830078125
141.42170941641183 443.60980224609375 136.43975830078125
141.6550235728848 459.7809753417969 131.49652099609375
141.7216847604485 459.3265380859375 133.8717041015625
142.08832129204893 474.0621337890625 136.05958557128906
142.3216354485219 431.1693420410156 139.89669799804688
142.3882966360856 447.42218017578125 134.92965698242188
142.42162722986748 447.42218017578125 134.92965698242188
142.45495782364932 450.3088684082031 138.18450927734375
142.4882884174312 450.7687072753906 135.80213928222656
142.65494138634045 447.923095703125 138.39793395996094
142.95491673037716 478.7189636230469 129.82090759277344
143.08823910550458 473.5493469238281 132.6077117919922
143.32155326197756 465.9955749511719 135.6133270263672
143.68818979357798 435.9656982421875 139.46762084960938
143.8215121687054 427.8034973144531 139.02243041992188
144.95475235728847 474.575439453125 139.51516723632812
145.3213888888889 441.7178955078125 140.12615966796875
145.3880500764526 440.75439453125 139.0392303466797
145.4547112640163 440.75439453125 139.0392303466797
145.68802542048928 475.9815979003906 138.22117614746094
146.22131492099896 464.58349609375 136.90753173828125
146.6546126401631 446.03582763671875 142.08505249023438
146.78793501529051 465.9955749511719 135.6133270263672
147.12124095310907 453.19635009765625 141.44027709960938
147.1545715468909 453.19635009765625 141.44027709960938
147.5545386722732 463.6786804199219 141.66665649414062
147.58786926605504 471.7593994140625 142.1066131591797
147.75452223496433 463.6786804199219 141.66665649414062
148.287811735474 448.4245910644531 141.86996459960938
148.55445648572885 451.7743835449219 142.74093627929688
148.62111767329256 472.2075500488281 139.7283935546875
148.6544482670744 472.2075500488281 139.7283935546875
148.68777886085627 481.22503662109375 141.25054931640625
148.75444004841998 487.86529541015625 142.98348999023438
148.78777064220182 471.310791015625 144.48716735839844
149.05441539245666 483.7394104003906 152.71812438964844
149.12107658002037 446.61370849609375 157.32826232910156
149.88768023700305 449.9322509765625 152.30853271484375
150.58762270642202 443.60980224609375 136.43975830078125
150.78760626911316 440.75439453125 139.0392303466797
150.85426745667687 478.7901306152344 135.63662719726562
151.02092042558613 446.96051025390625 137.31243896484375
151.054251019368 444.57257080078125 137.5255889892578
151.28756517584097 454.57049560546875 134.2943878173828
151.38755695718655 454.57049560546875 134.2943878173828
151.58754051987768 441.2196960449219 136.6526336669922
151.82085467635065 437.3973388671875 138.16607666015625
152.25415239551478 455.0746765136719 137.7581787109375
152.42080536442404 465.486572265625 132.15774536132812
152.4541359582059 464.5267639160156 131.0766143798828
152.48746655198775 464.5267639160156 131.0766143798828
152.52079714576962 470.73541259765625 135.19024658203125
152.58745833333333 442.6471252441406 135.35401916503906
152.68745011467888 439.7909851074219 137.95240783691406
152.68745011467888 428.2760925292969 136.6311798095703
152.72078070846075 428.2760925292969 136.6311798095703
153.02075605249743 447.42218017578125 134.92965698242188
153.4207231778797 455.53179931640625 135.37789916992188
153.6540373343527 432.1339416503906 140.98541259765625
154.42064099133538 431.1693420410156 139.89669799804688
154.48730217889909 465.5442810058594 137.9900360107422
154.48730217889909 461.2481689453125 136.03709411621094
154.52063277268093 442.6471252441406 135.35401916503906
154.78727752293577 475.9815979003906 138.22117614746094
154.85393871049948 456.99847412109375 139.92681884765625
155.62054236748216 471.24713134765625 138.64657592773438
155.92051771151884 467.0152587890625 142.53565979003906
156.12050127420997 464.1313171386719 139.28591918945312
156.15383186799184 464.1313171386719 139.28591918945312
156.3871460244648 443.6451721191406 142.30032348632812
156.42047661824668 443.6451721191406 142.30032348632812
156.45380721202852 443.6451721191406 142.30032348632812
156.45380721202852 440.2886657714844 141.42819213867188
156.52046839959223 455.0746765136719 137.7581787109375
157.2204108690112 464.1313171386719 139.28591918945312
157.48705561926604 446.99932861328125 143.17184448242188
157.68703918195718 464.58349609375 136.90753173828125
158.15366749490315 447.4614562988281 140.78372192382812
158.35365105759428 439.82244873046875 143.8195037841797
158.4869734327217 456.0365295410156 138.84243774414062
158.98693233944954 462.2091369628906 137.11993408203125
159.0869241207951 463.6786804199219 141.66665649414062
159.12025471457696 465.0925598144531 140.36907958984375
159.3202382772681 449.3465576171875 137.09945678710938
159.62021362130477 468.8770751953125 138.85951232910156
159.72020540265035 444.57257080078125 137.5255889892578
159.78686659021406 458.87164306640625 136.2492218017578
159.85352777777777 448.88580322265625 139.48353576660156
160.45347846585116 435.9656982421875 139.46762084960938
160.6534620285423 461.3016357421875 141.8811798095703
160.720123216106 470.28680419921875 137.56484985351562
160.75345380988787 461.755615234375 139.4993896484375
160.8867761850153 464.58349609375 136.90753173828125
161.42006568552497 461.3016357421875 141.8811798095703
161.5533880606524 465.0925598144531 140.36907958984375
162.48664468654434 444.60894775390625 143.38755798339844
162.48664468654434 435.0282897949219 144.2521514892578
162.6532976554536 444.60894775390625 143.38755798339844
162.7199588430173 450.35113525390625 144.04275512695312
162.85328121814473 444.60894775390625 143.38755798339844
162.8866118119266 444.60894775390625 143.38755798339844
162.91994240570844 479.8215637207031 142.54556274414062
162.91994240570844 467.4660949707031 140.1553497314453
163.01993418705402 449.3878173828125 142.956298828125
163.11992596839957 472.2075500488281 139.7283935546875
163.15325656218144 472.2075500488281 139.7283935546875
163.18658715596328 436.9582824707031 146.43048095703125
163.21991774974515 438.3909912109375 145.12440490722656
163.28657893730886 438.8886413574219 148.60922241210938
163.31990953109073 438.8886413574219 148.60922241210938
163.88652962538225 436.9582824707031 146.43048095703125
163.91986021916412 459.4295654296875 145.5663604736328
163.95319081294596 459.4295654296875 145.5663604736328
164.61980268858306 478.4168701171875 143.84170532226562
164.65313328236493 478.4168701171875 143.84170532226562
164.71979446992864 480.338134765625 146.00558471679688
165.0531004077472 448.4649353027344 147.7375030517578
165.51972872069317 443.6806335449219 148.1730194091797
165.7197122833843 456.5904846191406 148.17196655273438
165.75304287716614 451.3578796386719 151.00103759765625
165.85303465851172 452.7822265625 149.69471740722656
166.05301822120285 449.4291687011719 148.82525634765625
166.2196711901121 442.7850646972656 158.86355590820312
166.3196629714577 488.0267028808594 154.6650848388672
166.3196629714577 473.2994689941406 152.50909423828125
166.35299356523953 473.2994689941406 152.50909423828125
166.3863241590214 459.0249938964844 153.82533264160156
166.41965475280324 464.3009033203125 156.8668670654297
166.4529853465851 457.603759765625 155.1332244873047
166.51964653414882 479.0044860839844 153.15565490722656
166.51964653414882 455.21636962890625 155.3538360595703
166.5529771279307 458.5683288574219 156.22122192382812
166.65296890927624 434.14031982421875 160.84873962402344
166.71963009683995 433.1725158691406 159.755615234375
166.75296069062182 439.88555908203125 155.5901641845703
166.78629128440366 439.88555908203125 155.5901641845703
166.78629128440366 432.204833984375 158.66258239746094
166.81962187818553 439.88555908203125 155.5901641845703
167.18625840978592 451.862060546875 154.48582458496094
167.25291959734963 477.0805358886719 150.98793029785156
167.25291959734963 446.61370849609375 157.32826232910156
167.2862501911315 446.61370849609375 157.32826232910156
168.28616800458715 469.63629150390625 165.79296875
168.3861597859327 477.7374267578125 166.20663452148438
168.51948216106013 476.3946228027344 173.41514587402344
168.552812754842 476.3946228027344 173.41514587402344
168.9861104740061 456.4244079589844 186.0190887451172
169.48606938073394 482.5606689453125 171.6443634033203
169.8193753185525 465.834716796875 167.3323974609375
169.8193753185525 457.2451477050781 169.32762145996094
171.11926847604485 488.18878173828125 166.3948211669922
171.3859132262997 485.3772277832031 169.0172576904297
