2.0997928348909656 538.9095458984375 1614.6680908203125
2.133122879889235 538.8975830078125 1614.677978515625
2.1664529248875044 538.832275390625 1614.544677734375
2.199782969885774 538.8369750976562 1614.550537109375
2.2997731048805816 538.8330078125 1614.5587158203125
2.333103149878851 538.8472290039062 1614.5301513671875
2.36643319487712 538.8472290039062 1614.5301513671875
2.3997632398753894 538.85400390625 1614.50244140625
2.433093284873659 538.864501953125 1614.5001220703125
2.4664233298719282 538.8575439453125 1614.5283203125
2.499753374870197 538.8575439453125 1614.5283203125
2.5330834198684666 538.9400024414062 1614.70654296875
2.566413464866736 538.9400024414062 1614.70654296875
2.5997435098650055 538.9545288085938 1614.7047119140625
2.6330735548632744 538.9319458007812 1614.7083740234375
2.666403599861544 538.934326171875 1614.708251953125
2.6997336448598133 538.9248657226562 1614.707275390625
2.7330636898580827 538.9254150390625 1614.7093505859375
2.7663937348563516 538.9258422851562 1614.7032470703125
2.799723779854621 538.9258422851562 1614.7032470703125
2.8330538248528905 538.9404907226562 1614.71337890625
2.8663838698511594 538.94775390625 1614.6937255859375
2.899713914849429 538.94775390625 1614.6937255859375
2.9330439598476983 538.94775390625 1614.6937255859375
2.9663740048459677 538.94775390625 1614.6937255859375
2.9997040498442367 538.9392700195312 1614.702880859375
3.33300449982693 538.856201171875 1614.6258544921875
3.3996645898234683 538.8610229492188 1614.603271484375
3.4329946348217377 538.8590698242188 1614.6011962890625
3.466324679820007 538.8590698242188 1614.6011962890625
3.499654724818276 538.8753051757812 1614.5765380859375
3.5329847698165455 538.8658447265625 1614.5980224609375
3.566314814814815 538.8718872070312 1614.598388671875
3.5996448598130844 538.87548828125 1614.6002197265625
3.6329749048113533 538.8228149414062 1614.595703125
3.6663049498096227 538.705810546875 1614.447509765625
3.699634994807892 538.851806640625 1614.624755859375
3.7329650398061616 538.849853515625 1614.6177978515625
3.7662950848044305 538.8485717773438 1614.5841064453125
3.7996251298027 538.8629760742188 1614.59814453125
3.8329551748009694 538.865478515625 1614.602783203125
3.866285219799239 538.7006225585938 1614.448974609375
3.8996152647975078 538.699951171875 1614.4556884765625
3.932945309795777 538.6969604492188 1614.4683837890625
3.9662753547940466 538.693603515625 1614.472900390625
3.999605399792316 538.6956787109375 1614.4647216796875
4.032935444790585 538.6958618164062 1614.4642333984375
4.066265489788854 538.697265625 1614.462646484375
4.099595534787124 538.716796875 1614.45458984375
4.132925579785393 538.7264404296875 1614.4498291015625
4.166255624783663 538.7031860351562 1614.46142578125
4.199585669781931 538.8102416992188 1614.57177734375
4.232915714780201 538.8133544921875 1614.5750732421875
4.26624575977847 538.8133544921875 1614.5750732421875
4.566216164762894 538.8043823242188 1614.326904296875
4.599546209761163 538.8065795898438 1614.3251953125
4.632876254759433 538.8087158203125 1614.325927734375
4.666206299757702 538.8087158203125 1614.325927734375
4.6995363447559715 538.8087158203125 1614.325927734375
4.73286638975424 538.8087158203125 1614.325927734375
4.766196434752509 538.8087158203125 1614.325927734375
4.799526479750779 538.8034057617188 1614.335693359375
4.999506749740394 538.5166015625 1614.559814453125
5.032836794738664 536.886474609375 1615.2904052734375
5.099496884735203 533.1715698242188 1618.0416259765625
5.132826929733472 530.39306640625 1619.9014892578125
5.199487019730011 525.0325317382812 1622.3719482421875
5.266147109726549 517.940185546875 1624.3184814453125
5.299477154724818 512.859375 1626.8592529296875
5.366137244721357 504.2061767578125 1625.928466796875
5.466127379716165 498.2455139160156 1616.5106201171875
5.6327776047075115 503.9027404785156 1582.1185302734375
5.832757874697127 522.002685546875 1502.9666748046875
5.932748009691935 526.5615844726562 1466.103515625
6.032738144686743 529.5728759765625 1426.714111328125
6.066068189685012 529.28369140625 1413.0343017578125
6.132728279681551 524.3388061523438 1385.9578857421875
6.16605832467982 520.7318725585938 1373.085693359375
6.19938836967809 515.6577758789062 1360.8155517578125
6.266048459674628 506.0597229003906 1335.1383056640625
7.465930079612323 456.1920166015625 600.56103515625
7.532590169608861 458.3782958984375 568.1217041015625
7.5659202146071305 460.3620910644531 554.3614501953125
7.5992502596054 462.1430358886719 542.0162353515625
7.665910349601939 462.1482238769531 520.274658203125
7.732570439598478 457.61492919921875 501.3462829589844
7.765900484596746 454.78375244140625 492.67022705078125
7.7992305295950155 450.0088806152344 484.68682861328125
7.832560574593285 444.9447021484375 477.2911682128906
7.865890619591554 440.6564025878906 469.8352966308594
7.899220664589824 435.4148864746094 461.9403076171875
7.932550709588093 428.8616027832031 454.4585266113281
7.965880754586363 423.343994140625 447.7273254394531
7.999210799584632 416.39764404296875 440.29058837890625
8.0325408445829 409.2047424316406 434.0585632324219
8.165861024575978 383.90576171875 428.32537841796875
8.199191069574248 380.1728210449219 433.82659912109375
8.265851159570786 376.9810791015625 456.6470642089844
16.66502249913465 526.6450805664062 520.5350952148438
16.69835254413292 532.0989990234375 515.6898193359375
16.73168258913119 538.1785888671875 511.71258544921875
16.76501263412946 544.0933837890625 509.0174560546875
16.865002769124263 558.8838500976562 502.8764953613281
16.898332814122533 563.4085083007812 502.6979675292969
16.96499290411907 571.4469604492188 501.6950988769531
16.99832294911734 575.6175537109375 501.7527770996094
17.06498303911388 582.6438598632812 502.3135070800781
17.13164312911042 589.1847534179688 501.77117919921875
17.164973174108688 590.0474853515625 502.7850036621094
17.231633264105227 595.151611328125 501.7173767089844
17.298293354101766 600.0112915039062 502.3443908691406
17.331623399100035 601.9461059570312 503.4873352050781
17.364953444098305 603.05908203125 504.1419372558594
17.398283489096574 603.6246948242188 505.75445556640625
17.431613534094843 603.7053833007812 506.7175598144531
17.464943579093113 603.6163330078125 508.1965637207031
17.498273624091382 602.14404296875 509.5847473144531
17.53160366908965 600.3179321289062 511.23486328125
17.56493371408792 598.8994750976562 512.4915771484375
17.59826375908619 598.7672729492188 512.4244384765625
17.63159380408446 598.7538452148438 512.4751586914062
17.66492384908273 598.7236938476562 512.3088989257812
17.698253894081 598.8528442382812 511.42205810546875
17.731583939079268 599.4376220703125 510.4610595703125
17.764913984077538 600.0532836914062 509.7056884765625
17.798244029075807 600.328125 508.8667907714844
17.831574074074073 600.3797607421875 507.3053283691406
17.864904119072342 600.5836791992188 506.2737731933594
17.89823416407061 601.1339111328125 505.4631042480469
17.93156420906888 601.4161376953125 503.6800842285156
17.96489425406715 601.6658935546875 502.8125915527344
17.99822429906542 601.943603515625 501.4791564941406
18.03155434406369 602.6358642578125 500.7667541503906
18.06488438906196 603.2966918945312 500.13214111328125
18.09821443406023 603.292236328125 500.1394958496094
18.131544479058498 602.7822265625 501.0879211425781
18.164874524056767 602.0924682617188 502.041015625
18.198204569055036 600.6168212890625 503.92828369140625
18.231534614053306 599.2391967773438 506.5781555175781
18.264864659051575 598.0831298828125 509.7644958496094
18.298194704049845 595.6746826171875 512.2882690429688
18.331524749048114 594.1533203125 515.9130859375
18.398184839044653 588.721923828125 525.82666015625
18.431514884042922 587.3590698242188 531.7039184570312
18.464844929041192 585.5968017578125 536.672607421875
18.49817497403946 584.4974365234375 543.048828125
18.53150501903773 583.976806640625 550.3112182617188
18.564835064036 583.7280883789062 558.248046875
18.59816510903427 583.1757202148438 567.3941040039062
18.63149515403254 581.180908203125 576.337158203125
18.66482519903081 579.779541015625 583.6441040039062
18.698155244029078 580.0340576171875 592.423095703125
18.731485289027347 581.1258544921875 602.1903076171875
18.764815334025617 583.3140258789062 613.37451171875
18.798145379023886 586.8143310546875 625.4802856445312
18.831475424022152 590.419189453125 638.1705932617188
18.86480546902042 596.3607788085938 652.3442993164062
18.89813551401869 602.4974365234375 668.2839965820312
18.93146555901696 609.23828125 686.171875
19.264766008999654 672.8468017578125 878.0333251953125
19.49807632398754 678.2547607421875 1012.390380859375
19.59806645898235 681.87548828125 1060.8349609375
19.631396503980618 682.7955932617188 1077.5113525390625
19.664726548978887 683.6860961914062 1095.0615234375
19.8647068189685 686.0106811523438 1206.605224609375
19.96469695396331 686.320068359375 1250.4173583984375
19.998026998961578 686.196533203125 1264.2728271484375
20.031357043959847 686.4470825195312 1279.028076171875
20.131347178954655 682.8681640625 1332.683837890625
20.53130771893389 688.3405151367188 1516.7984619140625
20.564637763932158 689.0138549804688 1530.9969482421875
20.797948078920044 696.1511840820312 1622.8818359375
21.064588438906195 699.3096313476562 1733.0860595703125
26.730696088611978 776.1859130859375 1842.14208984375
28.763828833506405 639.53662109375 501.5755920410156
28.797158878504675 643.4785766601562 489.27081298828125
28.830488923502944 648.8611450195312 479.7272033691406
28.897149013499483 660.3860473632812 470.7191467285156
28.930479058497752 665.0445556640625 467.2234191894531
28.963809103496022 668.9710083007812 464.0016784667969
28.997139148494288 672.502197265625 462.3869934082031
29.030469193492557 675.2194213867188 461.0327453613281
29.063799238490827 677.8473510742188 460.5612487792969
29.097129283489096 680.76708984375 460.4337158203125
29.130459328487365 682.3917236328125 460.1831359863281
29.163789373485635 683.5114135742188 459.6768798828125
29.230449463482174 686.7389526367188 460.0317687988281
29.263779508480443 686.0546264648438 460.061279296875
29.330439598476982 686.3236694335938 458.9061279296875
29.36376964347525 687.6959838867188 457.5521240234375
29.39709968847352 688.35791015625 457.9649658203125
29.43042973347179 688.6453247070312 457.8837890625
29.46375977847006 688.9368896484375 458.3659973144531
29.49708982346833 687.5812377929688 458.950927734375
29.563749913464868 685.0307006835938 464.2027282714844
29.597079958463137 684.9794311523438 473.80804443359375
29.630410003461407 684.3815307617188 486.2274169921875
29.663740048459676 684.4161987304688 498.9185791015625
29.697070093457945 685.3212280273438 511.6654968261719
29.730400138456215 686.2306518554688 525.1491088867188
29.763730183454484 686.8362426757812 540.2255249023438
29.797060228452754 687.9954223632812 555.762939453125
29.830390273451023 687.8800659179688 572.7999267578125
30.43033108341987 638.6257934570312 935.8086547851562
30.46366112841814 635.5323486328125 950.517333984375
30.496991173416408 634.1340942382812 964.4039306640625
30.530321218414677 632.7274780273438 978.3963012695312
30.563651263412947 631.2708129882812 991.9214477539062
30.596981308411216 630.5902709960938 1006.05029296875
30.630311353409486 629.5586547851562 1020.2387084960938
30.663641398407755 629.3054809570312 1034.89208984375
30.730301488404294 626.8697509765625 1068.36865234375
30.763631533402563 626.6084594726562 1082.5836181640625
30.796961578400833 626.9969482421875 1095.2808837890625
30.830291623399102 627.13671875 1106.541015625
30.86362166839737 627.2584838867188 1119.132080078125
30.89695171339564 627.473388671875 1130.7630615234375
30.99694184839045 626.1456298828125 1167.3193359375
31.063601938386984 625.9843139648438 1194.889404296875
31.096931983385254 625.3330688476562 1209.8662109375
31.130262028383523 624.771240234375 1224.303466796875
32.26348355832468 758.902587890625 1652.3956298828125
39.262793007961236 629.8546142578125 460.7710266113281
39.2961230529595 627.9108276367188 448.07989501953125
39.329453097957774 626.5955200195312 438.4322814941406
39.36278314295604 625.1468505859375 430.1015319824219
39.39611318795431 624.7785034179688 423.4111328125
39.42944323295258 624.6434326171875 418.5166015625
39.46277327795085 624.4285888671875 414.0702209472656
39.49610332294912 625.7279052734375 410.9112854003906
39.52943336794739 627.173583984375 409.2090148925781
39.56276341294566 628.4912109375 409.7276306152344
39.59609345794393 631.0957641601562 411.5032043457031
39.629423502942196 634.252197265625 416.89569091796875
39.66275354794047 637.8154296875 424.37591552734375
39.696083592938734 641.3858642578125 432.48297119140625
39.729413637937 645.5364379882812 440.048828125
39.76274368293527 650.3604125976562 448.5650329589844
39.79607372793354 653.8004150390625 458.6693420410156
39.82940377293181 657.3875732421875 469.3602600097656
39.86273381793008 660.2520141601562 482.7517395019531
39.89606386292835 662.2785034179688 498.2654724121094
45.76215178262375 872.6312866210938 1934.8533935546875
45.86214191761855 869.1504516601562 1901.4705810546875
45.92880200761509 868.7478637695312 1880.8074951171875
46.0287921426099 872.6398315429688 1844.2965087890625
48.061924887504325 805.2178344726562 448.90301513671875
48.128584977500864 798.2422485351562 428.38543701171875
48.1952450674974 792.2978515625 416.7073669433594
48.228575112495676 790.7094116210938 412.09375
48.26190515749394 789.4708251953125 409.5164794921875
48.295235202492215 789.4817504882812 406.56732177734375
48.32856524749048 789.6052856445312 405.9009094238281
48.361895292488754 791.2738037109375 408.084228515625
48.39522533748702 792.4317626953125 412.8604431152344
48.42855538248529 796.1537475585938 420.9962463378906
48.46188542748356 799.1807861328125 431.0793151855469
48.5285455174801 805.991943359375 452.50335693359375
48.56187556247837 810.0564575195312 462.278564453125
48.595205607476636 813.5069580078125 472.88031005859375
48.62853565247491 817.0947875976562 483.5626220703125
48.661865697473175 820.28369140625 495.33154296875
48.728525787469714 826.189697265625 522.0454711914062
48.76185583246799 828.8294067382812 539.2467041015625
48.961836102457596 839.027587890625 651.5574951171875
48.99516614745587 840.1471557617188 668.5859375
49.69509709241952 836.50830078125 1076.4130859375
57.39433748701973 951.7655029296875 451.0319519042969
57.627647802007615 944.00634765625 401.136962890625
57.82762807199723 948.9181518554688 415.7499694824219
57.860958116995505 949.9699096679688 419.9688415527344
57.994278296988576 956.731689453125 441.2994079589844
58.09426843198339 963.1173706054688 466.4648742675781
58.26091865697473 982.6162719726562 492.75439453125
58.42756888196608 1010.6112060546875 507.2911682128906
58.527559016960886 1028.4478759765625 521.9961547851562
58.594219106957425 1035.5316162109375 537.4004516601562
58.660879196953964 1036.9239501953125 557.9461059570312
58.69420924195224 1035.9571533203125 571.521240234375
58.7275392869505 1033.1033935546875 582.3536987304688
58.760869331948776 1028.9808349609375 596.6301879882812
58.79419937694704 1024.759521484375 611.608642578125
59.52746036690897 839.8125 852.96875
60.32738144686743 641.47314453125 1118.91845703125
67.69332139148494 458.2235412597656 684.7236328125
67.72665143648321 461.62640380859375 666.6183471679688
67.79331152647976 468.3767395019531 634.2877807617188
67.82664157147802 473.4586486816406 622.4842529296875
67.85997161647629 479.0185852050781 614.4430541992188
67.89330166147457 486.8392333984375 609.2830810546875
67.92663170647283 492.35882568359375 604.6334838867188
67.9599617514711 498.035400390625 602.2942504882812
67.99329179646936 503.11798095703125 599.8629760742188
68.05995188646591 512.5508422851562 598.2314453125
68.09328193146418 516.2481079101562 597.7779541015625
68.12661197646244 521.8367309570312 598.1591186523438
68.15994202146072 524.8494873046875 599.1987915039062
68.19327206645899 529.072265625 599.9215087890625
68.22660211145725 534.1864624023438 600.0255126953125
68.25993215645552 538.042724609375 599.5579223632812
68.29326220145379 541.1728515625 598.9642944335938
68.32659224645207 544.20068359375 597.664794921875
68.35992229145033 547.8577270507812 597.3751831054688
68.3932523364486 552.0178833007812 597.3512573242188
68.42658238144686 555.5715942382812 597.295166015625
68.45991242644514 558.7958374023438 597.8685302734375
68.49324247144341 561.549560546875 598.5209350585938
68.52657251644168 562.7290649414062 599.8348388671875
68.55990256143994 563.7269897460938 602.5034790039062
68.59323260643822 563.9566650390625 604.001220703125
68.62656265143649 563.9190063476562 606.7914428710938
68.65989269643475 562.3845825195312 609.4144287109375
68.69322274143302 562.1251220703125 611.2835693359375
68.7265527864313 562.0362548828125 611.87158203125
68.75988283142956 562.1107788085938 612.2113647460938
68.79321287642783 562.135498046875 612.319580078125
68.8265429214261 562.8235473632812 612.4234008789062
68.85987296642438 562.8019409179688 611.6915893554688
68.89320301142264 563.3058471679688 610.5795288085938
68.92653305642091 563.9650268554688 610.2388305664062
68.95986310141917 564.2593383789062 609.4468994140625
68.99319314641745 564.20849609375 609.10009765625
69.02652319141572 565.54541015625 607.8795166015625
69.05985323641399 566.4335327148438 607.1920166015625
69.09318328141225 567.3087768554688 606.7833251953125
69.12651332641053 567.4370727539062 606.747314453125
69.1598433714088 567.1146240234375 608.4253540039062
69.19317341640706 566.9283447265625 609.344482421875
69.22650346140533 565.8184204101562 612.1013793945312
69.2598335064036 565.090087890625 615.4410400390625
69.29316355140188 563.6312255859375 618.1019287109375
69.32649359640014 562.7252807617188 622.7158203125
69.3598236413984 561.0166015625 627.9361572265625
69.39315368639667 560.476318359375 632.9696655273438
69.42648373139495 560.9222412109375 636.92529296875
69.45981377639322 561.0897216796875 641.37939453125
69.49314382139148 561.5596313476562 645.7679443359375
69.52647386638975 562.26220703125 652.5003051757812
69.55980391138803 562.5971069335938 660.0947875976562
69.5931339563863 562.6827392578125 670.0424194335938
69.62646400138456 563.4180297851562 681.7022094726562
69.65979404638283 563.3828125 695.7457275390625
69.69312409138111 562.8787231445312 713.1032104492188
75.125921426099 519.5001220703125 1924.10986328125
75.15925147109726 519.2496337890625 1916.4757080078125
75.19258151609554 519.328125 1907.9996337890625
75.8925124610592 566.056396484375 1634.034423828125
75.92584250605746 566.6607055664062 1619.93359375
76.15915282104535 554.458984375 1521.9847412109375
76.22581291104188 546.6048583984375 1497.617431640625
76.29247300103843 537.8222045898438 1472.7176513671875
76.3258030460367 533.8192749023438 1460.3907470703125
76.82575372101073 468.8865051269531 1201.9149169921875
76.99240394600209 472.07965087890625 1129.1617431640625
77.02573399100035 472.62445068359375 1115.311279296875
77.05906403599862 473.58575439453125 1100.9998779296875
77.12572412599516 478.7408752441406 1071.03759765625
77.22571426098996 491.492431640625 1020.161865234375
77.25904430598824 496.32891845703125 999.8623046875
77.3923644859813 518.8521728515625 926.8276977539062
78.29227570093458 739.8938598632812 418.2483215332031
78.3922658359294 721.7003784179688 394.9718322753906
78.42559588092766 714.3695678710938 392.5490417480469
78.49225597092419 701.2689208984375 394.0642395019531
78.52558601592247 697.0335083007812 400.021484375
78.55891606092074 692.656005859375 408.1925048828125
78.62557615091727 687.82373046875 435.8825378417969
84.4583340256144 519.488525390625 514.5953979492188
84.52499411561094 526.1064453125 488.24853515625
84.5583241606092 528.3463745117188 480.33380126953125
84.59165420560748 533.4728393554688 474.7645568847656
84.62498425060575 537.3856811523438 471.0762939453125
84.69164434060228 544.3917846679688 467.07275390625
84.72497438560056 548.546875 465.8807067871094
84.75830443059883 550.9337768554688 465.49542236328125
84.79163447559709 554.2855224609375 466.22027587890625
84.82496452059536 557.1892700195312 466.36492919921875
84.85829456559364 559.72509765625 467.49835205078125
84.8916246105919 561.99267578125 468.8145446777344
84.92495465559017 565.041748046875 471.4083251953125
84.95828470058844 566.9252319335938 474.6229553222656
84.99161474558672 565.8875122070312 478.0282287597656
85.02494479058498 565.5486450195312 479.6648864746094
85.05827483558325 565.7882080078125 481.2648010253906
85.09160488058151 566.5584106445312 482.5508728027344
85.1249349255798 567.5657958984375 484.0605163574219
85.15826497057806 567.70849609375 484.7521667480469
85.19159501557633 567.112060546875 486.0403137207031
85.25825510557287 562.8285522460938 487.4411315917969
85.29158515057114 559.5768432617188 488.35400390625
85.3249151955694 554.7115478515625 489.5647888183594
85.42490533056421 537.2639770507812 490.76080322265625
85.45823537556248 534.2705688476562 491.0595703125
85.49156542056075 531.9697875976562 492.61077880859375
85.52489546555901 530.5599975585938 493.9428405761719
85.55822551055729 529.6162719726562 494.9967346191406
85.59155555555556 529.1778564453125 497.4103698730469
85.62488560055382 528.0857543945312 501.35333251953125
85.65821564555209 526.2413940429688 506.98602294921875
85.69154569055037 525.3706665039062 515.2767333984375
85.72487573554864 522.5029907226562 525.0249633789062
85.7582057805469 519.885986328125 533.7570190429688
85.79153582554517 519.346923828125 541.9940795898438
85.82486587054345 519.70166015625 550.1859741210938
85.85819591554171 520.114013671875 559.3020629882812
85.89152596053998 521.732666015625 568.41455078125
85.92485600553825 522.6128540039062 578.489501953125
85.95818605053653 524.1491088867188 590.298828125
86.02484614053306 530.765625 617.9208374023438
86.15816632052613 536.995361328125 691.6547241210938
86.1914963655244 537.1215209960938 707.3126220703125
86.22482641052268 535.8614501953125 720.7919311523438
86.25815645552095 533.9345703125 732.9429931640625
86.29148650051921 530.572265625 743.8505859375
86.35814659051576 521.3896484375 762.99755859375
86.42480668051229 507.5587463378906 780.2854614257812
86.45813672551056 499.25750732421875 787.9744262695312
86.5247968155071 482.21295166015625 802.5070190429688
86.55812686050537 474.6762390136719 811.7205200195312
86.6247869505019 466.9134216308594 829.4915771484375
86.65811699550018 465.58856201171875 840.4747314453125
86.69144704049845 465.5443420410156 851.9559326171875
86.72477708549671 465.4073791503906 864.7728881835938
86.75810713049498 466.0744323730469 878.5298461914062
86.79143717549326 467.13140869140625 893.103271484375
86.82476722049152 469.17376708984375 908.045654296875
86.89142731048806 471.2066345214844 941.09521484375
86.92475735548634 476.449951171875 955.2030029296875
86.9580874004846 480.6488037109375 969.3029174804688
86.99141744548287 485.542236328125 980.375
87.05807753547941 494.2444152832031 999.4630126953125
87.09140758047768 497.321044921875 1008.03515625
87.15806767047421 500.6118469238281 1022.3595581054688
87.19139771547249 501.7107238769531 1030.2105712890625
87.25805780546902 510.5265808105469 1048.0146484375
87.32471789546557 518.7242431640625 1070.1123046875
87.35804794046383 527.5679931640625 1081.4830322265625
92.4908748701973 475.0602111816406 1499.9451904296875
92.72418518518519 470.5586853027344 1405.59765625
92.75751523018346 471.2923278808594 1391.4307861328125
92.82417532017999 473.81561279296875 1361.1497802734375
92.99082554517135 486.8855285644531 1274.013916015625
93.42411613014885 490.5577392578125 1037.939697265625
93.55743631014192 475.0800476074219 977.6105346679688
93.62409640013846 466.5911865234375 948.9920043945312
93.95739685012116 413.8257751464844 763.031005859375
93.99072689511942 410.58612060546875 746.6150512695312
94.02405694011769 406.4446105957031 730.847412109375
94.09071703011423 402.7767028808594 700.5562133789062
94.1240470751125 402.2000732421875 684.0604858398438
94.15737712011077 401.6357421875 668.2493896484375
94.19070716510903 400.225341796875 651.327880859375
94.22403721010731 399.2823486328125 633.7986450195312
94.25736725510558 398.0502624511719 619.1359252929688
94.29069730010384 396.3370361328125 602.4856567382812
94.32402734510211 395.622314453125 586.8634033203125
94.35735739010039 394.9154357910156 570.8892211914062
94.39068743509866 395.4651794433594 554.374267578125
94.45734752509519 399.7061767578125 521.79248046875
94.65732779508481 433.4387512207031 425.7657470703125
94.69065784008308 439.7097473144531 414.265869140625
94.72398788508134 445.7341613769531 405.92333984375
94.75731793007961 451.63165283203125 400.4988098144531
94.82397802007615 462.0440673828125 397.0619812011719
94.85730806507442 466.55487060546875 398.11932373046875
94.89063811007269 471.1241455078125 401.68743896484375
94.92396815507097 475.3843078613281 407.1683349609375
94.95729820006923 479.56671142578125 413.9403381347656
94.9906282450675 483.040771484375 423.45977783203125
95.02395829006576 484.7730407714844 431.962158203125
95.05728833506404 485.8477783203125 440.01275634765625
95.09061838006231 486.1285400390625 448.5157165527344
95.12394842506058 484.03857421875 456.733154296875
95.15727847005884 480.8306579589844 464.65106201171875
95.19060851505712 476.21063232421875 472.406982421875
95.22393856005539 470.12115478515625 480.16064453125
95.25726860505365 463.02691650390625 487.5363464355469
95.3239286950502 444.7754821777344 503.48101806640625
95.45724887504328 399.2366027832031 536.0757446289062
95.49057892004154 390.87713623046875 545.45703125
95.55723901003807 379.316162109375 569.8666381835938
95.59056905503635 376.1981506347656 583.7803344726562
95.65722914503289 370.5343933105469 615.5839233398438
95.92386950501904 384.21295166015625 762.6658325195312
104.28971079958464 448.62969970703125 629.976806640625
104.35637088958117 447.8321533203125 596.6215209960938
104.38970093457944 448.0106506347656 580.3492431640625
104.42303097957772 448.6485595703125 563.639404296875
104.45636102457598 451.08660888671875 547.4191284179688
104.48969106957425 453.7879943847656 535.6463623046875
104.52302111457251 457.332763671875 528.0402221679688
104.5563511595708 460.4808044433594 522.5648193359375
104.58968120456906 462.99639892578125 517.3046264648438
104.62301124956733 465.3052978515625 514.8240966796875
104.68967133956387 469.1004943847656 510.2717590332031
104.72300138456214 470.42236328125 510.14227294921875
104.7563314295604 471.50738525390625 511.402587890625
104.78966147455867 472.1513977050781 516.5257568359375
104.82299151955694 470.5843811035156 524.8068237304688
104.85632156455522 469.6624450683594 536.8928833007812
104.88965160955348 466.968994140625 553.5718383789062
112.62222204915196 458.8586120605469 405.98406982421875
112.65555209415022 460.1446533203125 396.6329345703125
112.6888821391485 460.2742919921875 388.7778625488281
112.72221218414677 460.7704162597656 382.298828125
112.75554222914504 461.180419921875 376.9692077636719
112.7888722741433 461.2671203613281 373.43804931640625
112.82220231914158 460.85784912109375 369.8558654785156
112.85553236413985 461.28521728515625 368.1395568847656
112.88886240913811 458.7534484863281 367.677734375
112.92219245413638 458.0726013183594 367.69635009765625
112.95552249913464 458.1190490722656 367.58074951171875
112.98885254413293 458.04443359375 368.8883056640625
113.02218258913119 458.1638488769531 370.8231201171875
113.05551263412946 458.14453125 373.3830871582031
113.08884267912772 458.1000061035156 376.0384216308594
113.122172724126 457.296142578125 380.715576171875
113.15550276912427 456.181396484375 385.6371765136719
113.18883281412253 454.5317077636719 391.2286376953125
113.2221628591208 452.8388671875 399.4434814453125
113.25549290411908 450.2496337890625 409.5298156738281
113.28882294911735 448.08038330078125 419.6083679199219
113.32215299411561 447.732666015625 428.40802001953125
113.35548303911388 447.8767395019531 435.4940185546875
113.38881308411216 451.0339050292969 441.4661560058594
113.42214312911042 454.60101318359375 446.5841979980469
113.45547317410869 459.96624755859375 451.10546875
113.48880321910696 465.81195068359375 454.6197204589844
113.52213326410524 471.47406005859375 457.26641845703125
113.58879335410177 485.8727111816406 461.3525085449219
113.62212339910003 493.4927978515625 463.8492431640625
113.65545344409831 501.3175048828125 463.8299560546875
113.72211353409485 515.8612670898438 466.4969482421875
113.75544357909311 522.28564453125 472.3866271972656
113.82210366908966 532.7418212890625 491.6150817871094
113.88876375908619 537.8075561523438 517.6829223632812
113.92209380408447 539.5319213867188 533.20556640625
115.35528573901004 637.8500366210938 1548.102294921875
122.4545853236414 417.79254150390625 502.47784423828125
122.48791536863968 414.50091552734375 491.1446533203125
122.52124541363794 410.3658752441406 481.6053771972656
122.55457545863621 407.3714294433594 472.8768310546875
122.58790550363447 405.25872802734375 466.2459716796875
122.62123554863275 403.5813903808594 460.75030517578125
122.65456559363102 402.4322814941406 456.5550842285156
122.68789563862929 401.8496398925781 453.10211181640625
122.72122568362755 401.17205810546875 449.70947265625
122.75455572862583 400.5339050292969 447.92303466796875
122.7878857736241 400.6795959472656 446.6269226074219
122.82121581862236 400.7488708496094 446.70196533203125
122.85454586362063 400.0964660644531 446.1146545410156
122.88787590861891 401.32940673828125 446.3404541015625
122.92120595361718 403.089599609375 446.0793762207031
122.95453599861544 405.5143737792969 446.1261901855469
122.9878660436137 407.31396484375 446.86358642578125
123.02119608861199 409.1022033691406 447.0645446777344
123.05452613361025 411.9660339355469 447.9176940917969
123.08785617860852 414.8064880371094 448.0889587402344
123.12118622360678 416.3540954589844 449.53466796875
123.15451626860505 419.84716796875 453.5208435058594
123.25450640359986 422.8204650878906 491.7311096191406
123.28783644859813 424.62371826171875 503.9645690917969
123.32116649359641 426.1686096191406 515.57080078125
123.35449653859467 428.1504821777344 527.5077514648438
123.4211566285912 432.3859558105469 556.6510009765625
123.45448667358949 436.500732421875 574.787353515625
129.953845448252 553.0383911132812 528.2144165039062
129.98717549325028 548.5997924804688 511.7452392578125
130.02050553824853 544.1251220703125 499.35333251953125
130.0538355832468 538.9758911132812 491.34716796875
130.08716562824506 533.1143798828125 485.0923156738281
130.12049567324334 526.3087768554688 482.394287109375
130.15382571824162 518.1912841796875 479.70623779296875
130.18715576323987 511.4661865234375 477.2267150878906
130.22048580823815 504.88818359375 476.6962890625
130.2538158532364 501.02471923828125 476.3872375488281
130.28714589823468 497.160400390625 476.6650085449219
130.32047594323296 493.7034606933594 477.2683410644531
130.35380598823122 491.2636413574219 477.82415771484375
130.3871360332295 489.0321350097656 478.1553039550781
130.42046607822778 486.36322021484375 478.51800537109375
130.45379612322603 483.3771057128906 478.747802734375
130.4871261682243 480.08673095703125 478.8117370605469
130.52045621322256 477.0051574707031 477.4750061035156
130.55378625822084 473.6964111328125 475.6608581542969
130.58711630321912 471.0642395019531 474.5489807128906
130.62044634821737 470.7644958496094 473.8685607910156
130.65377639321565 469.82373046875 474.1481628417969
130.68710643821393 468.54425048828125 476.27838134765625
130.72043648321218 468.2233581542969 479.1582946777344
130.78709657320871 464.13092041015625 492.8742980957031
130.820426618207 461.819580078125 504.376220703125
130.85375666320527 456.84344482421875 519.193359375
138.45300692281066 372.7507019042969 710.1110229492188
138.68631723779856 362.2159729003906 578.6357421875
138.7196472827968 360.4070129394531 562.5648803710938
138.7529773277951 359.00433349609375 550.6110229492188
138.78630737279335 356.32086181640625 540.1458129882812
138.81963741779163 355.2734680175781 531.7879638671875
138.8529674627899 353.9447937011719 525.3350219726562
138.88629750778816 352.9051208496094 520.3910522460938
138.91962755278644 351.259521484375 517.712646484375
138.95295759778472 349.6247863769531 515.2048950195312
138.98628764278297 348.59130859375 513.922119140625
139.01961768778125 345.9427795410156 514.2575073242188
139.0529477327795 345.5539245605469 514.6188354492188
139.08627777777778 346.2612609863281 516.8949584960938
139.11960782277606 347.6794738769531 518.1271362304688
139.1529378677743 349.8269348144531 519.8108520507812
139.1862679127726 353.03167724609375 521.9028930664062
139.21959795777087 355.9846496582031 524.7684326171875
139.25292800276912 360.89996337890625 526.9183959960938
139.2862580477674 364.61962890625 530.9400634765625
139.31958809276566 370.4123840332031 535.2938842773438
139.35291813776394 376.6102600097656 540.5065307617188
139.38624818276222 382.6662902832031 546.9534912109375
139.41957822776047 388.7777099609375 553.9407348632812
139.45290827275875 395.6311340332031 562.4871215820312
139.486238317757 400.4844055175781 573.8715209960938
139.51956836275528 405.2658386230469 584.6731567382812
139.55289840775356 409.5201110839844 598.4801025390625
139.5862284527518 412.95587158203125 613.8771362304688
147.0854885773624 538.09130859375 491.2975158691406
147.1188186223607 548.0494995117188 479.2561340332031
147.2188087573555 573.6419067382812 456.8957214355469
147.25213880235376 580.3600463867188 452.2388610839844
147.3187988923503 589.86328125 446.7837829589844
147.35212893734857 592.5951538085938 445.9790954589844
147.38545898234685 596.0235595703125 446.32452392578125
147.4187890273451 597.107421875 448.147705078125
147.45211907234338 597.9791259765625 451.77294921875
147.48544911734166 598.4470825195312 456.68206787109375
147.5187791623399 597.0679931640625 463.1870422363281
147.5521092073382 595.2316284179688 469.09930419921875
147.58543925233644 593.8887939453125 472.5061950683594
147.61876929733472 592.39697265625 477.4291687011719
147.652099342333 591.2658081054688 481.3070373535156
147.68542938733125 588.1892700195312 485.5717468261719
147.71875943232953 585.3340454101562 490.4781799316406
147.7520894773278 581.1055908203125 495.66558837890625
147.78541952232607 576.8380737304688 500.35528564453125
147.81874956732435 571.450927734375 505.9650573730469
147.8520796123226 566.1201782226562 512.1336059570312
147.88540965732088 563.61962890625 519.4403686523438
147.91873970231916 562.6476440429688 529.4903564453125
147.9520697473174 561.0831909179688 543.152587890625
147.9853997923157 559.7274169921875 556.1439819335938
148.01872983731394 557.7557983398438 569.1717529296875
148.05205988231222 555.3060913085938 581.32080078125
148.0853899273105 552.2200927734375 593.7830200195312
148.11871997230875 547.6392822265625 606.4845581054688
148.15205001730703 542.6734619140625 619.28564453125
148.1853800623053 536.93603515625 631.8890991210938
148.25204015230184 524.1996459960938 651.3582153320312
148.31870024229838 510.9244079589844 665.3743896484375
148.35203028729666 506.57427978515625 673.9453735351562
148.3853603322949 502.2362976074219 683.4521484375
148.45202042229147 497.01507568359375 708.092041015625
148.518680512288 491.1158447265625 741.7783813476562
154.95137919695398 495.833984375 630.0850830078125
154.98470924195223 493.36724853515625 616.4568481445312
155.0180392869505 492.19464111328125 604.6725463867188
155.05136933194876 491.6821594238281 595.55419921875
155.08469937694704 492.1941833496094 587.5317993164062
155.11802942194532 494.0643005371094 580.7023315429688
155.15135946694357 497.294677734375 577.4204711914062
155.18468951194185 501.6740417480469 575.4739990234375
155.21801955694013 506.6524963378906 576.4620361328125
155.2513496019384 512.4692993164062 582.5004272460938
155.28467964693667 517.2740478515625 588.1707763671875
155.31800969193492 523.7512817382812 594.0896606445312
155.3513397369332 530.0562744140625 600.3500366210938
155.38466978193148 534.44140625 607.2445068359375
155.41799982692973 538.8399658203125 616.038330078125
155.451329871928 542.9717407226562 626.1082153320312
155.51798996192454 550.6771850585938 652.5206298828125
155.55132000692282 553.5173950195312 668.3994750976562
161.25075770162687 533.2269287109375 706.1536254882812
161.28408774662515 532.027587890625 691.9448852539062
161.3174177916234 531.7492065429688 680.5308227539062
161.38407788161993 528.7453002929688 665.6788940429688
161.4174079266182 526.3333129882812 662.1273803710938
161.48406801661474 519.9671630859375 665.1288452148438
161.51739806161302 515.0272827148438 670.5821533203125
161.58405815160955 508.07794189453125 683.3424682617188
161.65071824160609 503.466552734375 698.6738891601562
161.68404828660437 502.26617431640625 706.489990234375
161.71737833160265 500.92132568359375 716.1383056640625
161.78403842159918 499.0722351074219 740.5307006835938
161.81736846659743 499.4865417480469 754.21484375
161.8506985115957 500.38385009765625 770.814697265625
162.05067878158533 501.2417297363281 869.750244140625
162.45063932156455 503.8237609863281 1114.611083984375
162.48396936656283 504.9949035644531 1122.053466796875
162.5172994115611 505.3162841796875 1128.305908203125
162.55062945655936 507.3825378417969 1132.9979248046875
162.6172895465559 512.9425659179688 1145.8460693359375
162.68394963655246 521.7916259765625 1163.6302490234375
162.7172796815507 528.1636962890625 1173.2554931640625
168.98332814122534 552.7841796875 689.2882080078125
169.04998823122187 558.8674926757812 663.9701538085938
169.08331827622015 564.3933715820312 657.1453247070312
169.1166483212184 569.4373168945312 651.211669921875
169.21663845621322 580.9912109375 642.0462036132812
169.28329854620978 586.95751953125 639.7017822265625
169.31662859120803 589.2340698242188 639.845458984375
169.38328868120456 592.7506713867188 646.734375
169.41661872620284 592.4922485351562 656.44873046875
175.7826573208723 353.938720703125 313.4369812011719
175.81598736587054 351.6717224121094 300.28155517578125
175.84931741086882 349.48699951171875 289.508544921875
175.8826474558671 347.80804443359375 280.3341064453125
175.91597750086535 347.0226135253906 273.1007385253906
175.94930754586363 346.9970703125 266.77252197265625
175.98263759086188 349.265869140625 264.73626708984375
176.04929768085844 357.2494812011719 277.2175598144531
183.2485874004846 468.8167724609375 486.043701171875
183.28191744548286 468.9363098144531 471.652587890625
183.31524749048114 470.3826904296875 459.85028076171875
183.34857753547942 470.72674560546875 450.855712890625
183.38190758047767 470.5489807128906 444.3677978515625
183.4485676704742 471.0020751953125 434.7272033691406
183.48189771547248 471.2306213378906 433.3778076171875
183.51522776047076 471.17303466796875 433.9570617675781
183.54855780546902 470.1634521484375 438.35076904296875
183.5818878504673 467.9129943847656 443.9309997558594
183.61521789546558 466.5691223144531 449.0127868652344
183.64854794046383 465.31634521484375 455.1619567871094
183.6818779854621 465.4212341308594 460.4755859375
183.71520803046036 464.98675537109375 466.258056640625
183.74853807545864 464.3591613769531 473.2913818359375
183.78186812045692 463.5389099121094 480.45599365234375
183.81519816545517 462.5289611816406 488.419189453125
183.84852821045345 461.450439453125 498.6111755371094
183.88185825545173 460.7908630371094 508.8582458496094
183.91518830044998 460.03179931640625 521.3013305664062
183.94851834544826 457.3247985839844 534.3342895507812
183.98184839044652 455.14617919921875 546.6435546875
184.0151784354448 454.144287109375 559.3917236328125
184.04850848044308 454.188232421875 571.0182495117188
184.08183852544133 453.936767578125 582.8527221679688
184.1151685704396 453.7095642089844 594.520751953125
184.14849861543786 453.9605407714844 608.8613891601562
184.18182866043614 453.12017822265625 623.4981079101562
184.21515870543442 452.9430847167969 640.5269775390625
184.5484591554171 474.7600402832031 847.8370971679688
184.61511924541364 483.8970947265625 864.2484130859375
184.64844929041192 486.56134033203125 866.8857421875
184.68177933541017 487.7229309082031 869.0812377929688
184.71510938040845 490.07098388671875 873.0428466796875
184.78176947040498 496.9498596191406 883.88818359375
184.81509951540326 501.73223876953125 891.1453857421875
184.91508965039807 518.79052734375 923.2374877929688
