0.199978203294979 382.5706787109375 1206.5880126953125
0.29996730494246854 385.0447998046875 1205.746337890625
3.132991851621338 1147.1533203125 775.354736328125
3.199651252719664 1154.2537841796875 765.285400390625
3.2329809532688274 1156.67626953125 761.193115234375
3.2663106538179907 1157.068603515625 757.857421875
3.2996403543671535 1158.996826171875 754.1324462890625
3.332970054916317 1160.003662109375 750.4276123046875
3.36629975546548 1161.4066162109375 746.235107421875
3.3996294560146434 1161.6759033203125 743.5036010742188
3.4329591565638062 1162.744384765625 739.5215454101562
3.4662888571129695 1163.2059326171875 736.8587646484375
3.499618557662133 1163.9912109375 734.125732421875
3.532948258211296 1164.675048828125 732.0946655273438
3.5996076593096222 1164.6558837890625 728.4022827148438
3.6329373598587855 1164.512451171875 727.3260498046875
3.6662670604079484 1165.0465087890625 727.2378540039062
3.6995967609571117 1166.44775390625 727.0181884765625
3.732926461506275 1164.3492431640625 727.4395141601562
3.7662561620554382 1161.7913818359375 725.985107421875
3.799585862604601 1161.6851806640625 724.4822387695312
3.9995640658995804 1140.9625244140625 716.2576293945312
4.132882868096233 1110.4549560546875 720.16650390625
4.199542269194559 1094.7420654296875 718.486572265625
4.299531370842049 1076.15087890625 714.927978515625
4.432850173038702 1049.9517822265625 704.5677490234375
4.632828376333681 1003.4520263671875 681.0809936523438
4.699487777432007 994.0552368164062 675.6466674804688
4.799476879079497 982.6410522460938 672.6519165039062
4.8328065796286594 977.9384765625 671.3193359375
4.899465980726986 968.0220336914062 666.7459106445312
4.932795681276149 964.44384765625 664.3480834960938
4.966125381825312 960.9884033203125 661.8486328125
4.9994550823744754 957.4810180664062 658.3680419921875
5.032784782923638 954.8894653320312 655.4959716796875
5.066114483472802 951.2450561523438 652.9260864257812
5.099444184021965 948.4972534179688 649.8786010742188
5.132773884571128 945.1651611328125 645.850830078125
5.166103585120291 941.159912109375 642.1548461914062
5.199433285669454 935.0729370117188 636.9163208007812
5.266092686767781 921.0643920898438 627.184326171875
5.299422387316944 911.1190795898438 624.3348999023438
5.332752087866107 904.0587768554688 625.9590454101562
5.36608178841527 898.7767944335938 626.4635620117188
5.399411488964433 892.884033203125 625.4939575195312
5.432741189513597 890.3919067382812 625.482666015625
5.46607089006276 887.7791748046875 622.001708984375
5.4994005906119225 889.0589599609375 620.0521240234375
5.566059991710249 890.0263671875 613.1615600585938
5.632719392808576 894.6151123046875 602.460693359375
5.699378793906902 902.4812622070312 590.1944580078125
5.732708494456065 906.5830688476562 582.8134155273438
5.766038195005228 910.255615234375 576.0637817382812
5.799367895554392 913.7993774414062 567.6265258789062
5.866027296652717 917.7606201171875 556.1429443359375
5.899356997201881 917.4776000976562 552.9379272460938
5.932686697751044 915.2344970703125 549.7391967773438
5.9993460988493705 909.0408935546875 548.0535278320312
6.032675799398533 903.3968505859375 547.5625
6.8659183131276125 668.6867065429688 559.4669799804688
6.932577714225939 655.5021362304688 565.2457885742188
6.999237115324266 644.0053100585938 567.4754028320312
7.099226216971755 628.7429809570312 576.1253051757812
7.132555917520918 622.8349609375 580.9091186523438
7.665831126307529 478.4364929199219 726.2822265625
7.732490527405855 467.0165710449219 734.6929321289062
7.765820227955018 460.6985778808594 739.5360717773438
7.832479629053345 457.5677795410156 749.3101196289062
7.865809329602508 456.329833984375 754.3388061523438
7.899139030151671 458.0621643066406 759.3834838867188
7.965798431249997 461.0169982910156 770.095947265625
7.999128131799161 462.9718933105469 775.97998046875
8.032457832348324 466.23980712890625 781.4790649414062
8.065787532897486 468.9455871582031 788.0386962890625
8.09911723344665 470.5936279296875 796.254638671875
8.132446933995814 473.0262756347656 805.5248413085938
8.332425137290793 518.7915649414062 848.8491821289062
9.432305255413176 996.4789428710938 798.4329833984375
9.865591362552298 877.1979370117188 736.3623046875
9.965580464199787 858.1019287109375 715.988525390625
9.998910164748951 853.9436645507812 711.6290893554688
10.032239865298115 849.8671875 708.2922973632812
10.09889926639644 849.9625244140625 703.3573608398438
10.132228966945604 849.7208862304688 702.67431640625
10.165558667494766 849.8728637695312 701.8375244140625
10.19888836804393 851.7886352539062 700.6233520507812
10.232218068593093 853.0960693359375 697.69482421875
10.265547769142255 853.7228393554688 694.7822875976562
10.29887746969142 855.2645874023438 689.551025390625
10.365536870789745 853.6307983398438 680.1390991210938
10.398866571338909 855.2327880859375 675.1738891601562
10.432196271888072 857.229736328125 670.5071411132812
10.498855672986398 864.5790405273438 664.1852416992188
10.532185373535562 868.45556640625 662.044921875
10.565515074084724 872.1987915039062 659.729736328125
10.598844774633887 877.5030517578125 658.5291748046875
10.665504175732215 886.6498413085938 657.8322143554688
10.698833876281377 890.9838256835938 657.96240234375
10.73216357683054 893.0338134765625 661.611328125
10.765493277379704 895.4147338867188 664.6571655273438
10.798822977928866 898.3719482421875 665.3191528320312
10.83215267847803 901.2650146484375 664.5923461914062
10.898812079576356 905.9157104492188 661.6734619140625
10.93214178012552 907.532470703125 659.7025756835938
10.965471480674683 907.5184936523438 657.5796508789062
10.998801181223845 907.31201171875 655.32958984375
11.032130881773009 905.6541137695312 654.1660766601562
11.065460582322173 905.9451293945312 652.3612670898438
11.132119983420498 901.2332763671875 649.403564453125
11.165449683969662 899.761962890625 649.1614990234375
11.232109085067988 896.6356811523438 647.9901123046875
11.265438785617151 895.8310546875 647.4591064453125
11.298768486166313 894.9620361328125 646.6341552734375
11.332098186715477 893.7000732421875 646.3579711914062
11.36542788726464 892.3857421875 646.4802856445312
11.398757587813805 891.309814453125 646.3535766601562
11.432087288362967 889.8778686523438 646.3750610351562
11.46541698891213 888.27392578125 646.959716796875
11.498746689461294 885.0828247070312 648.8203735351562
11.532076390010456 883.68505859375 649.8855590820312
11.598735791108783 878.5751953125 653.312744140625
11.632065491657945 874.6389770507812 655.8675537109375
11.665395192207109 870.6965942382812 657.7194213867188
11.698724892756273 866.1725463867188 660.1390380859375
11.732054593305435 862.964111328125 660.7547607421875
11.765384293854598 860.2025756835938 660.0106201171875
11.798713994403762 858.705078125 658.7996215820312
11.832043694952924 857.2429809570312 656.6828002929688
11.865373395502088 855.1931762695312 653.7838745117188
11.898703096051252 855.033935546875 649.6018676757812
11.932032796600414 854.573974609375 644.0701293945312
11.965362497149577 854.3602905273438 639.4190063476562
11.998692197698741 855.4603881835938 635.1253662109375
12.032021898247905 856.519287109375 631.28759765625
12.065351598797067 854.1821899414062 627.81201171875
12.09868129934623 852.54931640625 624.5357666015625
12.165340700444556 848.0540161132812 615.4617919921875
12.19867040099372 844.2549438476562 610.1634521484375
12.232000101542884 840.8439331054688 604.8019409179688
12.265329802092046 835.2371215820312 599.1964721679688
12.331989203190373 826.54443359375 590.7658081054688
12.398648604288699 812.11572265625 583.4678955078125
12.465308005387024 797.6867065429688 577.73046875
12.531967406485352 778.329345703125 574.5875854492188
13.098572315821125 484.16644287109375 614.4262084960938
13.165231716919452 470.92333984375 624.0289916992188
13.198561417468614 464.49688720703125 629.1959838867188
13.231891118017778 455.43560791015625 631.9561767578125
13.298550519116104 439.3338317871094 638.283203125
13.331880219665267 429.3875427246094 640.2661743164062
13.365209920214431 425.5404052734375 641.5586547851562
13.398539620763593 421.92431640625 643.041259765625
13.431869321312757 418.26458740234375 645.4046020507812
13.46519902186192 415.99761962890625 646.3591918945312
13.498528722411084 414.2247314453125 647.6842651367188
13.531858422960246 413.7449645996094 648.5274658203125
13.56518812350941 413.4521179199219 650.5023803710938
13.598517824058574 414.36822509765625 653.1317749023438
13.631847524607736 417.3752136230469 653.1128540039062
13.6651772251569 419.3921813964844 652.5003051757812
13.698506925706063 421.206298828125 650.5825805664062
13.731836626255225 424.4150085449219 648.6063842773438
13.765166326804389 429.9339294433594 646.1571044921875
13.798496027353552 436.130859375 642.3189086914062
13.831825727902714 443.57733154296875 638.9378051757812
13.965144530099368 472.1634216308594 621.4591064453125
13.998474230648531 479.1050720214844 616.4231567382812
14.165122733394346 511.9736328125 591.1815185546875
14.231782134492674 523.5654296875 583.4818115234375
14.265111835041836 527.4122314453125 580.2666015625
14.298441535591 531.8453369140625 578.7561645507812
14.331771236140163 535.0623168945312 577.23046875
14.398430637238489 540.5902709960938 573.4832153320312
14.431760337787653 540.579345703125 573.4813232421875
14.498419738885978 538.3359985351562 570.8733520507812
14.531749439435142 535.7978515625 571.533447265625
14.598408840533468 533.3182373046875 570.8720092773438
14.665068241631793 530.0936889648438 571.2838134765625
14.698397942180957 530.0510864257812 571.4332275390625
14.731727642730121 530.0625 571.69970703125
14.765057343279283 529.0721435546875 573.4519653320312
14.83171674437761 523.2254638671875 577.046630859375
14.9317058460251 507.7215881347656 581.8599853515625
15.03169494767259 492.76123046875 587.4713745117188
15.065024648221753 492.7369689941406 588.1512451171875
15.131684049320079 493.73956298828125 588.5584106445312
15.165013749869242 494.54766845703125 588.6220703125
15.198343450418404 494.6042785644531 587.9822387695312
15.265002851516732 499.1346740722656 587.25146484375
15.298332552065894 501.87371826171875 584.9609985351562
15.331662252615057 504.6531982421875 583.955078125
15.364991953164221 505.2960205078125 583.4606323242188
15.398321653713383 506.72100830078125 582.5619506835938
15.66495925810669 528.5435791015625 564.8215942382812
15.698288958655853 528.4057006835938 561.9317626953125
15.764948359754179 528.0762329101562 557.1322631835938
15.798278060303343 526.5068969726562 555.6124267578125
15.831607760852505 525.501220703125 554.6697387695312
15.864937461401668 524.8663330078125 553.968505859375
16.06491566469665 522.1075439453125 561.979248046875
16.164904766344137 517.4097290039062 566.6786499023438
16.1982344668933 517.3828125 566.6963500976562
16.231564167442464 517.296875 566.5935668945312
16.264893867991628 518.1752319335938 565.4931030273438
16.298223568540788 518.549072265625 565.5972900390625
16.33155326908995 520.0502319335938 565.4588623046875
16.39821267018828 524.1207885742188 566.080810546875
16.431542370737443 525.4835205078125 565.9934692382812
16.464872071286607 527.1383666992188 566.195556640625
16.498201771835767 528.2869873046875 565.586669921875
16.53153147238493 529.92626953125 562.7853393554688
16.931487878974888 552.3352661132812 537.5169067382812
16.998147280073216 552.054443359375 532.0841064453125
17.098136381720707 552.0057983398438 528.2559814453125
17.131466082269867 551.670654296875 527.2896118164062
17.16479578281903 551.5172119140625 527.81494140625
17.198125483368194 547.7662963867188 529.5573120117188
17.264784884466522 538.5030517578125 532.68212890625
17.4647630877615 491.7987365722656 540.0111694335938
17.53142248885983 482.1284484863281 542.5006713867188
17.598081889958152 477.19329833984375 546.0333251953125
17.631411590507316 473.20819091796875 549.727294921875
17.698070991605643 467.0533447265625 558.1017456054688
17.764730392703967 459.4031677246094 563.467529296875
17.86471949435146 462.3977966308594 567.0575561523438
17.898049194900622 467.58941650390625 568.3435668945312
18.16468679929393 499.0461120605469 578.2197875976562
18.397994703138068 533.1597290039062 568.1194458007812
18.664632307531374 541.30908203125 562.855224609375
18.697962008080538 539.8184204101562 562.5242919921875
18.7312917086297 538.898681640625 563.8589477539062
18.764621409178865 536.7763671875 565.3126831054688
19.331226318514638 388.79998779296875 611.6445922851562
19.3645560190638 384.6567687988281 614.7774047851562
19.76451242565376 363.826171875 659.9864501953125
19.797842126202923 362.567626953125 661.6193237304688
19.931160928399574 357.41973876953125 665.225341796875
25.330572417364007 247.78433227539062 878.6696166992188
42.09541179359308 710.7546997070312 1048.26953125
42.12874149414225 710.3309326171875 1051.63232421875
42.16207119469141 710.0847778320312 1053.7021484375
42.195400895240574 713.566650390625 1051.2529296875
42.228730595789735 717.3931884765625 1046.36474609375
42.262060296338895 717.6083374023438 1043.493896484375
42.29538999688806 718.9259643554688 1039.952392578125
77.72486168064852 1298.51171875 1762.8045654296875
78.05815868614015 1271.732666015625 1799.2646484375
78.39145569163178 1253.419189453125 1802.9833984375
78.75808239767257 1252.3182373046875 1728.6517333984375
81.99106335094139 868.2483520507812 1398.276611328125
83.32425137290792 1013.8305053710938 1365.578369140625
83.39091077400624 1009.5101318359375 1351.9637451171875
83.45757017510458 1003.09375 1336.4832763671875
83.59088897730123 994.829345703125 1309.68701171875
83.6242186778504 994.9300537109375 1305.2890625
83.65754837839955 999.6790161132812 1300.5341796875
83.85752658169453 1027.4151611328125 1278.236328125
88.92364106516733 195.25685119628906 867.3546752929688
88.95697076571649 193.73313903808594 868.6113891601562
89.89020238109306 369.18084716796875 916.3176879882812
92.18995171898533 832.1915893554688 779.379150390625
93.18984273546022 727.9034423828125 623.8717041015625
95.05630596621336 741.4391479492188 703.8695678710938
95.18962476841001 757.34423828125 684.2767944335938
95.25628416950833 760.6929321289062 669.453857421875
95.32294357060667 757.8701782226562 648.8753662109375
95.38960297170499 754.2822875976562 628.7890014648438
96.2895048865324 787.2233276367188 598.708740234375
96.62280189202403 782.322998046875 643.2313232421875
96.65613159257319 779.3237915039062 641.403564453125
96.72279099367151 782.2510375976562 651.35107421875
96.75612069422068 777.809814453125 651.017333984375
96.78945039476984 775.8168334960938 654.4125366210938
96.98942859806482 745.3291015625 672.3245849609375
97.02275829861398 741.3016357421875 678.2031860351562
97.08941769971231 735.7947998046875 689.5072021484375
97.15607710081063 734.111572265625 702.8644409179688
97.22273650190897 732.773193359375 713.9368896484375
97.25606620245813 730.7509765625 716.12939453125
97.28939590300729 729.6223754882812 716.0665283203125
97.32272560355645 726.3668212890625 717.6141357421875
97.35605530410561 724.4629516601562 718.6852416992188
97.42271470520394 719.00732421875 724.8387451171875
97.4560444057531 715.5389404296875 727.7084350585938
97.48937410630226 710.4887084960938 731.5720825195312
97.58936320794976 691.1897583007812 746.8215942382812
97.65602260904808 672.9324340820312 755.6282958984375
97.85600081234307 636.7709350585938 765.9761962890625
97.88933051289223 631.79248046875 769.2743530273438
97.92266021344139 626.3528442382812 771.0159301757812
97.95598991399055 619.8718872070312 773.5653076171875
98.12263841673636 581.6718139648438 770.9378662109375
98.22262751838386 568.0963134765625 764.0451049804688
98.25595721893302 563.3103637695312 763.746337890625
98.28928691948218 559.9768676757812 761.86376953125
98.32261662003135 555.3023681640625 760.2106323242188
98.35594632058051 549.2158203125 759.4235229492188
98.455935422228 523.5753784179688 751.2070922851562
98.58925422442465 478.296875 740.6822509765625
98.65591362552298 467.5379943847656 739.6114501953125
98.7225730266213 461.7992248535156 734.5696411132812
98.75590272717047 458.8326721191406 730.0919189453125
98.78923242771963 452.98321533203125 724.7955932617188
98.8225621282688 450.37493896484375 718.18359375
98.85589182881796 447.3712158203125 710.9002075195312
98.88922152936712 446.37249755859375 706.655517578125
98.92255122991628 447.6412658691406 704.14599609375
99.02254033156377 460.4004821777344 717.350830078125
99.05587003211294 467.3710021972656 724.7219848632812
99.0891997326621 473.20404052734375 729.9254760742188
99.18918883430959 491.99285888671875 745.557373046875
99.42249673815373 527.9606323242188 784.2527465820312
99.4558264387029 532.1087036132812 789.8071899414062
99.48915613925206 537.627685546875 793.7242431640625
99.55581554035038 546.136962890625 803.5223999023438
99.62247494144871 554.0170288085938 816.940673828125
99.65580464199788 559.1387939453125 822.5673217773438
99.68913434254704 564.293212890625 830.411865234375
99.75579374364537 572.8878173828125 848.9509887695312
99.85578284529285 586.6490478515625 871.6106567382812
100.18907985078448 666.5560302734375 920.3267822265625
100.22240955133366 669.406982421875 921.3624877929688
100.32239865298114 687.8355712890625 926.5276489257812
100.42238775462863 701.2166137695312 931.9583740234375
100.45571745517779 706.0789794921875 934.8983154296875
100.48904715572695 710.3196411132812 938.0617065429688
100.58903625737445 718.3636474609375 946.2662353515625
100.65569565847277 726.6917724609375 951.1843872070312
100.68902535902193 734.2657470703125 955.4834594726562
100.75568476012026 742.2007446289062 959.309326171875
100.82234416121858 752.2692260742188 964.6253662109375
100.85567386176776 757.5235595703125 967.3643798828125
100.9889926639644 769.9511108398438 969.1018676757812
101.18897086725939 767.9475708007812 958.2259521484375
101.28895996890687 748.2090454101562 926.9037475585938
101.38894907055436 722.093505859375 883.9424438476562
101.42227877110352 715.0534057617188 871.3233032226562
101.45560847165268 708.3085327148438 858.96240234375
101.55559757330018 693.5504760742188 825.5764770507812
101.58892727384934 689.5283203125 811.9910278320312
101.6222569743985 682.9847412109375 798.2560424804688
101.75557577659515 658.6784057617188 728.6780395507812
101.78890547714431 653.94140625 714.6959838867188
101.8888945787918 649.1348876953125 687.2685546875
101.9888836804393 646.9908447265625 663.8472290039062
102.22219158428344 642.91943359375 625.2650146484375
102.2555212848326 644.865478515625 626.9546508789062
102.28885098538177 642.5642700195312 620.9265747070312
102.35551038648009 643.5701904296875 620.0838012695312
102.38884008702925 646.7118530273438 622.8602294921875
102.42216978757841 645.2381591796875 620.1837158203125
105.85512894414222 689.6993408203125 688.3999633789062
105.92178834524056 681.585205078125 696.9525146484375
105.95511804578972 675.8510131835938 702.2440795898438
106.25508535073219 634.9114379882812 774.7294311523438
106.92167936171545 818.1348266601562 744.6928100585938
107.02166846336293 822.8360595703125 756.1827392578125
107.0549981639121 823.037841796875 761.9046020507812
107.15498726555958 818.4180297851562 778.5287475585938
107.18831696610874 817.3298950195312 780.2606811523438
107.22164666665792 811.7710571289062 782.6162719726562
107.25497636720708 806.7914428710938 781.1709594726562
107.28830606775624 805.037353515625 777.7393188476562
107.35496546885457 800.4349365234375 773.582275390625
107.38829516940373 798.11767578125 771.1939697265625
107.4216248699529 792.4927978515625 768.7431030273438
107.48828427105121 781.429931640625 765.0213623046875
107.82158127654284 676.9364624023438 731.9650268554688
107.88824067764118 670.900146484375 723.1483154296875
107.9549000787395 665.4080810546875 712.73388671875
107.98822977928867 663.866943359375 707.89892578125
108.054889180387 657.0514526367188 694.986083984375
108.08821888093615 654.6964111328125 687.1660766601562
108.12154858148531 652.634521484375 681.9171142578125
108.15487828203449 651.9818725585938 678.7836303710938
108.18820798258365 653.79931640625 676.2994384765625
108.22153768313281 654.8359985351562 675.750732421875
108.25486738368197 657.3965454101562 675.40478515625
108.28819708423113 660.4613647460938 677.2315673828125
108.3215267847803 662.605712890625 680.5051879882812
108.35485648532946 665.9815673828125 684.8057250976562
108.38818618587862 668.38232421875 689.85205078125
108.42151588642778 670.0560302734375 696.1698608398438
108.45484558697694 672.7230224609375 702.3561401367188
108.48817528752612 676.6934204101562 707.3157348632812
108.6881534908211 716.5611572265625 741.711669921875
108.9547910952144 786.0783081054688 782.606201171875
109.45473660345185 834.202880859375 807.6834716796875
109.5880554056485 844.1268310546875 804.2474975585938
109.62138510619766 844.50732421875 804.149658203125
109.68804450729598 841.9163208007812 798.5435180664062
109.72137420784514 843.7861938476562 793.2020263671875
109.78803360894348 847.2815551757812 780.0089721679688
109.8546930100418 852.490966796875 768.2667236328125
109.92135241114013 857.34619140625 753.2092895507812
109.9546821116893 857.4683837890625 744.8357543945312
109.98801181223845 855.26025390625 735.089599609375
110.05467121333679 849.7560424804688 709.91162109375
110.12133061443511 843.9620361328125 682.0172119140625
110.15466031498427 842.6116333007812 670.6166381835938
110.18799001553343 839.6932983398438 660.0553588867188
110.25464941663176 838.463134765625 641.887939453125
110.28797911718092 837.3326416015625 633.67529296875
110.32130881773008 836.0466918945312 624.2625732421875
113.62094917209724 875.1207885742188 694.077392578125
113.72093827374474 884.5928344726562 709.5341186523438
113.78759767484306 892.7052612304688 720.5919189453125
113.82092737539222 895.7869262695312 726.57373046875
113.85425707594139 900.3148803710938 733.1478881835938
113.95424617758887 910.8316650390625 756.017822265625
114.0209055786872 915.5747680664062 771.8727416992188
114.05423527923637 921.345458984375 776.7177124023438
114.08756497978553 924.379638671875 782.8621215820312
114.12089468033469 929.4345703125 788.746826171875
114.15422438088385 936.8068237304688 796.0186767578125
114.22088378198218 947.2203369140625 806.8052368164062
114.25421348253134 954.4232788085938 812.5423583984375
119.12034976270917 885.2977905273438 828.8981323242188
119.22033886435665 876.6683959960938 825.1618041992188
119.25366856490582 872.3760375976562 823.5936279296875
119.38698736710246 863.9006958007812 832.8060302734375
119.42031706765164 861.9791870117188 837.5657958984375
119.4536467682008 858.1026611328125 843.8875122070312
119.48697646874996 854.5632934570312 850.0404052734375
119.68695467204493 818.560302734375 900.28759765625
119.72028437259411 813.2089233398438 907.7516479492188
119.75361407314327 809.8164672851562 915.7478637695312
119.82027347424159 804.4147338867188 930.3404541015625
119.88693287533992 799.285888671875 943.97705078125
119.92026257588908 798.4451904296875 949.5274047851562
119.95359227643824 797.6377563476562 956.2871704101562
119.9869219769874 795.4011840820312 963.0899658203125
120.02025167753656 793.4323120117188 969.6414184570312
120.1869001802824 795.0344848632812 998.2498168945312
120.22022988083155 796.2425537109375 1005.8106079101562
120.42020808412653 783.3424072265625 1075.6839599609375
131.31902016370287 419.1117248535156 766.956787109375
131.35234986425206 416.31549072265625 753.6922607421875
131.45233896589954 422.1747131347656 717.47314453125
131.55232806754702 434.7984924316406 690.3661499023438
131.58565776809618 441.2908630371094 683.8536987304688
131.88562507303865 503.33929443359375 649.0587768554688
131.95228447413697 509.2755126953125 646.0205078125
131.98561417468613 511.8948669433594 644.42431640625
132.01894387523532 516.4520874023438 644.0645751953125
132.05227357578448 517.9503784179688 644.0283203125
132.18559237798112 520.9530029296875 636.5761108398438
132.21892207853028 521.7816772460938 631.7518920898438
132.25225177907944 521.0361328125 629.3629760742188
132.3189111801778 515.4227905273438 632.3223266601562
132.3855705812761 512.9185791015625 633.444580078125
133.08549429280853 575.9057006835938 578.995849609375
133.68542890269347 587.9879760742188 574.3569946289062
133.7520883037918 594.2110595703125 578.6846923828125
134.0187259081851 629.876220703125 586.9773559570312
134.11871500983258 642.1361083984375 587.7344360351562
134.25203381202925 653.15673828125 580.822509765625
134.31869321312757 659.9849853515625 579.05126953125
134.3853526142259 666.5423583984375 577.1216430664062
134.48534171587337 673.8027954101562 574.7390747070312
134.55200111697172 676.346435546875 573.1001586914062
134.58533081752088 679.7044677734375 572.3309326171875
134.61866051807004 683.950439453125 571.9876098632812
134.6519902186192 685.7135009765625 571.3753051757812
134.68531991916836 689.3729248046875 571.2324829101562
134.71864961971752 691.3938598632812 570.190185546875
134.88529812246335 690.0265502929688 564.19970703125
134.9186278230125 689.1195068359375 561.9514770507812
134.95195752356167 686.1348266601562 559.244140625
135.01861692466 682.680419921875 559.7719116210938
135.05194662520915 680.0919189453125 559.5572509765625
135.08527632575831 676.8161010742188 560.0890502929688
135.11860602630748 672.09423828125 562.7142333984375
135.15193572685664 669.3046264648438 564.3582153320312
135.18526542740582 664.752197265625 565.8818969726562
135.21859512795498 661.7922973632812 569.0880737304688
135.25192482850414 655.17626953125 570.3598022460938
135.2852545290533 649.8938598632812 571.5545043945312
135.31858422960246 645.6975708007812 572.9445190429688
135.35191393015162 643.1713256835938 573.8048095703125
135.38524363070078 640.3049926757812 575.962158203125
135.41857333124995 636.7432861328125 577.848388671875
135.4519030317991 631.7627563476562 579.2342529296875
135.4852327323483 628.6033325195312 582.271484375
135.51856243289745 623.7288208007812 584.5272827148438
135.55189213344661 617.989013671875 587.532958984375
135.58522183399577 609.7743530273438 591.3983154296875
135.78520003729074 557.2350463867188 604.68994140625
135.85185943838908 544.8546142578125 614.8010864257812
135.88518913893824 539.508544921875 618.9256591796875
135.9185188394874 535.1475219726562 621.7091064453125
135.95184854003656 527.29296875 624.8961181640625
135.98517824058573 523.2390747070312 627.3802490234375
136.01850794113489 517.2605590820312 630.957763671875
136.1184970427824 509.07464599609375 646.6310424804688
136.18515644388071 500.39495849609375 663.4963989257812
148.61713474871857 591.32275390625 709.6373291015625
148.6837941498169 585.6278076171875 710.7191772460938
148.71712385036605 580.9652099609375 713.6546630859375
148.7504535509152 577.3568725585938 717.4109497070312
148.85044265256272 575.6743774414062 729.090576171875
148.9504317542102 576.79296875 743.0568237304688
149.05042085585768 568.6735229492188 762.1948852539062
149.08375055640684 562.4064331054688 769.89892578125
149.1504099575052 552.6243286132812 780.326416015625
149.8503336690376 532.1251220703125 743.6895751953125
150.0169821717834 534.519287109375 681.9823608398438
150.0503118723326 533.6550903320312 676.0115356445312
150.11697127343092 532.362548828125 668.427490234375
150.15030097398008 529.658203125 666.9415893554688
150.2169603750784 529.1264038085938 661.5433959960938
150.28361977617672 524.926513671875 658.3553466796875
150.31694947672588 524.8990478515625 658.1806640625
150.35027917727504 524.8132934570312 657.9813842773438
150.38360887782423 524.5335083007812 656.5236206054688
150.4169385783734 526.1409912109375 656.832763671875
150.45026827892255 527.1284790039062 656.2387084960938
150.4835979794717 526.9284057617188 656.487548828125
150.51692768002087 527.0955200195312 656.2420654296875
150.55025738057003 525.6497802734375 656.3411865234375
150.5835870811192 524.1729736328125 656.450927734375
150.61691678166835 522.765869140625 654.9922485351562
150.6502464822175 519.6444091796875 653.6766357421875
150.6835761827667 513.0123291015625 654.1806030273438
150.78356528441418 494.6753845214844 654.0917358398438
150.81689498496334 494.5325927734375 654.1719970703125
150.8502246855125 495.0352783203125 655.543212890625
150.88355438606166 498.2870788574219 656.4677734375
150.91688408661082 502.7278137207031 657.3303833007812
150.95021378715998 506.8211975097656 659.5521240234375
150.98354348770914 513.761962890625 661.9959106445312
151.0502028888075 521.4398193359375 664.6149291992188
151.08353258935665 526.7843017578125 667.3543090820312
151.15019199045497 533.8388061523438 670.2178955078125
151.2835107926516 547.8580322265625 668.1302490234375
151.3168404932008 554.006103515625 666.3198852539062
151.51681869649576 586.9736938476562 636.53173828125
151.55014839704492 594.498291015625 629.05859375
151.58347809759408 600.12646484375 622.3056640625
151.61680779814324 604.8807373046875 616.7274169921875
151.65013749869243 611.9378051757812 610.06640625
151.6834671992416 615.4363403320312 605.2932739257812
151.71679689979075 618.4439697265625 602.3297119140625
151.7501266003399 621.0335693359375 599.311279296875
151.78345630088907 622.1929931640625 597.6334838867188
151.81678600143823 621.94091796875 596.7078857421875
151.88344540253655 618.263916015625 597.2893676757812
151.9167751030857 615.3693237304688 598.0527954101562
151.98343450418406 609.947998046875 601.1052856445312
152.05009390528238 600.109130859375 604.8297729492188
152.35006121022485 541.3934326171875 604.998291015625
152.45005031187233 513.8245239257812 596.9241943359375
152.51670971297065 503.1976318359375 596.9739990234375
152.65002851516732 493.76910400390625 601.2644653320312
152.68335821571648 495.7362976074219 602.6953735351562
152.71668791626564 501.95751953125 603.6116943359375
152.78334731736396 506.2817077636719 607.3671875
152.81667701791312 511.2019348144531 607.0325317382812
153.1166443228556 585.4007568359375 572.0599365234375
153.21663342450307 603.3099975585938 557.6402587890625
153.24996312505226 609.9622802734375 554.2447509765625
153.28329282560142 614.95361328125 552.4927978515625
153.31662252615058 618.9302978515625 552.8160400390625
153.34995222669974 625.0036010742188 552.2637329101562
153.3832819272489 630.1083374023438 553.9425659179688
153.41661162779806 632.65380859375 555.7696533203125
153.48327102889638 634.2017822265625 558.9464111328125
153.51660072944554 634.2538452148438 561.1254272460938
153.54993042999473 634.238037109375 563.13671875
153.5832601305439 633.886962890625 564.6533203125
153.61658983109305 634.108154296875 566.1094360351562
153.6499195316422 633.603515625 567.7235717773438
153.68324923219137 632.6927490234375 570.1398315429688
153.71657893274053 634.2511596679688 571.7515869140625
153.7499086332897 635.7665405273438 573.3251953125
153.78323833383885 638.6212158203125 575.146484375
153.816568034388 639.1834106445312 576.4589233398438
153.84989773493717 641.5557861328125 574.134521484375
153.91655713603552 644.5938110351562 571.3057861328125
153.94988683658468 644.41357421875 572.2862548828125
153.98321653713384 648.3753662109375 573.8775024414062
154.016546237683 646.31591796875 573.383056640625
154.14986503987964 633.6719970703125 574.6885986328125
154.216524440978 620.8357543945312 575.9684448242188
154.41650264427295 589.6589965820312 584.1360473632812
154.4498323448221 585.0841064453125 586.7706909179688
154.48316204537127 584.4635620117188 589.5968017578125
154.51649174592046 579.2723388671875 592.898193359375
154.54982144646962 574.0313110351562 593.7268676757812
154.61648084756794 564.60205078125 592.3862915039062
154.6498105481171 557.6920166015625 593.0667114257812
154.71646994921542 553.7684936523438 594.9863891601562
154.78312935031374 553.1024780273438 598.9448852539062
154.81645905086293 554.3673095703125 602.3628540039062
154.8497887514121 555.147705078125 604.8997802734375
154.88311845196125 554.3001708984375 606.803955078125
154.9164481525104 552.900634765625 609.6151123046875
154.94977785305957 550.7259521484375 612.17431640625
154.98310755360873 546.5665283203125 612.72265625
155.04976695470705 532.4291381835938 614.1278686523438
155.0830966552562 526.621337890625 614.0408325195312
155.14975605635456 522.2822875976562 616.7958374023438
155.18308575690372 519.7620849609375 619.1458129882812
155.21641545745288 520.31396484375 621.150634765625
155.24974515800204 518.542236328125 624.2412719726562
155.2830748585512 520.4544677734375 629.6255493164062
155.34973425964952 515.3844604492188 632.67724609375
155.38306396019868 513.0656127929688 632.3726196289062
155.4830530618462 508.41021728515625 631.6981811523438
155.51638276239535 505.2982177734375 627.52685546875
155.5497124629445 503.46856689453125 627.042236328125
155.58304216349367 501.0920715332031 627.541748046875
155.61637186404283 497.9703674316406 627.68896484375
155.649701564592 495.4877624511719 629.5279541015625
155.68303126514115 493.13629150390625 630.7551879882812
155.81635006733782 476.0545959472656 632.3473510742188
155.84967976788698 467.53826904296875 631.74169921875
155.88300946843614 463.00439453125 630.2166137695312
155.9163391689853 460.9676208496094 630.3600463867188
156.04965797118194 456.0467529296875 637.9284057617188
156.1163173722803 455.265625 644.80517578125
156.24963617447693 447.2762451171875 652.6752319335938
156.31629557557525 441.1054382324219 657.8410034179688
156.38295497667357 441.7568664550781 660.1339111328125
156.41628467722276 442.7514953613281 661.2401733398438
156.44961437777192 442.5984191894531 663.4395751953125
156.48294407832108 440.6809997558594 666.9894409179688
156.51627377887024 440.86907958984375 669.3513793945312
156.5496034794194 437.73040771484375 672.2992553710938
156.58293317996856 434.0419006347656 676.4248657226562
156.64959258106688 422.03619384765625 685.9390258789062
156.84957078436187 372.80816650390625 706.5311279296875
156.9162301854602 367.22698974609375 718.1637573242188
156.9828895865585 358.8779296875 719.88818359375
157.08287868820602 340.31072998046875 724.9694213867188
157.14953808930434 333.3243713378906 735.5488891601562
157.1828677898535 331.5575866699219 742.1844482421875
157.31618659205014 341.7773742675781 766.083740234375
157.4495053942468 334.02838134765625 804.1005249023438
157.5494944958943 327.8994445800781 824.2071533203125
157.6161538969926 333.705078125 828.2704467773438
157.64948359754177 339.5889587402344 828.334228515625
157.71614299864012 345.36016845703125 828.0593872070312
157.74947269918928 346.6875305175781 828.8895263671875
157.78280239973844 347.7015380859375 829.83349609375
157.94945090248424 346.407470703125 850.730224609375
157.98278060303343 343.07672119140625 859.7758178710938
158.11609940523007 333.291015625 902.3329467773438
158.14942910577923 337.08099365234375 911.172607421875
158.68270431456585 551.4298095703125 971.51953125
159.51594682829491 918.8328247070312 722.6300659179688
159.58260622939326 929.3087158203125 700.2576293945312
159.68259533104074 931.1599731445312 692.6072387695312
159.94923293543405 872.0089721679688 689.0659790039062
164.0821158035303 565.774658203125 599.2449951171875
165.68194142989012 634.482666015625 595.5342407226562
170.98136381720707 571.8914184570312 823.515869140625
171.0480232183054 565.2130126953125 823.4918823242188
171.08135291885455 559.3028564453125 824.5130004882812
171.38132022379702 464.39215087890625 810.4230346679688
171.4813093254445 457.5489501953125 794.9177856445312
171.54796872654282 455.2851867675781 778.9278564453125
171.6812875287395 460.3913879394531 751.7550659179688
171.7479469298378 466.66082763671875 740.173583984375
171.8479360314853 476.6983642578125 723.8692626953125
171.88126573203445 480.7828063964844 717.666748046875
171.91459543258364 485.676025390625 711.6506958007812
171.9479251331328 486.6875305175781 706.4302368164062
172.01458453423112 489.90020751953125 697.8251953125
172.04791423478028 489.9506530761719 694.7548828125
172.08124393532944 491.49151611328125 692.6917724609375
172.1145736358786 492.71246337890625 691.1756591796875
172.14790333642776 495.9203796386719 688.6409301757812
172.18123303697692 496.94342041015625 686.5818481445312
172.21456273752608 495.23553466796875 685.150634765625
172.24789243807527 496.37677001953125 682.3101806640625
172.28122213862443 496.67462158203125 679.737548828125
172.3145518391736 496.7047424316406 675.981201171875
172.34788153972275 494.78179931640625 671.4699096679688
172.3812112402719 491.3992614746094 665.5027465820312
172.41454094082107 489.8948059082031 658.8135375976562
172.44787064137023 487.3211364746094 653.565185546875
172.4812003419194 486.9593811035156 649.2390747070312
172.51453004246855 485.95013427734375 646.2723388671875
172.5478597430177 485.922607421875 644.8630981445312
172.5811894435669 484.306640625 644.7781372070312
172.61451914411606 482.71307373046875 646.3819580078125
172.64784884466522 482.8752746582031 648.9217529296875
172.71450824576354 481.0857238769531 655.44873046875
172.7478379463127 477.79156494140625 658.2567749023438
172.9478161496077 474.47821044921875 655.1828002929688
172.98114585015685 474.6181945800781 657.6251220703125
173.014475550706 478.02398681640625 658.5432739257812
173.04780525125517 481.5289611816406 659.7470092773438
173.1144646523535 486.7810974121094 664.1334228515625
173.14779435290265 490.25299072265625 665.0386352539062
173.1811240534518 494.0791015625 666.560791015625
173.214453754001 497.78619384765625 670.4075927734375
173.28111315509932 498.7104187011719 675.0130615234375
173.31444285564848 503.16204833984375 674.52392578125
173.34777255619764 507.298828125 673.190185546875
173.3811022567468 514.37939453125 672.3461303710938
173.48109135839428 529.506103515625 673.8182373046875
173.54775075949263 529.3262939453125 673.952392578125
173.8143883638859 507.0251159667969 677.037109375
173.8477180644351 506.53399658203125 681.09033203125
173.88104776498426 507.7413330078125 685.1406860351562
174.14768536937757 506.933837890625 705.088623046875
174.71429027871332 544.0100708007812 786.6693115234375
174.81427938036083 557.6340942382812 791.9664306640625
174.84760908091 561.7145385742188 789.269775390625
174.88093878145915 567.64013671875 785.1165161132812
174.9142684820083 573.5986938476562 782.0527954101562
175.0142575836558 590.5929565429688 773.8643798828125
175.04758728420495 596.46435546875 770.0280151367188
175.0809169847541 599.2664184570312 765.43359375
175.1142466853033 602.0208740234375 760.0025024414062
175.14757638585246 603.1503295898438 754.1875610351562
175.18090608640162 602.8550415039062 745.4978637695312
175.21423578695078 602.112548828125 736.2775268554688
175.24756548749994 600.9569702148438 728.332275390625
175.2808951880491 603.40283203125 721.735107421875
175.31422488859826 605.9913330078125 715.293701171875
175.34755458914742 610.7979736328125 710.064697265625
175.58086249299157 658.0707397460938 680.0211181640625
175.61419219354073 663.7477416992188 673.8439331054688
175.68085159463905 674.5690307617188 662.4993286132812
175.7141812951882 679.90771484375 659.1235961914062
175.78084069628656 688.91552734375 653.629638671875
175.81417039683572 695.9652709960938 652.3493041992188
175.84750009738488 698.956298828125 651.9663696289062
176.04747830067987 701.7664184570312 648.0598754882812
176.08080800122903 700.1661987304688 648.245361328125
176.1141377017782 698.337646484375 648.4356079101562
176.21412680342567 687.8040771484375 653.9201049804688
176.24745650397483 685.7002563476562 655.9219970703125
176.31411590507315 681.6461791992188 661.14013671875
176.3474456056223 679.0325927734375 664.8014526367188
176.3807753061715 674.8541259765625 667.2237548828125
176.41410500672066 673.0003662109375 668.9631958007812
176.44743470726982 672.7931518554688 669.2843627929688
176.48076440781898 674.3954467773438 668.8175048828125
176.51409410836814 675.7562255859375 669.013671875
176.5474238089173 675.0447387695312 669.9234008789062
176.58075350946646 675.030517578125 669.5631713867188
176.61408321001562 674.6683349609375 670.0302124023438
176.64741291056478 672.4122314453125 670.300048828125
176.68074261111397 669.8467407226562 668.9067993164062
176.78073171276145 657.746337890625 667.6318969726562
176.84739111385977 645.2342529296875 664.8723754882812
176.88072081440893 644.1470336914062 663.7191162109375
176.9140505149581 646.9835205078125 665.7535400390625
177.0140396166056 652.312744140625 657.7417602539062
177.28067722099888 672.4744873046875 602.6987915039062
177.5473148253922 706.9130249023438 559.0908203125
178.54720584186708 637.2005615234375 579.3095092773438
178.58053554241627 636.5048217773438 577.9783325195312
178.61386524296543 634.8269653320312 577.6517333984375
178.68052464406375 628.2113037109375 574.1245727539062
178.7138543446129 627.1239624023438 573.7903442382812
178.74718404516207 628.2474975585938 575.2376098632812
178.8138434462604 631.2413940429688 583.9866333007812
178.8805028473587 632.2586669921875 599.0784912109375
178.9138325479079 629.42236328125 607.0242919921875
178.94716224845706 626.9291381835938 612.5704345703125
178.98049194900622 622.7237548828125 615.29638671875
179.01382164955538 614.8842163085938 619.2689208984375
179.21379985285037 573.2503662109375 632.2017211914062
179.24712955339953 567.2313842773438 635.3801879882812
179.2804592539487 561.204345703125 638.7503051757812
179.347118655047 551.743896484375 644.300048828125
179.38044835559617 545.7371215820312 645.2286376953125
179.41377805614533 540.0782470703125 643.5071411132812
179.4471077566945 534.8298950195312 639.0604248046875
179.48043745724365 529.9718017578125 635.0669555664062
179.547096858342 523.08837890625 621.7034301757812
179.58042655889116 523.3165283203125 615.1085815429688
179.9137235643828 575.1842041015625 639.8284301757812
179.9803829654811 573.1824340820312 641.6591796875
180.01371266603027 572.9530639648438 643.1399536132812
180.7136363775627 769.003173828125 632.807373046875
180.74696607811185 771.3043823242188 635.99658203125
180.8136254792102 780.334228515625 643.8023681640625
180.84695517975936 781.8028564453125 646.8568725585938
180.88028488030852 783.2981567382812 651.5546264648438
181.08026308360348 782.8864135742188 653.3209838867188
181.11359278415267 780.53076171875 653.4194946289062
181.180252185251 775.880615234375 654.7970581054688
181.21358188580015 770.3919067382812 654.93798828125
181.2469115863493 764.68603515625 653.8385009765625
181.31357098744763 754.03955078125 653.3076782226562
181.48021949019346 725.6285400390625 640.6319580078125
181.51354919074262 724.5574951171875 640.9906005859375
181.54687889129178 720.5476684570312 637.9305419921875
181.58020859184094 719.8425903320312 636.1956787109375
181.64686799293926 720.57373046875 630.947265625
181.68019769348842 720.5738525390625 627.8603515625
181.74685709458677 720.4862060546875 623.5198364257812
181.84684619623425 725.802001953125 613.3521728515625
181.8801758967834 729.8939819335938 609.6452026367188
182.01349469898005 744.279541015625 596.2980346679688
