3.032975673165995 282.0676574707031 299.15447998046875
14.664937320802613 242.10543823242188 309.0838623046875
43.12824748436041 250.352783203125 329.4248962402344
62.05934838939651 236.976806640625 312.1755065917969
93.95558706214219 250.17153930664062 312.6592102050781
122.4188972257 211.3328094482422 246.7358856201172
122.45222662870181 212.12939453125 247.66189575195312
122.48555603170364 210.99368286132812 247.0474090576172
123.01882647973282 204.77978515625 256.810302734375
123.1188146887383 204.90187072753906 258.7723388671875
123.15214409174013 204.88677978515625 258.0467834472656
123.18547349474194 205.4962158203125 258.838134765625
123.21880289774377 205.5161895751953 259.16943359375
123.25213230074559 205.9362335205078 258.2070617675781
123.45210871875653 211.80726623535156 258.1791687011719
123.51876752476018 215.6256103515625 258.8283996582031
123.61875573376565 218.53262329101562 252.68345642089844
123.78540274877479 224.1182098388672 248.3509063720703
123.88539095778025 224.44711303710938 247.68052673339844
123.9520497637839 226.96820068359375 245.07736206054688
123.98537916678572 225.24285888671875 245.4332733154297
124.01870856978755 225.26699829101562 245.80517578125
124.05203797278938 224.910888671875 245.55831909179688
124.25201439080031 218.68666076660156 250.83688354492188
124.28534379380214 217.6300048828125 251.9058837890625
124.41866140580943 212.84799194335938 254.8759765625
124.45199080881126 211.58413696289062 256.64739990234375
124.48532021181309 210.97679138183594 256.6885986328125
124.5186496148149 209.6627655029297 257.4179992675781
124.55197901781673 209.66200256347656 257.978271484375
125.35188468986051 211.53028869628906 246.3308563232422
125.48520230186782 213.96157836914062 250.3717803955078
128.28487215402103 204.29588317871094 264.4269104003906
132.75101215626546 254.1942138671875 251.35467529296875
133.61757663431288 238.1532440185547 264.42791748046875
188.0444917362917 232.87608337402344 292.6105041503906
