0.6999806259314456 787.8380737304688 1486.9688720703125
0.7333130366900859 787.7842407226562 1486.4605712890625
0.7666454474487261 787.8538208007812 1485.5836181640625
0.7999778582073663 787.5935668945312 1485.118408203125
0.8333102689660067 786.95947265625 1484.581298828125
0.8666426797246469 786.656494140625 1483.9998779296875
0.8999750904832872 786.3944091796875 1483.7147216796875
0.9333075012419274 785.6859741210938 1483.16748046875
0.9666399120005678 785.3950805664062 1483.051513671875
0.999972322759208 785.456787109375 1482.58642578125
1.0333047335178482 784.774169921875 1482.703125
1.0666371442764886 784.7234497070312 1482.161865234375
1.0999695550351287 784.5210571289062 1481.564453125
1.133301965793769 784.396240234375 1481.89013671875
1.5999557164147327 781.5834350585938 1487.95849609375
1.633288127173373 781.7431030273438 1488.7705078125
1.6666205379320134 781.6949462890625 1489.6492919921875
1.6999529486906535 782.3614501953125 1490.765869140625
1.7332853594492938 782.52685546875 1491.5516357421875
1.9332798240011355 786.1148681640625 1495.0283203125
1.9666122347597756 786.6470947265625 1496.123779296875
1.999944645518416 786.8638305664062 1497.0638427734375
2.0332770562770563 787.550537109375 1497.7935791015625
2.0666094670356965 787.9299926757812 1499.7940673828125
2.0999418777943366 788.1947631835938 1500.5428466796875
2.133274288552977 788.3506469726562 1501.7451171875
2.1666066993116173 787.2169799804688 1503.0380859375
2.233271520828898 783.427978515625 1508.0567626953125
2.266603931587538 780.7603149414062 1509.8690185546875
2.3332687531048184 774.8115234375 1513.8328857421875
2.399933574622099 767.7281494140625 1518.3648681640625
2.49993080689802 756.476318359375 1522.0220947265625
2.5665956284153006 752.6243286132812 1521.6630859375
2.666592860691221 756.1173706054688 1509.1563720703125
2.6999252714498616 758.1768798828125 1504.8111572265625
2.8332549144844226 774.7425537109375 1465.048583984375
2.8999197360017033 783.6818237304688 1441.38232421875
3.0665817897949044 797.966796875 1384.4661865234375
3.0999142005535445 799.2073974609375 1373.1563720703125
3.133246611312185 799.81640625 1362.0380859375
3.266576254346746 796.0746459960938 1310.5606689453125
3.3332410758640267 789.4212646484375 1284.58203125
3.399905897381307 780.03466796875 1258.239990234375
3.499903129657228 764.564453125 1215.0181884765625
3.866559648002271 700.5056762695312 998.5947875976562
3.9332244695195513 697.5419921875 964.5107421875
3.9665568802781914 697.2091064453125 948.3529052734375
4.099886523312753 696.5147705078125 880.7254028320312
4.133218934071393 697.1583251953125 864.1492919921875
4.166551344830033 696.2513427734375 849.1216430664062
4.233216166347313 701.201416015625 816.1433715820312
4.2998809878645945 706.6857299804688 782.9674682617188
4.333213398623235 711.6060791015625 764.6526489257812
4.533207863175076 741.647216796875 643.72802734375
4.566540273933716 745.3023681640625 625.146484375
4.633205095450997 749.678466796875 594.2437744140625
4.666537506209637 751.8552856445312 579.1183471679688
4.699869916968278 754.6342163085938 564.88671875
4.733202327726918 758.8113403320312 551.076171875
4.799867149244198 763.3911743164062 530.9638061523438
4.833199560002838 763.377685546875 525.1248168945312
4.8665319707614785 763.2117309570312 519.6242065429688
4.8998643815201195 761.8598022460938 514.0703735351562
4.9665292030374 755.8231201171875 506.0444030761719
4.99986161379604 751.4279174804688 503.8409118652344
5.06652643531332 742.3363647460938 496.8121032714844
5.09985884607196 738.490966796875 494.5456237792969
5.166523667589241 732.01806640625 493.5937194824219
5.233188489106522 726.7044677734375 500.31036376953125
5.299853310623802 720.276611328125 517.6011962890625
5.333185721382442 716.4244995117188 530.216064453125
11.433016890213612 553.0714721679688 371.63409423828125
11.499681711730892 537.9496459960938 368.8556213378906
11.533014122489531 532.5496215820312 371.2848205566406
11.566346533248172 528.2485961914062 377.2449035644531
11.599678944006813 524.29150390625 386.6254577636719
11.633011354765452 522.3458862304688 400.5821838378906
20.566097438081044 531.1749877929688 295.5264892578125
20.599429848839684 530.6356811523438 283.28936767578125
20.632762259598323 530.6456909179688 274.5125427246094
20.666094670356966 529.7545776367188 268.9732360839844
20.699427081115605 528.1470947265625 266.46844482421875
20.732759491874244 527.11572265625 267.16326904296875
20.766091902632887 523.7600708007812 267.70166015625
20.799424313391526 523.428955078125 269.09771728515625
20.832756724150165 523.165283203125 272.38427734375
20.866089134908805 523.890869140625 276.32257080078125
20.899421545667447 526.5849609375 281.8634948730469
20.932753956426087 530.048095703125 288.8534851074219
20.966086367184726 533.5918579101562 297.2089538574219
29.399186289120713 611.3505249023438 311.19244384765625
29.432518699879356 609.0852661132812 300.19610595703125
29.465851110637995 603.7415161132812 292.28167724609375
29.499183521396635 596.310302734375 287.1400451660156
29.532515932155274 588.8310546875 281.8818359375
29.565848342913917 582.0599975585938 277.984619140625
29.599180753672556 576.0516967773438 274.8586120605469
29.665845575189838 568.66357421875 271.7633361816406
29.699177985948477 566.875732421875 271.1750183105469
29.732510396707116 565.1649169921875 271.0304260253906
29.765842807465756 565.3455200195312 271.7066345214844
29.7991752182244 567.8696899414062 277.0655822753906
29.832507628983038 569.5320434570312 284.2498779296875
29.865840039741677 570.3139038085938 295.4375305175781
29.93250486125896 571.7520141601562 320.7393798828125
29.9658372720176 573.6357421875 332.4293212890625
29.999169682776238 576.3143310546875 344.6010437011719
30.06583450429352 582.747314453125 369.8384094238281
30.09916691505216 585.1790161132812 384.6012268066406
30.1324993258108 588.3320922851562 400.7890625
36.29899531615925 801.2161865234375 331.8172912597656
49.56529479809807 1245.5955810546875 1958.7138671875
49.69862444113264 1246.4180908203125 1903.785400390625
50.09861337023632 1219.697509765625 1722.81591796875
51.36524497906465 828.0257568359375 398.7790832519531
57.26508168334398 49.91521072387695 1994.08544921875
96.33066709247036 769.8178100585938 1437.7923583984375
96.69732361081542 798.4884033203125 1469.298583984375
97.73062834433325 1009.5933227539062 1669.3670654296875
99.63057575757576 1004.62548828125 1591.8984375
101.1638666524732 658.4124145507812 1747.3907470703125
101.36386111702505 648.9279174804688 1750.7747802734375
101.43052593854233 637.5703735351562 1762.3662109375
101.66385281385281 607.1923217773438 1780.524658203125
102.0638417429565 579.1406860351562 1765.3743896484375
102.2305037967497 565.6077880859375 1761.461669921875
102.26383620750833 560.1946411132812 1764.345703125
102.46383067206018 545.224609375 1757.954833984375
102.5638279043361 536.9856567382812 1753.7227783203125
102.69715754737067 521.8536376953125 1751.197509765625
102.86381960116385 522.549072265625 1746.54443359375
102.8971520119225 523.3170776367188 1746.2696533203125
103.19714370875026 531.6549682617188 1744.37353515625
103.23047611950891 532.2939453125 1743.5992431640625
103.46380299481939 535.9277954101562 1742.5892333984375
103.53046781633667 536.9873046875 1742.66455078125
103.5638002270953 537.1646118164062 1742.892822265625
103.96378915619898 542.7931518554688 1744.759033203125
103.99712156695763 542.6484985351562 1745.5604248046875
104.03045397771626 542.8678588867188 1745.7232666015625
104.06378638847491 542.83154296875 1745.7222900390625
104.09711879923356 542.5986328125 1746.3582763671875
104.13045120999219 542.6548461914062 1746.62158203125
104.16378362075083 543.248779296875 1745.46484375
104.19711603150947 543.4299926757812 1745.2843017578125
104.23044844226811 543.5003051757812 1745.2847900390625
104.26378085302674 543.50927734375 1745.3717041015625
104.29711326378539 543.6963500976562 1745.524169921875
104.33044567454404 543.8485717773438 1745.4644775390625
104.36377808530267 543.8328247070312 1745.5186767578125
104.39711049606132 542.9666748046875 1747.7623291015625
104.43044290681995 542.9273071289062 1747.7431640625
104.4637753175786 542.9323120117188 1747.7490234375
104.49710772833723 542.6979370117188 1748.1356201171875
104.53044013909587 543.5257568359375 1747.53955078125
104.59710496061315 542.4899291992188 1748.4774169921875
104.6304373713718 542.9971923828125 1748.8277587890625
104.66376978213043 544.2090454101562 1748.1279296875
104.69710219288908 543.1687622070312 1749.080078125
104.73043460364771 544.0028076171875 1748.8792724609375
104.96376147895819 548.42529296875 1751.801513671875
105.03042630047548 548.2822875976562 1748.5069580078125
105.43041522957915 551.7982788085938 1757.535400390625
105.4637476403378 551.8514404296875 1757.549072265625
106.2970579093038 557.3056640625 1764.818115234375
106.33039032006245 559.81689453125 1763.431884765625
107.33036264282165 562.3424682617188 1775.3685302734375
107.3636950535803 563.4284057617188 1778.7186279296875
108.29700255482223 578.770263671875 1787.2301025390625
108.63032666240862 593.3948974609375 1790.66796875
108.66365907316727 594.065185546875 1790.4874267578125
109.39697210985736 597.7076416015625 1812.30419921875
109.73029621744375 605.8533935546875 1839.7183837890625
110.49694166489247 591.2364501953125 1807.326904296875
110.53027407565112 588.0690307617188 1808.75341796875
110.56360648640977 590.7763061523438 1808.1490478515625
110.86359818323753 581.8784790039062 1805.3245849609375
111.76357327372081 582.5499877929688 1824.4498291015625
112.59688354268681 590.6362915039062 1820.452392578125
114.063509616067 579.7949829101562 1773.375732421875
114.09684202682563 579.4424438476562 1773.5438232421875
114.13017443758427 578.2389526367188 1775.380615234375
115.79679497551628 599.690185546875 1763.9871826171875
115.83012738627492 599.72314453125 1763.51953125
115.86345979703357 602.8492431640625 1762.7757568359375
115.8967922077922 602.7230834960938 1760.9517822265625
115.93012461855085 600.4161987304688 1762.060791015625
116.83009970903413 605.2811279296875 1751.392578125
116.86343211979278 603.6918334960938 1754.2490234375
116.99676176282733 604.8452758789062 1753.8896484375
117.09675899510326 605.3035278320312 1755.3682861328125
117.16342381662054 605.1542358398438 1755.8184814453125
117.19675622737917 605.2589721679688 1755.9901123046875
117.23008863813781 605.3526000976562 1756.291259765625
117.6300775672415 603.9883422851562 1761.7227783203125
117.69674238875878 604.90576171875 1761.6888427734375
117.73007479951742 604.7660522460938 1761.6954345703125
118.16339613937974 603.8189086914062 1762.0452880859375
118.19672855013839 603.3815307617188 1764.079833984375
118.23006096089702 600.31884765625 1764.2945556640625
118.6300498900007 595.9425659179688 1762.8743896484375
119.66335462351856 574.31494140625 1770.7811279296875
119.76335185579447 576.7903442382812 1770.8570556640625
119.79668426655311 573.6993408203125 1772.2730712890625
120.39666766020864 571.4608764648438 1781.9461669921875
122.46327712724434 574.5761108398438 1704.72607421875
124.09656525441771 713.792236328125 387.1663513183594
124.12989766517634 716.47216796875 374.9717102050781
124.16323007593499 718.5819091796875 364.9455261230469
124.22989489745227 729.3497924804688 357.1974792480469
124.26322730821092 736.1012573242188 361.9982604980469
124.39655695124547 755.3849487304688 392.9295349121094
124.42988936200412 758.4632568359375 402.83673095703125
124.52988659428003 760.4478149414062 439.0298156738281
124.56321900503868 758.4871826171875 454.31695556640625
125.1632023986942 662.0867919921875 783.1349487304688
125.19653480945284 658.4833374023438 799.652099609375
125.22986722021147 654.9476318359375 817.1281127929688
125.26319963097012 652.1281127929688 834.832275390625
125.29653204172875 648.8417358398438 853.136962890625
125.3298644524874 644.5977172851562 873.0842895507812
125.4965265062806 629.6630859375 965.8473510742188
125.56319132779788 624.70849609375 996.4775390625
125.62985614931516 617.9271240234375 1027.084716796875
125.76318579234972 604.7026977539062 1098.7161865234375
125.82985061386701 598.1705932617188 1130.93310546875
125.86318302462564 596.755126953125 1144.9390869140625
125.96318025690157 594.9889526367188 1184.8450927734375
125.9965126676602 594.6910400390625 1198.298828125
126.19650713221205 593.0977783203125 1287.5677490234375
126.22983954297068 595.0430297851562 1297.1219482421875
126.29650436448797 595.0682373046875 1321.820068359375
126.3298367752466 595.5726928710938 1332.947021484375
126.36316918600525 595.8052368164062 1344.7669677734375
126.39650159676388 596.3260498046875 1357.534423828125
126.42983400752253 597.5446166992188 1373.1656494140625
126.62982847207437 605.0677490234375 1477.36181640625
133.92962642821658 550.0552368164062 433.6531066894531
134.06295607125114 545.6102294921875 408.3752136230469
134.09628848200978 542.9047241210938 410.4724426269531
134.12962089276843 539.9468383789062 416.33416748046875
134.16295330352708 533.1737670898438 427.5177917480469
134.66293946490669 432.6095275878906 662.1500854492188
134.7629366971826 422.0190734863281 711.21533203125
135.06292839401036 402.7783203125 875.2977905273438
135.096260804769 402.9830017089844 889.705078125
135.12959321552765 400.8667907714844 907.9353637695312
135.39625250159676 390.8666076660156 1056.7669677734375
135.52958214463132 395.4650573730469 1118.938232421875
135.56291455538997 394.93731689453125 1136.47802734375
143.49602831594635 145.61614990234375 373.1205749511719
143.529360726705 143.97210693359375 362.0176696777344
143.5626931374636 142.7377471923828 353.3433532714844
143.59602554822226 142.7726593017578 347.6549987792969
143.6293579589809 141.48858642578125 345.6372985839844
143.6960227804982 136.21487426757812 354.5736999511719
144.52933304946419 35.59859085083008 866.1747436523438
144.56266546022283 41.738521575927734 875.8222045898438
144.59599787098148 47.286094665527344 884.8375854492188
144.76265992477468 79.2044448852539 911.7891235351562
144.79599233553333 86.11917114257812 915.4902954101562
144.82932474629195 91.32769775390625 919.3180541992188
144.8626571570506 97.02873229980469 923.6431884765625
144.89598956780924 100.83800506591797 928.4916381835938
144.92932197856788 103.85356903076172 932.4735107421875
144.9626543893265 108.25450897216797 934.9116821289062
144.99598680008515 113.97532653808594 937.3734741210938
145.0293192108438 118.17854309082031 939.3192138671875
145.0959840323611 129.96774291992188 940.5878295898438
145.1293164431197 135.84922790527344 940.3839721679688
145.16264885387835 141.27244567871094 939.531494140625
145.195981264637 148.79190063476562 936.0206298828125
145.2626460861543 164.21070861816406 927.6580200195312
145.39597572918885 195.86444091796875 914.05517578125
145.42930813994747 203.82730102539062 912.6980590820312
145.5293053722234 230.86053466796875 913.0415649414062
145.59597019374067 251.23736572265625 918.7957153320312
145.6959674260166 279.3415832519531 928.502197265625
145.76263224753387 299.9322204589844 932.879638671875
147.39592037470726 741.75634765625 1814.5565185546875
147.46258519622452 745.5167236328125 1829.4071044921875
153.02909779291747 664.6856689453125 564.7498779296875
153.09576261443473 653.4877319335938 551.2843627929688
153.12909502519338 650.3592529296875 545.1242065429688
153.19575984671067 645.6331787109375 536.6605224609375
153.2290922574693 644.5231323242188 532.4125366210938
153.26242466822794 644.7588500976562 528.189453125
153.29575707898658 645.3229370117188 524.6353759765625
153.36242190050388 643.0075073242188 519.8511962890625
153.3957543112625 642.7652587890625 517.2426147460938
153.42908672202114 645.0093383789062 515.8404541015625
153.4624191327798 648.580810546875 515.0471801757812
153.49575154353843 651.8231201171875 514.6824951171875
153.52908395429705 656.7988891601562 513.972900390625
153.5624163650557 660.74951171875 513.9224243164062
153.69574600809025 680.75244140625 516.8271484375
153.7290784188489 684.7789916992188 517.2113037109375
153.7957432403662 694.6556396484375 519.0957641601562
153.8957404726421 711.79248046875 532.050537109375
153.92907288340075 717.9509887695312 539.4624633789062
153.9624052941594 723.9417114257812 547.9794311523438
153.995737704918 730.7924194335938 561.3965454101562
159.96223923071463 702.579833984375 490.05072021484375
159.99557164147328 707.0128173828125 475.046875
160.06223646299057 711.6505126953125 451.5765380859375
160.0955688737492 713.3192749023438 442.9802551269531
160.12890128450783 715.3981323242188 436.0067443847656
160.16223369526648 718.1300048828125 430.28369140625
160.2622309275424 722.3541870117188 420.7409362792969
160.29556333830104 722.7650146484375 419.612060546875
160.32889574905968 723.8446655273438 421.82489013671875
160.36222815981833 723.1605224609375 424.2568664550781
160.39556057057695 722.48095703125 426.82952880859375
160.4288929813356 722.955810546875 429.31707763671875
160.46222539209424 722.7503662109375 434.0589904785156
160.4955578028529 722.9678344726562 438.3865051269531
160.52889021361153 723.2066650390625 444.0635681152344
160.56222262437015 723.6468505859375 451.242431640625
160.5955550351288 723.6295166015625 461.9593505859375
166.79538343623588 680.811767578125 423.58380126953125
166.86204825775317 675.3667602539062 397.9888000488281
166.92871307927044 667.3700561523438 386.9995422363281
166.96204549002908 662.408203125 385.4681701660156
166.99537790078773 656.2999877929688 383.0479736328125
167.06204272230502 648.7009887695312 381.6689453125
167.1287075438223 643.8883056640625 383.8153991699219
167.16203995458093 643.0853881835938 385.5144348144531
167.22870477609823 641.0200805664062 392.8726501464844
167.26203718685684 641.166259765625 398.3719482421875
167.2953695976155 640.0872192382812 406.2931213378906
167.32870200837414 640.4088134765625 416.086669921875
167.36203441913278 640.1688232421875 429.22918701171875
167.42869924065005 638.66845703125 464.3209533691406
167.4620316514087 638.8658447265625 480.39495849609375
167.528696472926 643.7009887695312 504.68048095703125
167.6286937052019 657.6516723632812 526.6630859375
167.66202611596054 662.3118286132812 534.7159423828125
167.6953585267192 669.1437377929688 540.970458984375
167.7286909374778 674.3342895507812 548.5565185546875
167.895352991271 703.9119873046875 599.293701171875
175.06182130437867 598.69873046875 310.0596618652344
175.12848612589596 591.7147216796875 297.36627197265625
175.19515094741323 588.6266479492188 290.2510681152344
175.22848335817187 587.4304809570312 287.58258056640625
175.26181576893052 586.1578979492188 286.55792236328125
175.29514817968916 586.1032104492188 285.92535400390625
175.3284805904478 586.6976928710938 285.396484375
175.36181300120643 586.8568115234375 287.0810241699219
175.39514541196507 586.5286865234375 287.9385986328125
175.42847782272372 586.439208984375 289.2210388183594
175.46181023348237 589.04150390625 290.5688171386719
175.52847505499963 592.2247314453125 293.962890625
175.56180746575828 594.7953491210938 297.38690185546875
175.62847228727557 597.1995239257812 309.67205810546875
175.72846951955148 595.9667358398438 349.8280334472656
175.8284667518274 592.6217651367188 397.4512023925781
175.86179916258604 593.09912109375 411.7113037109375
175.89513157334468 593.1307983398438 424.9490051269531
175.92846398410333 592.7272338867188 438.1624450683594
175.96179639486195 592.3856811523438 451.7149963378906
176.02846121637924 590.066650390625 483.6929016113281
176.2284556809311 582.01416015625 587.1665649414062
176.26178809168974 581.3190307617188 601.733642578125
176.29512050244836 581.6129760742188 616.2510375976562
176.328452913207 580.6349487304688 630.4195556640625
176.46178255624156 579.5571899414062 701.6365966796875
176.59511219927612 577.1015014648438 770.4583740234375
176.62844461003476 576.2156372070312 785.0459594726562
176.6617770207934 576.1781616210938 800.2945556640625
176.76177425306932 574.6666259765625 845.6931762695312
176.79510666382797 575.4871215820312 863.2056274414062
176.86177148534526 570.3899536132812 901.5239868164062
176.89510389610388 568.7623901367188 918.1694946289062
177.02843353913846 567.32177734375 975.7417602539062
177.06176594989708 567.2725830078125 989.4560546875
177.09509836065573 567.3930053710938 1004.9072875976562
177.29509282520758 558.0989379882812 1112.8758544921875
177.46175487900078 556.0877075195312 1183.857177734375
177.49508728975943 556.5057373046875 1200.186767578125
183.6949156908665 602.8935546875 394.0416564941406
183.72824810162516 598.0869750976562 383.5361022949219
183.76158051238377 591.3054809570312 377.1361389160156
183.96157497693562 544.4702758789062 382.26141357421875
184.02823979845292 537.1543579101562 397.7035827636719
184.09490461997018 532.4927368164062 424.2295837402344
184.12823703072883 531.3695068359375 442.64788818359375
191.32803775459513 559.7791137695312 548.0066528320312
191.3947025761124 553.6378784179688 528.0541381835938
191.42803498687104 548.5718383789062 522.0296020507812
191.52803221914698 535.1934814453125 510.5204772949219
191.5613646299056 532.5315551757812 510.982177734375
197.96118749556453 565.5225830078125 400.3691101074219
198.02785231708182 575.404541015625 387.7569274902344
198.12784954935773 589.7216796875 380.9376220703125
198.16118196011638 594.7145385742188 380.2209777832031
198.19451437087503 597.8380126953125 380.05926513671875
198.22784678163367 601.2010498046875 380.40606689453125
198.2611791923923 604.1310424804688 384.6706237792969
198.36117642466823 604.9013061523438 412.7516784667969
206.26095777446596 719.0316162109375 467.8160095214844
206.39428741750052 744.3900146484375 495.78802490234375
206.56094947129372 765.3632202148438 568.3399047851562
206.66094670356964 774.2937622070312 608.2264404296875
206.89427357888013 782.2229614257812 716.7945556640625
206.99427081115604 788.4381713867188 759.9420776367188
207.0276032219147 791.4285888671875 773.4421997070312
207.1942652757079 808.1807861328125 857.7471313476562
207.3609273295011 824.004638671875 936.9763793945312
207.460924561777 831.933837890625 980.0411376953125
207.49425697253565 832.9583740234375 996.3300170898438
207.59425420481156 838.1322631835938 1047.7333984375
207.7942486693634 855.194580078125 1136.44482421875
213.76075019516003 1083.803955078125 379.8974914550781
213.89407983819459 1074.4676513671875 413.2998352050781
213.96074465971188 1071.056884765625 429.83892822265625
290.2586328862394 1038.9949951171875 586.9838256835938
290.5252921723086 995.4656982421875 524.7161254882812
290.5919569938258 988.5380859375 525.4422607421875
290.6586218153431 983.7647094726562 528.363037109375
290.9252811014122 988.4638671875 599.0486450195312
290.95861351217087 990.2468872070312 612.8150634765625
290.9919459229295 992.8812866210938 628.6364135742188
292.0252506564474 1151.9017333984375 1119.06494140625
292.25857753175785 1115.971435546875 1220.6513671875
304.1915805833511 1089.8843994140625 775.1129760742188
304.22491299410973 1084.8663330078125 763.4751586914062
304.3249102263856 1076.4735107421875 732.8009033203125
304.69156674473066 1074.1929931640625 711.9213256835938
304.7248991554893 1075.218994140625 720.398681640625
304.75823156624796 1076.177001953125 731.4569091796875
304.7915639770066 1076.737060546875 745.7723999023438
304.8582287985239 1076.0159912109375 783.3091430664062
304.9582260307998 1074.0115966796875 835.355224609375
305.02489085231707 1072.4342041015625 867.69580078125
305.09155567383436 1069.05029296875 899.1878662109375
305.32488254914483 1044.590087890625 1033.8189697265625
305.3915473706621 1041.6199951171875 1067.884765625
305.4582121921794 1039.081787109375 1101.6627197265625
305.491544602938 1038.9044189453125 1119.088623046875
305.5582094244553 1038.1424560546875 1155.992919921875
305.6915390674899 1035.021484375 1214.5234375
305.7915362997658 1025.8453369140625 1241.803466796875
306.1581928181108 945.3363647460938 1284.547119140625
306.25819005038676 934.533447265625 1296.0291748046875
306.3581872826627 923.327880859375 1314.6015625
306.39151969342134 919.355224609375 1319.83251953125
306.4581845149386 912.5012817382812 1327.6044921875
307.1914975516287 726.902587890625 1340.4598388671875
307.258162373146 722.078369140625 1339.7540283203125
307.2914947839046 720.64892578125 1338.237060546875
307.4581568376978 708.302490234375 1340.3687744140625
307.49148924845645 707.7332153320312 1340.470458984375
307.5248216592151 707.7198486328125 1340.30810546875
307.55815406997374 707.6321411132812 1340.391845703125
307.5914864807324 707.5964965820312 1341.09912109375
307.62481889149103 709.54638671875 1342.049072265625
307.7248161237669 714.7597045898438 1345.2779541015625
307.75814853452556 716.3748779296875 1346.5728759765625
307.8581457668015 720.8749389648438 1351.8330078125
307.89147817756015 723.7178344726562 1353.094482421875
308.15813746362926 724.2869873046875 1373.09619140625
308.1914698743879 722.8504638671875 1375.229736328125
308.3581319281811 721.8270874023438 1376.5614013671875
308.3914643389397 722.9008178710938 1374.972900390625
308.4247967496984 723.5568237304688 1373.876953125
308.458129160457 723.672119140625 1373.367431640625
308.49146157121567 724.9051513671875 1372.2420654296875
308.6247912142502 728.26611328125 1366.6009521484375
308.6914560357675 728.5126342773438 1363.881591796875
308.72478844652613 729.7596435546875 1363.2781982421875
308.7581208572848 729.9634399414062 1361.4088134765625
308.7914532680434 730.7796630859375 1360.5535888671875
308.89145050031937 734.2855834960938 1355.7681884765625
308.9581153218366 736.5402221679688 1353.364013671875
309.9580876445958 735.5955810546875 1330.89111328125
309.99142005535447 735.0079956054688 1330.4652099609375
310.0247524661131 734.674072265625 1330.2073974609375
310.05808487687176 735.8006591796875 1330.0045166015625
310.0914172876304 735.0652465820312 1329.802001953125
310.12474969838905 734.7279663085938 1329.4324951171875
310.1580821091477 734.9266967773438 1329.641845703125
310.1914145199063 734.9825439453125 1329.6015625
310.3247441629409 733.5301513671875 1329.14599609375
310.3580765736995 732.916015625 1329.2369384765625
310.39140898445817 732.6268310546875 1329.1448974609375
310.45807380597546 732.071044921875 1329.3055419921875
311.15805443190686 729.1083374023438 1334.8603515625
311.1913868426655 729.0838012695312 1334.8685302734375
311.89136746859697 728.8324584960938 1333.26708984375
311.9246998793556 728.5989379882812 1332.5465087890625
311.95803229011426 728.4684448242188 1332.26123046875
311.9913647008729 728.6658325195312 1331.8841552734375
312.02469711163155 728.5293579101562 1331.4713134765625
312.05802952239014 727.3917236328125 1330.9893798828125
312.0913619331488 727.0396728515625 1331.14794921875
312.12469434390744 726.63671875 1330.621337890625
312.1580267546661 727.039306640625 1329.6796875
312.1913591654247 726.8219604492188 1329.5208740234375
312.2246915761834 725.9269409179688 1329.8768310546875
312.258023986942 725.9473266601562 1329.849609375
312.29135639770067 725.970947265625 1329.240966796875
312.4246860407352 725.1751708984375 1329.2811279296875
312.4913508622525 724.9863891601562 1328.9810791015625
312.79134255908025 725.7781982421875 1330.05029296875
312.8246749698389 726.1344604492188 1330.575439453125
312.85800738059754 726.58544921875 1330.3504638671875
312.8913397913562 727.58056640625 1330.8330078125
312.92467220211483 727.5841674804688 1332.24462890625
312.9580046128735 728.0608520507812 1332.5916748046875
