0.03333139365725924 744.2367553710938 1659.664794921875
0.06666278731451848 743.330078125 1659.5186767578125
0.09999418097177772 743.2718505859375 1659.568603515625
0.13332557462903696 743.1222534179688 1659.88134765625
0.3333139365725924 739.58447265625 1663.830078125
0.36664533022985163 738.5986328125 1665.3653564453125
0.5333022985161479 732.3269653320312 1672.9676513671875
0.7999534477742217 727.2816162109375 1683.625244140625
0.833284841431481 726.4833984375 1685.4019775390625
0.9332790224032587 725.5598754882812 1689.324951171875
0.9666104160605179 725.4882202148438 1691.1055908203125
0.9999418097177771 725.5165405273438 1691.9825439453125
1.2332615653185919 726.3131103515625 1697.9862060546875
1.2665929589758511 726.26416015625 1698.0947265625
1.2999243526331103 726.9252319335938 1699.0858154296875
1.4665813209194065 732.88623046875 1699.4195556640625
1.7332324701774804 747.2684936523438 1690.895751953125
1.8998894384637766 753.5606079101562 1686.0975341796875
1.9332208321210358 753.9168090820312 1686.1064453125
2.7331742798952576 746.4782104492188 1688.765625
2.9998254291533315 733.1026000976562 1703.3902587890625
3.0331568228105907 734.79443359375 1705.4737548828125
3.1664823974396277 728.39111328125 1708.81494140625
3.2664765784114054 727.1180419921875 1710.89501953125
3.2998079720686646 727.0205078125 1711.3424072265625
3.333139365725924 726.933837890625 1712.1986083984375
3.366470759383183 726.8565063476562 1712.5504150390625
3.3998021530404423 726.7967529296875 1712.8502197265625
3.4664649403549608 727.0636596679688 1713.14794921875
3.5997905149839977 726.4898681640625 1714.1239013671875
3.633121908641257 726.5201416015625 1714.117919921875
3.666453302298516 726.6312866210938 1714.0379638671875
3.7331160896130346 727.8359375 1712.610595703125
3.899773057899331 734.2240600585938 1704.7373046875
4.166424207157405 745.8856811523438 1689.960205078125
4.199755600814664 747.0819091796875 1688.345947265625
4.3664125691009605 751.9072875976562 1681.56689453125
4.39974396275822 752.6279296875 1679.721923828125
4.466406750072738 755.26318359375 1677.8125
4.4997381437299975 753.2885131835938 1678.0318603515625
4.533069537387257 753.1613159179688 1677.2652587890625
4.83305208030259 752.4086303710938 1671.3299560546875
4.866383473959849 752.0377807617188 1671.3214111328125
4.899714867617108 751.2769775390625 1671.631591796875
4.9330462612743675 750.700439453125 1671.7630615234375
5.0663718359034045 744.9866943359375 1675.8221435546875
5.166366016875182 742.64306640625 1680.51611328125
5.299691591504219 734.5694580078125 1685.8160400390625
5.366354378818738 732.5118408203125 1689.6793212890625
5.832993890020367 733.0618896484375 1696.96044921875
5.899656677334885 733.4464721679688 1698.700927734375
5.9329880709921445 733.740234375 1698.8082275390625
6.1329764329357 740.0152587890625 1697.2872314453125
6.166307826592959 740.3428955078125 1696.30517578125
6.199639220250218 740.8119506835938 1695.72314453125
6.766272912423625 745.9752807617188 1683.5716552734375
6.799604306080885 746.3369750976562 1681.319580078125
6.832935699738144 746.2421264648438 1680.8353271484375
7.132918242653477 751.1978759765625 1670.526611328125
7.199581029967995 752.3496704101562 1668.06103515625
7.43290078556881 757.52392578125 1657.9755859375
7.466232179226069 757.8452758789062 1656.897216796875
7.4995635728833285 758.3272705078125 1656.1556396484375
7.532894966540588 758.0966796875 1655.23193359375
7.566226360197847 758.2149658203125 1654.7386474609375
7.599557753855106 758.2420654296875 1653.55419921875
7.732883328484143 758.4014892578125 1649.3458251953125
7.832877509455921 758.4171142578125 1648.0533447265625
7.86620890311318 758.3018188476562 1648.0909423828125
7.899540296770439 758.6898193359375 1647.3280029296875
7.932871690427699 758.2890014648438 1647.40869140625
8.232854233343032 750.6415405273438 1652.5584716796875
8.399511201629329 744.7199096679688 1663.002197265625
8.532836776258366 739.0679321289062 1672.414794921875
8.566168169915624 737.7620239257812 1674.0322265625
8.699493744544661 735.9566040039062 1684.482421875
8.732825138201921 732.4445190429688 1685.66455078125
8.999476287459995 727.7041015625 1702.0750732421875
9.032807681117253 726.4359741210938 1704.9041748046875
9.066139074774513 726.5128173828125 1707.094970703125
9.19946464940355 728.8609619140625 1714.3668212890625
9.499447192318883 726.9805908203125 1721.1927490234375
9.532778585976143 727.9334106445312 1720.854736328125
9.66610416060518 732.694091796875 1718.2041015625
9.832761128891475 740.4329833984375 1711.030029296875
10.03274949083503 748.6056518554688 1702.193603515625
10.232737852778586 753.7507934570312 1693.42626953125
10.666045970322957 758.2648315429688 1677.82373046875
10.699377363980215 758.1650390625 1676.402099609375
10.832702938609252 758.0426635742188 1672.8489990234375
10.93269711958103 757.6871948242188 1670.63720703125
11.099354087867326 752.9573364257812 1670.2843017578125
11.332673843468141 748.80908203125 1672.6939697265625
11.3660052371254 745.5020751953125 1672.0718994140625
11.39933663078266 744.9779052734375 1671.9039306640625
11.432668024439918 744.4305419921875 1672.3275146484375
12.432609834157695 745.1923217773438 1672.655029296875
12.465941227814955 745.8704223632812 1673.663818359375
12.499272621472214 745.8572998046875 1673.9583740234375
12.532604015129474 746.034912109375 1674.2525634765625
13.465883037532732 746.6356811523438 1687.4293212890625
13.49921443118999 746.6832885742188 1687.32666015625
13.53254582484725 746.2647094726562 1687.385009765625
13.56587721850451 746.277587890625 1687.6876220703125
13.59920861216177 745.5736694335938 1688.3870849609375
13.932522548734362 739.8673706054688 1689.0057373046875
13.96585394239162 739.2135009765625 1688.4996337890625
14.265836485306954 733.9149780273438 1686.28662109375
14.299167878964212 733.8411865234375 1685.2083740234375
14.36583066627873 733.1358032226562 1684.045654296875
14.39916205993599 732.7902221679688 1683.6136474609375
14.43249345359325 732.3751220703125 1683.1962890625
14.46582484725051 731.9236450195312 1683.0015869140625
14.86580157113762 731.8458862304688 1676.267578125
14.932464358452139 732.3485717773438 1675.810791015625
14.965795752109399 732.15087890625 1675.52490234375
15.032458539423917 733.8079223632812 1673.1363525390625
15.065789933081176 733.8675537109375 1673.0294189453125
15.33244108233925 738.7913818359375 1669.04052734375
15.36577247599651 738.8367919921875 1669.1951904296875
15.665755018911842 744.4988403320312 1668.4482421875
15.699086412569102 745.0811767578125 1667.84423828125
15.73241780622636 746.05078125 1668.8978271484375
15.76574919988362 746.6605224609375 1668.6881103515625
16.16572592377073 747.127685546875 1678.475830078125
16.19905731742799 746.4496459960938 1680.476318359375
16.23238871108525 746.39404296875 1682.089599609375
16.26572010474251 746.336181640625 1683.1798095703125
16.299051498399766 746.7066040039062 1683.461669921875
16.332382892057026 746.4193115234375 1684.7786865234375
16.399045679371547 747.5111083984375 1685.09033203125
17.332324701774805 747.0463256835938 1685.375244140625
17.365656095432062 747.0160522460938 1685.1729736328125
17.398987489089322 746.1988525390625 1686.2232666015625
17.432318882746582 746.0599365234375 1686.297607421875
17.465650276403842 746.0223388671875 1686.595458984375
17.4989816700611 746.0172729492188 1686.5855712890625
17.53231306371836 745.7879638671875 1686.865478515625
17.56564445737562 745.7764892578125 1686.9107666015625
17.59897585103288 745.3025512695312 1687.06982421875
17.632307244690136 745.2379150390625 1687.815185546875
17.93228978760547 744.1127319335938 1694.3052978515625
17.96562118126273 742.9768676757812 1694.1513671875
17.99895257491999 743.1948852539062 1696.108642578125
18.032283968577246 739.86572265625 1695.4613037109375
18.065615362234507 739.4853515625 1695.9835205078125
18.098946755891767 738.9276123046875 1697.268310546875
18.132278149549027 738.897216796875 1697.5894775390625
18.93223159732325 759.2103271484375 1682.6158447265625
19.465533895839396 764.36181640625 1669.603515625
19.498865289496653 764.1780395507812 1669.400146484375
19.965504800698284 746.7075805664062 1689.9744873046875
19.998836194355544 746.22705078125 1691.380615234375
20.932115216758802 753.0974731445312 1682.0650634765625
21.06544079138784 758.4302368164062 1673.6947021484375
21.232097759674133 764.8092041015625 1662.8128662109375
21.265429153331393 764.9517211914062 1661.3914794921875
21.43208612161769 769.6688232421875 1653.2369384765625
21.532080302589467 770.3743896484375 1649.9927978515625
21.598743089903987 771.0017700195312 1647.9639892578125
21.86539423916206 770.0693969726562 1645.38525390625
22.032051207448358 763.9229125976562 1651.063720703125
22.43202793133547 749.2111206054688 1679.0640869140625
22.465359324992725 745.3665161132812 1680.8992919921875
22.498690718649986 745.1373291015625 1682.1129150390625
22.532022112307246 744.3849487304688 1684.0191650390625
22.965330229851617 746.5052490234375 1700.266845703125
22.998661623508873 746.4656982421875 1700.78759765625
23.031993017166133 746.248046875 1702.2357177734375
23.065324410823393 746.6010131835938 1703.08740234375
23.098655804480654 746.8075561523438 1703.87939453125
23.53196392202502 753.0201416015625 1701.2159423828125
23.865277858597615 757.9765625 1689.03369140625
23.965272039569392 758.8199462890625 1686.603759765625
23.998603433226652 759.266845703125 1685.146728515625
24.031934826883912 759.089599609375 1684.403564453125
24.09859761419843 759.1051635742188 1682.8040771484375
24.13192900785569 759.3173828125 1681.9212646484375
24.16526040151295 759.3930053710938 1680.98486328125
24.398580157113763 759.59423828125 1675.7113037109375
24.431911550771023 759.6279296875 1673.9591064453125
24.731894093686353 759.13720703125 1669.2230224609375
24.765225487343614 758.4180908203125 1669.324462890625
24.998545242944427 755.4117431640625 1672.1322021484375
25.165202211230724 746.1434326171875 1677.4122314453125
25.36519057317428 739.5769653320312 1685.167724609375
25.86516147803317 733.7034301757812 1692.5277099609375
25.89849287169043 733.9888305664062 1691.936279296875
25.931824265347686 733.1015014648438 1693.412109375
27.13175443700902 732.6798095703125 1683.673583984375
27.16508583066628 732.9307861328125 1683.2642822265625
27.19841722432354 732.9686889648438 1683.34228515625
27.265080011638055 733.7559204101562 1682.4793701171875
27.731719522839686 739.87939453125 1677.448974609375
27.765050916496946 739.87060546875 1677.4178466796875
27.798382310154203 740.3611450195312 1678.3504638671875
28.631667151585685 745.3856201171875 1696.9949951171875
28.96498108815828 747.4871826171875 1701.1790771484375
29.164969450101832 757.7493286132812 1699.694580078125
29.29829502473087 762.7615966796875 1694.72265625
29.664940354960724 773.9244995117188 1687.8363037109375
30.031585685190574 780.8766479492188 1685.615478515625
30.13157986616235 778.4437866210938 1683.6334228515625
30.33156822810591 772.3328247070312 1685.986572265625
30.364899621763165 771.2518920898438 1686.8255615234375
30.4982251963922 765.7244262695312 1690.0467529296875
30.531556590049462 764.8158569335938 1691.1097412109375
30.6648821646785 759.720458984375 1694.0430908203125
31.364841431480944 758.198486328125 1686.2060546875
31.798149549025315 763.9772338867188 1668.9580078125
31.86481233633983 766.3605346679688 1669.515625
31.964806517311608 764.5023803710938 1666.6060791015625
31.998137910968868 764.4552612304688 1666.3963623046875
32.03146930462613 764.54052734375 1665.6024169921875
32.064800698283385 764.5641479492188 1665.0235595703125
32.09813209194065 764.2904052734375 1664.8665771484375
32.131463485597905 764.591552734375 1664.2630615234375
32.16479487925516 764.6898803710938 1664.1258544921875
32.198126272912425 764.8526000976562 1663.021240234375
32.23145766656968 767.9422607421875 1662.6185302734375
32.264789060226946 767.8956298828125 1662.4871826171875
32.2981204538842 768.2778930664062 1662.86669921875
32.33145184754146 768.2896728515625 1662.8648681640625
32.36478324119872 768.2887573242188 1662.807861328125
32.4647774221705 764.4967651367188 1663.3917236328125
32.498108815827756 764.1854248046875 1664.9693603515625
32.69809717777131 757.8682861328125 1672.028076171875
33.898027349432645 758.0652465820312 1676.3270263671875
33.964690136747166 758.403076171875 1675.15478515625
34.03135292406168 758.8060913085938 1673.775390625
34.06468431771894 758.8104858398438 1673.778076171875
34.0980157113762 758.6390991210938 1673.6455078125
34.13134710503346 758.6221313476562 1673.476806640625
34.16467849869072 758.3445434570312 1673.363525390625
34.198009892347976 758.4486694335938 1673.401123046875
34.23134128600524 758.3897705078125 1673.3948974609375
34.264672679662496 758.36328125 1673.3565673828125
34.29800407331975 758.3594970703125 1673.3663330078125
34.69798079720687 745.5153198242188 1679.296142578125
34.864637765493164 739.7089233398438 1681.873779296875
34.89796915915042 739.4645385742188 1681.7547607421875
35.63125981961012 738.4014892578125 1676.2169189453125
35.964573756182716 744.3845825195312 1665.7547607421875
35.99790514983998 744.5108032226562 1665.2158203125
36.564538842013384 737.811279296875 1666.721435546875
36.7978585976142 732.2433471679688 1674.961669921875
36.83118999127146 735.3673095703125 1677.1654052734375
36.864521384928715 732.482421875 1676.6634521484375
36.89785277858598 731.97412109375 1677.3983154296875
37.03117835321501 732.5630493164062 1679.998779296875
37.13117253418679 732.8789672851562 1682.050048828125
37.16450392784405 732.8816528320312 1682.01611328125
37.23116671515857 734.2517700195312 1682.4833984375
37.26449810881583 734.07666015625 1683.3306884765625
37.46448647075938 739.635986328125 1685.0074462890625
37.497817864416646 740.1321411132812 1685.7115478515625
37.6978062263602 745.80419921875 1685.703125
37.76446901367472 746.4075927734375 1686.072021484375
37.79780040733198 747.193603515625 1684.8819580078125
37.83113180098923 747.3388671875 1684.9600830078125
38.73107942973523 746.5685424804688 1688.70263671875
38.764410823392495 746.5298461914062 1688.73388671875
38.79774221704975 746.5244140625 1688.8258056640625
38.831073610707016 746.521484375 1688.8162841796875
38.86440500436427 746.5619506835938 1688.8021240234375
38.89773639802153 746.57421875 1688.7957763671875
38.93106779167879 746.6241455078125 1688.6912841796875
38.96439918533605 746.6268310546875 1688.6898193359375
38.997730578993306 746.6318359375 1688.694091796875
39.03106197265057 746.6328735351562 1688.655517578125
39.064393366307826 746.5556030273438 1688.4609375
39.09772475996509 746.3834228515625 1688.275390625
39.131056153622346 746.361083984375 1688.0225830078125
39.1643875472796 746.4022827148438 1688.0447998046875
39.197718940936866 748.4874267578125 1682.75
39.23105033459412 748.52490234375 1682.729736328125
39.29771312190864 749.8265380859375 1687.4473876953125
39.89767820773931 752.4525146484375 1674.939453125
40.69763165551353 753.315673828125 1685.4879150390625
41.09760837940064 748.0693969726562 1698.974853515625
41.19760256037242 747.2131958007812 1701.7388916015625
41.23093395402968 747.087158203125 1702.885498046875
41.26426534768694 746.6552124023438 1703.444091796875
41.297596741344194 746.8602905273438 1703.835205078125
41.864230433517605 746.5643310546875 1701.2794189453125
41.89756182717486 747.2490234375 1701.114013671875
42.39753273203375 753.1044921875 1687.6688232421875
42.43086412569101 753.0911865234375 1686.6485595703125
42.464195519348266 754.6654052734375 1681.40185546875
42.69751527494908 754.7421875 1681.8525390625
42.7641780622636 751.7409057617188 1678.9375
42.79750945592086 751.53173828125 1677.9527587890625
42.830840849578124 751.5983276367188 1677.392578125
44.16409659586849 748.40234375 1670.2613525390625
44.3974163514693 745.3973388671875 1675.46826171875
44.43074774512657 745.525146484375 1676.27734375
44.5640733197556 745.3825073242188 1679.7337646484375
44.93071864998545 746.1359252929688 1687.309814453125
44.964050043642715 746.312255859375 1687.4296875
44.99738143729997 746.2505493164062 1688.041015625
45.06404422461449 746.3090209960938 1688.6015625
45.09737561827175 746.8997802734375 1689.188720703125
45.43068955484434 751.7631225585938 1685.9805908203125
45.49735234215886 752.8523559570312 1684.958251953125
45.83066627873145 758.4014282226562 1678.4676513671875
45.86399767238871 758.4672241210938 1678.7752685546875
45.96399185336049 759.34521484375 1677.8330078125
45.997323247017746 759.6671142578125 1677.4609375
46.63061972650567 758.8571166992188 1683.7957763671875
47.030596450392785 759.4151000976562 1690.8035888671875
47.06392784405004 759.9187622070312 1690.637451171875
47.097259237707306 759.9615478515625 1690.819580078125
47.463904567937156 765.8191528320312 1691.5008544921875
47.49723596159441 765.7987060546875 1691.494140625
48.99714867617108 764.2933959960938 1657.8822021484375
49.030480069828336 763.843994140625 1657.4608154296875
49.097142857142856 763.0177612304688 1657.3255615234375
49.2304684317719 757.7789916992188 1657.1275634765625
49.397125400058194 750.9666137695312 1660.6541748046875
49.53045097468723 745.2285766601562 1666.525634765625
49.697107942973524 738.984130859375 1674.5255126953125
49.93042769857434 733.3397827148438 1683.23486328125
49.997090485888855 733.0187377929688 1684.852783203125
50.03042187954612 732.5665893554688 1685.752685546875
50.16374745417515 732.1755981445312 1689.2445068359375
50.363735816118705 731.6818237304688 1692.302734375
50.39706720977597 731.2701416015625 1692.11376953125
50.530392784405 733.5015258789062 1691.8236083984375
50.563724178062266 733.7736206054688 1691.0465087890625
50.73038114634856 740.1036987304688 1685.3358154296875
50.99703229560664 746.0531616210938 1676.5352783203125
51.03036368926389 745.7808837890625 1675.9107666015625
51.06369508292115 745.6749267578125 1675.6856689453125
51.097026476578414 745.4717407226562 1675.6571044921875
51.13035787023567 745.9535522460938 1674.5396728515625
51.163689263892934 745.8262939453125 1674.3424072265625
51.19702065755019 745.7543334960938 1674.297607421875
51.23035205120745 745.6664428710938 1673.7998046875
51.26368344486471 745.5987548828125 1673.582763671875
51.29701483852197 745.5946655273438 1673.533203125
51.330346232179224 745.5784301757812 1673.341552734375
51.36367762583649 745.5332641601562 1673.3487548828125
51.397009019493744 745.5001831054688 1673.194091796875
51.43034041315101 745.2453002929688 1673.256591796875
51.463671806808264 745.1139526367188 1673.0560302734375
51.763654349723595 738.969482421875 1677.319091796875
52.09696828629619 732.8349609375 1689.055908203125
53.33022985161478 753.8849487304688 1678.8912353515625
54.030189118417226 756.0709838867188 1681.7552490234375
54.36350305498982 747.287841796875 1700.4578857421875
54.39683444864708 748.6005249023438 1700.5445556640625
54.43016584230433 748.5517578125 1701.4703369140625
54.863473959848704 753.49755859375 1701.735595703125
55.63009601396567 776.4573364257812 1654.7254638671875
55.69675880128019 776.2958984375 1651.58935546875
55.730090194937446 776.3077392578125 1650.7568359375
55.7634215885947 776.1653442382812 1649.8026123046875
56.16339831248182 764.5253295898438 1652.6241455078125
56.39671806808263 752.5095825195312 1667.6912841796875
56.46338085539715 749.6749877929688 1672.1922607421875
56.763363398312485 740.5036010742188 1690.15478515625
56.79669479196974 739.8788452148438 1692.006591796875
56.86335757928426 739.4139404296875 1694.580322265625
56.89668897294152 739.0657958984375 1695.7652587890625
56.96335176025604 739.0325927734375 1698.22265625
56.996683153913295 739.0994262695312 1699.00048828125
57.03001454757056 739.4437866210938 1699.895751953125
57.09667733488507 739.67529296875 1701.670654296875
57.130008728542336 739.5488891601562 1702.299072265625
57.16334012219959 739.7093505859375 1702.54833984375
57.19667151585685 739.87255859375 1702.738037109375
57.23000290951411 739.8792724609375 1702.7333984375
57.26333430317137 740.4517211914062 1703.0753173828125
57.29666569682863 740.656005859375 1702.498046875
57.429991271457666 746.7631225585938 1696.4110107421875
57.62997963340122 761.2474975585938 1682.36962890625
57.663311027058484 759.3818359375 1680.5128173828125
57.86329938900204 765.5223388671875 1668.9573974609375
58.49659586848996 764.153564453125 1656.7830810546875
58.529927262147226 763.648193359375 1657.4935302734375
58.66325283677626 758.2763061523438 1662.152099609375
58.86324119871981 752.0819702148438 1671.8115234375
59.62986325283678 753.3568725585938 1685.9595947265625
59.96317718940937 764.992431640625 1673.0279541015625
59.99650858306663 765.8377685546875 1671.991455078125
60.69646784986907 765.5717163085938 1669.5306396484375
60.72979924352633 764.8644409179688 1670.88427734375
60.92978760546989 759.9176635742188 1682.2088623046875
60.9964503927844 758.9550170898438 1684.807861328125
61.29643293569974 754.5343017578125 1698.4332275390625
61.329764329357 753.4512329101562 1700.162841796875
61.39642711667152 753.2257080078125 1702.4835205078125
61.429758510328774 753.1384887695312 1702.897216796875
61.72974105324411 752.5577392578125 1706.166259765625
61.76307244690137 752.5577392578125 1706.166259765625
62.62968868199011 764.2010498046875 1671.7906494140625
62.69635146930462 766.9927978515625 1668.2061767578125
62.72968286296189 767.065185546875 1666.84521484375
62.829677043933664 764.4426879882812 1665.366455078125
62.896339831248184 764.219482421875 1664.1932373046875
62.92967122490544 763.9016723632812 1664.1138916015625
62.9630026185627 763.8896484375 1663.5645751953125
62.99633401221996 765.5994873046875 1659.62060546875
63.22965376782077 758.0344848632812 1663.880615234375
63.36297934244981 755.2572631835938 1667.475341796875
63.52963631073611 745.9236450195312 1674.7667236328125
64.36292115216759 746.3353881835938 1683.497314453125
64.39625254582485 746.3550415039062 1683.3668212890625
64.62957230142567 752.0906982421875 1681.4239501953125
64.66290369508292 752.898193359375 1681.6732177734375
64.69623508874018 752.9896850585938 1682.1903076171875
64.72956648239744 752.9163208007812 1682.28955078125
64.79622926971196 755.04736328125 1675.1536865234375
64.82956066336922 753.7223510742188 1682.730224609375
64.86289205702647 754.39892578125 1682.888916015625
64.89622345068373 754.4425659179688 1682.2691650390625
65.26286878091359 753.5960693359375 1694.1129150390625
65.56285132382892 747.6286010742188 1710.335205078125
65.59618271748619 747.2459716796875 1711.3387451171875
65.6628455048007 747.2449340820312 1713.0634765625
65.69617689845796 747.3798217773438 1713.7459716796875
65.72950829211521 747.3050537109375 1714.447998046875
65.76283968577248 747.799560546875 1714.4609375
65.79617107942974 747.6761474609375 1715.0177001953125
65.82950247308699 747.5696411132812 1715.06201171875
65.86283386674425 747.6320190429688 1715.19921875
65.89616526040152 747.406982421875 1716.6318359375
65.92949665405877 747.399658203125 1716.654541015625
65.96282804771603 747.492919921875 1716.211669921875
65.9961594413733 747.4434204101562 1716.649658203125
66.02949083503056 747.621337890625 1716.1163330078125
66.0628222286878 748.1480102539062 1716.17626953125
66.26281059063136 752.7984619140625 1708.320068359375
66.29614198428862 753.269775390625 1706.080810546875
66.32947337794589 754.284423828125 1703.7445068359375
66.42946755891766 761.4099731445312 1695.8387451171875
66.49613034623218 759.635498046875 1692.2904052734375
66.52946173988944 759.6455078125 1690.9287109375
66.59612452720395 760.01708984375 1687.3546142578125
66.729450101833 759.82958984375 1682.2503662109375
66.76278149549026 760.00146484375 1680.8812255859375
66.79611288914751 759.3075561523438 1680.4869384765625
66.82944428280477 759.1641845703125 1679.79736328125
66.86277567646204 759.3580932617188 1678.0338134765625
66.89610707011929 759.2870483398438 1677.4561767578125
66.92943846377655 759.06787109375 1676.6241455078125
66.99610125109106 758.5252075195312 1675.5361328125
67.02943264474833 758.1171875 1674.4068603515625
67.22942100669188 752.3177490234375 1674.59765625
67.49607215594996 746.0405883789062 1676.6197509765625
68.12936863543788 745.5781860351562 1676.3717041015625
68.29602560372417 754.9073486328125 1672.9139404296875
68.66267093395403 758.3233642578125 1663.0802001953125
68.6960023276113 758.2615966796875 1662.896728515625
68.72933372126855 758.4154052734375 1662.4996337890625
68.76266511492581 758.474853515625 1662.32275390625
68.82932790224032 758.3873901367188 1662.3524169921875
68.86265929589759 758.9663696289062 1661.864013671875
68.89599068955485 759.057861328125 1661.748291015625
68.9293220832121 759.2276611328125 1661.9427490234375
69.16264183881292 758.2194213867188 1662.3333740234375
69.22930462612744 757.1976928710938 1662.9072265625
69.59594995635729 745.9847412109375 1672.43896484375
69.62928135001455 745.030517578125 1672.796875
69.6626127436718 744.850341796875 1673.2679443359375
69.69594413732906 744.4177856445312 1673.7001953125
70.06258946755892 739.34716796875 1678.7099609375
70.09592086121617 739.2566528320312 1678.7757568359375
70.12925225487344 739.139892578125 1678.661865234375
70.1625836485307 738.73779296875 1678.9080810546875
70.39590340413152 735.3517456054688 1678.2550048828125
70.62922315973232 738.7540283203125 1676.192138671875
70.66255455338958 739.3547973632812 1675.5577392578125
71.46250800116381 744.995361328125 1679.4271240234375
72.19579866162351 745.6028442382812 1688.52197265625
72.22913005528076 746.2008666992188 1687.6669921875
72.26246144893803 746.40380859375 1688.4144287109375
72.29579284259529 746.5062255859375 1688.7330322265625
72.39578702356707 747.6044311523438 1689.3983154296875
72.79576374745417 752.5435180664062 1694.0623779296875
74.52899621763166 755.39306640625 1659.1187744140625
74.59565900494617 755.084716796875 1657.47265625
74.96230433517603 749.7543334960938 1653.6900634765625
74.99563572883329 749.9163208007812 1653.9364013671875
75.46227524003491 744.9642944335938 1653.309326171875
75.49560663369218 745.009765625 1653.4111328125
75.52893802734944 744.9491577148438 1653.5093994140625
75.59560081466395 744.6817626953125 1654.9156494140625
75.62893220832122 744.7329711914062 1654.8763427734375
75.66226360197847 744.7040405273438 1654.91650390625
75.69559499563573 744.685546875 1655.199951171875
75.728926389293 745.4492797851562 1655.5889892578125
75.76225778295024 745.6450805664062 1655.626953125
75.7955891766075 745.524658203125 1655.764892578125
75.82892057026477 745.6879272460938 1656.1649169921875
75.86225196392202 745.6859130859375 1655.710693359375
76.62887401803899 745.2656860351562 1675.5601806640625
77.32883328484144 745.8433837890625 1693.1165771484375
77.36216467849869 745.9986572265625 1693.358154296875
77.39549607215595 746.4583129882812 1694.3497314453125
77.46215885947046 747.2799072265625 1694.91845703125
80.6286412569101 746.6929931640625 1689.59716796875
80.72863543788188 746.848388671875 1690.1409912109375
80.76196683153914 747.07080078125 1690.161865234375
80.79529822519639 747.0266723632812 1690.5499267578125
80.82862961885365 746.9775390625 1690.599853515625
80.9619551934827 746.813720703125 1690.3428955078125
80.99528658713994 746.7867431640625 1690.35302734375
81.02861798079721 746.810546875 1690.3768310546875
81.06194937445447 746.8375854492188 1690.4071044921875
81.09528076811172 746.8853759765625 1690.498046875
81.12861216176898 746.5101928710938 1690.3572998046875
81.16194355542625 746.4978637695312 1690.201416015625
81.1952749490835 746.4332885742188 1690.0479736328125
81.22860634274076 746.2684326171875 1689.5609130859375
81.26193773639802 746.4170532226562 1689.0631103515625
81.32860052371254 747.1787719726562 1686.75048828125
82.76185045097469 746.1566162109375 1674.0975341796875
82.79518184463194 746.1923828125 1675.1981201171875
82.8285132382892 745.6744384765625 1676.41455078125
82.86184463194647 745.6768188476562 1676.4620361328125
82.89517602560373 745.65673828125 1676.477783203125
82.92850741926098 745.4096069335938 1676.9482421875
82.96183881291824 745.6614990234375 1677.1962890625
83.1618271748618 744.9479370117188 1678.8973388671875
83.22848996217631 745.126220703125 1679.3004150390625
83.26182135583358 745.1846313476562 1679.47509765625
83.29515274949084 745.2284545898438 1679.4951171875
83.32848414314809 745.5660400390625 1680.1402587890625
83.36181553680535 745.609130859375 1680.307861328125
83.39514693046262 745.4910278320312 1680.3465576171875
83.42847832411988 745.5161743164062 1680.3551025390625
83.46180971777713 745.3192138671875 1681.598876953125
83.49514111143439 745.3120727539062 1681.625732421875
83.5618038987489 745.9464721679688 1681.4736328125
83.59513529240617 745.47412109375 1682.3712158203125
83.62846668606343 745.9517822265625 1682.749267578125
83.66179807972068 745.567626953125 1682.725830078125
83.69512947337795 745.9898681640625 1683.446533203125
83.72846086703521 746.037109375 1683.25927734375
84.72840267675298 751.9508056640625 1681.0382080078125
84.7950654640675 752.7044677734375 1680.28857421875
85.02838521966832 753.2608032226562 1677.6224365234375
85.06171661332557 753.4198608398438 1677.1868896484375
85.1283794006401 752.840576171875 1677.262939453125
85.16171079429735 753.1173706054688 1676.4239501953125
85.19504218795461 752.9998168945312 1676.859619140625
85.22837358161188 753.3106079101562 1675.8199462890625
85.26170497526913 753.4581909179688 1675.43603515625
85.29503636892639 753.4871215820312 1675.3116455078125
85.32836776258365 753.5986328125 1674.958251953125
85.3616991562409 754.59375 1675.6795654296875
85.39503054989817 753.8651733398438 1674.2935791015625
85.46169333721268 755.3519897460938 1676.0177001953125
85.49502473086994 753.511474609375 1674.551513671875
86.06165842304335 758.217041015625 1676.553466796875
86.16165260401513 759.5604248046875 1678.221923828125
86.1949839976724 759.6279907226562 1678.6607666015625
87.62823392493453 759.1696166992188 1694.11376953125
88.62817573465232 752.0390014648438 1657.0889892578125
88.66150712830958 751.9891357421875 1655.85205078125
88.69483852196683 752.1698608398438 1654.1083984375
88.7281699156241 751.6215209960938 1653.8056640625
88.76150130928136 751.36376953125 1652.952392578125
88.7948327029386 754.0289306640625 1652.3021240234375
88.89482688391038 750.7186279296875 1649.1365966796875
88.92815827756765 753.8639526367188 1649.1004638671875
88.99482106488216 750.2990112304688 1646.2044677734375
89.02815245853942 749.8021240234375 1646.2364501953125
89.2948036077975 744.6505737304688 1644.562255859375
89.62811754437008 738.1456298828125 1651.2318115234375
89.82810590631365 732.87158203125 1658.8460693359375
89.89476869362817 731.5208129882812 1661.507568359375
89.92810008728543 731.5037841796875 1662.9000244140625
89.96143148094268 731.3833618164062 1663.4696044921875
90.12808844922898 732.0396118164062 1668.6734619140625
90.16141984288623 732.21435546875 1669.41650390625
90.1947512365435 732.5597534179688 1669.703125
90.22808263020076 732.6495361328125 1670.1988525390625
90.29474541751527 733.1045532226562 1673.0457763671875
90.62805935408787 740.4094848632812 1677.5174560546875
91.19469304626128 752.0164184570312 1679.294921875
91.22802443991853 752.3876953125 1679.6939697265625
91.26135583357579 752.7589111328125 1679.7178955078125
91.92798370672098 751.8401489257812 1680.6611328125
92.22796624963631 745.2739868164062 1686.0316162109375
92.7279371544952 745.2142333984375 1687.052734375
92.79459994180972 746.5009765625 1687.728759765625
92.96125691009601 751.9797973632812 1684.9727783203125
93.02791969741054 756.1085205078125 1684.870849609375
93.42789642129765 759.3570556640625 1681.4422607421875
93.46122781495491 759.599609375 1681.83251953125
93.49455920861216 759.2488403320312 1682.7037353515625
93.52789060226942 760.574951171875 1682.3466796875
94.09452429444283 760.574462890625 1702.67138671875
94.12785568810008 760.3744506835938 1704.0711669921875
94.16118708175735 760.592041015625 1704.669189453125
94.19451847541461 759.5912475585938 1706.0279541015625
94.22784986907186 759.6570434570312 1706.1546630859375
94.26118126272912 759.7823486328125 1707.1068115234375
94.29451265638639 759.803955078125 1708.2139892578125
94.59449519930172 760.2266235351562 1712.0614013671875
94.62782659295898 760.4850463867188 1712.3348388671875
94.66115798661623 760.4605712890625 1712.682861328125
94.6944893802735 760.5298461914062 1712.811767578125
94.72782077393076 760.711669921875 1712.9820556640625
94.76115216758801 760.8707275390625 1712.32666015625
95.06113471050335 765.484375 1702.2528076171875
95.0944661041606 766.3106689453125 1700.622314453125
95.12779749781787 766.2509155273438 1698.884521484375
95.66109979633401 765.3583374023438 1674.6781005859375
96.09440791387838 751.6087646484375 1669.6416015625
96.26106488216467 745.9774169921875 1670.30029296875
96.49438463776549 738.8325805664062 1674.011962890625
96.56104742508002 738.298583984375 1673.6265869140625
96.59437881873727 738.1041259765625 1673.423583984375
97.69431480942683 744.7763671875 1673.15771484375
97.72764620308409 745.0552368164062 1673.168701171875
97.7943089903986 745.0971069335938 1674.8126220703125
99.26089031131801 754.979248046875 1688.9049072265625
99.32755309863254 752.6054077148438 1686.3974609375
99.36088449228978 752.7003784179688 1685.7066650390625
99.96084957812046 745.6810913085938 1680.177490234375
99.99418097177771 745.0645141601562 1680.1849365234375
100.19416933372126 738.974853515625 1684.6954345703125
100.8274658132092 738.8543701171875 1689.73828125
100.86079720686645 738.9343872070312 1689.33935546875
100.92745999418098 740.4151000976562 1688.8560791015625
100.96079138783823 740.5075073242188 1688.6529541015625
103.22732615653186 740.1936645507812 1683.3695068359375
103.26065755018912 742.6534423828125 1685.739501953125
103.3606517311609 739.248291015625 1687.2215576171875
103.42731451847541 738.0338745117188 1688.6947021484375
103.99394821064882 739.7844848632812 1688.9136962890625
104.02727960430609 739.4744262695312 1687.833740234375
104.19393657259238 746.5116577148438 1679.36865234375
104.32726214722142 751.2401733398438 1673.6319580078125
104.36059354087867 751.6299438476562 1671.6898193359375
104.39392493453593 754.7725830078125 1670.52392578125
104.72723887110853 757.3438110351562 1663.078369140625
104.76057026476579 757.39697265625 1662.8741455078125
104.96055862670934 758.3282470703125 1659.85791015625
104.9938900203666 758.1953125 1660.0198974609375
105.02722141402386 758.2850341796875 1659.9898681640625
105.06055280768112 758.3878173828125 1660.2281494140625
105.09388420133838 758.1773071289062 1660.7042236328125
105.12721559499563 758.1741333007812 1660.7603759765625
105.1605469886529 757.9818115234375 1661.335205078125
105.19387838231016 758.105224609375 1661.662353515625
105.42719813791096 751.0515747070312 1671.656982421875
105.46052953156823 752.0118408203125 1673.923095703125
105.59385510619727 746.0809326171875 1680.855224609375
106.82711667151585 758.9801635742188 1671.3372802734375
106.86044806517312 758.4664306640625 1670.4058837890625
106.89377945883038 758.2157592773438 1669.723876953125
106.92711085248763 758.0319213867188 1669.453369140625
106.9604422461449 757.8335571289062 1669.0408935546875
107.0271050334594 757.5842895507812 1666.3671875
107.06043642711667 757.5269165039062 1665.99609375
107.79372708757637 754.1737670898438 1656.6832275390625
107.82705848123364 750.5240478515625 1654.8590087890625
107.8603898748909 750.0767822265625 1654.84033203125
107.89372126854815 749.3585205078125 1655.40625
107.92705266220541 749.2930297851562 1655.60595703125
109.12698283386675 752.3917846679688 1676.085693359375
109.42696537678208 759.5521850585938 1676.2425537109375
109.46029677043934 759.567138671875 1676.6800537109375
109.49362816409659 759.7294311523438 1676.76806640625
109.86027349432645 758.6986694335938 1677.73828125
109.89360488798371 758.5588989257812 1677.75146484375
110.02693046261274 753.7228393554688 1681.4610595703125
110.22691882455631 746.434326171875 1687.5660400390625
110.26025021821356 745.9379272460938 1688.85107421875
110.29358161187082 745.8773193359375 1689.510009765625
110.99354087867326 745.8695678710938 1701.0244140625
111.06020366598779 746.138671875 1703.1668701171875
111.09353505964503 747.4298095703125 1702.1015625
111.82682572010475 748.7057495117188 1704.66650390625
111.860157113762 747.2353515625 1705.650146484375
111.89348850741926 747.321044921875 1705.75732421875
112.06014547570555 742.3583374023438 1704.7579345703125
112.32679662496363 742.8909912109375 1708.17724609375
112.3601280186209 742.8923950195312 1707.470458984375
112.46012219959267 741.6207275390625 1705.8045654296875
112.5934477742217 746.3336791992188 1700.724609375
112.62677916787896 747.7401123046875 1699.6650390625
112.79343613616525 753.6638793945312 1690.6466064453125
113.79337794588304 752.7566528320312 1664.6065673828125
113.8267093395403 752.166259765625 1664.3726806640625
113.89337212685481 750.9867553710938 1664.2047119140625
114.09336048879837 745.0595092773438 1665.891357421875
114.1600232761129 744.357177734375 1665.8553466796875
114.19335466977014 744.149169921875 1666.0904541015625
114.3933430317137 742.2142944335938 1673.4366455078125
114.49333721268549 738.8380737304688 1674.923095703125
114.52666860634274 738.8602294921875 1675.27978515625
114.56 738.60302734375 1675.743408203125
114.59333139365727 738.3544921875 1676.39208984375
114.65999418097178 738.6848754882812 1677.197509765625
114.72665696828629 738.6064453125 1679.21923828125
114.82665114925807 739.0040893554688 1680.6287841796875
114.8933139365726 738.7984619140625 1681.2901611328125
114.92664533022985 739.017822265625 1681.2421875
114.95997672388711 739.2352294921875 1681.7386474609375
114.99330811754437 738.9761962890625 1683.2845458984375
115.02663951120164 739.0491943359375 1682.633544921875
115.05997090485889 739.2357788085938 1682.6954345703125
115.09330229851615 739.219970703125 1682.833984375
115.12663369217341 739.1737670898438 1682.7763671875
115.15996508583066 739.7190551757812 1682.342041015625
115.19329647948793 740.156494140625 1682.35791015625
116.359895257492 751.2529296875 1664.8790283203125
116.39322665114926 750.5714721679688 1665.4342041015625
116.42655804480651 748.9403686523438 1666.2296142578125
116.5265522257783 746.1309814453125 1669.5032958984375
117.45983124818156 744.6594848632812 1668.7408447265625
117.49316264183881 744.8641357421875 1667.1671142578125
118.12645912132675 745.0938110351562 1663.047119140625
118.39311027058481 732.6832885742188 1678.3724365234375
118.52643584521385 729.1887817382812 1685.5211181640625
119.12640093104451 734.3482055664062 1702.8045654296875
119.29305789933082 740.1047973632812 1702.146728515625
119.35972068664533 740.915283203125 1700.8603515625
120.02634855979052 740.7938842773438 1702.90283203125
120.99295897585104 740.4013671875 1704.916015625
121.02629036950829 741.0068359375 1703.1033935546875
122.75952283968577 725.1618041992188 1684.3289794921875
123.19283095723014 725.9884643554688 1692.046142578125
123.2261623508874 725.518310546875 1693.1932373046875
123.25949374454466 726.87646484375 1691.880859375
123.3928193191737 732.1138916015625 1689.8990478515625
123.82612743671807 753.45654296875 1668.785888671875
123.95945301134711 760.4940795898438 1667.4385986328125
123.99278440500437 758.9342651367188 1664.4688720703125
124.22610416060517 767.2222900390625 1654.1806640625
124.72607506546407 768.8032836914062 1642.1473388671875
124.79273785277859 768.7666015625 1642.111572265625
124.82606924643585 769.114990234375 1640.3128662109375
125.09272039569392 764.1073608398438 1643.522705078125
125.12605178935118 763.8678588867188 1644.2569580078125
125.1927145766657 762.4933471679688 1646.8697509765625
125.45936572592377 752.0510864257812 1663.873291015625
125.49269711958104 750.801513671875 1666.8592529296875
126.72595868489962 747.6255493164062 1719.97119140625
126.8259528658714 752.161376953125 1714.374755859375
126.89261565318591 754.975341796875 1710.699951171875
127.99255164387547 765.0965576171875 1658.6783447265625
128.2258713994763 750.052734375 1671.5294189453125
128.42585976141984 739.3654174804688 1683.75146484375
128.4591911550771 739.0419311523438 1684.8994140625
129.32580739016583 746.0927734375 1686.8218994140625
130.32574919988363 752.2903442382812 1672.1741943359375
130.45907477451266 747.2964477539062 1677.741455078125
130.4924061681699 745.4951782226562 1680.173828125
130.62573174279896 740.7064819335938 1686.11962890625
130.6590631364562 739.2894287109375 1687.8780517578125
130.69239453011346 739.2319946289062 1688.6942138671875
131.45901658423043 740.1305541992188 1691.6693115234375
131.69233633983126 746.0628051757812 1681.079345703125
131.7256677334885 745.9056396484375 1679.35107421875
131.85899330811753 745.8406372070312 1676.0706787109375
131.8923247017748 745.6704711914062 1675.0037841796875
131.92565609543206 745.2653198242188 1674.977294921875
131.9589874890893 745.4323120117188 1673.473388671875
131.9923188827466 745.2392578125 1672.8721923828125
132.02565027640384 745.113525390625 1672.260498046875
132.6256153622345 732.8959350585938 1677.2198486328125
132.85893511783533 727.2627563476562 1688.507568359375
132.92559790514983 726.6082153320312 1690.7437744140625
133.0255920861216 726.8582763671875 1694.2586669921875
133.15891766075066 730.8084106445312 1698.1815185546875
133.75888274658132 741.2006225585938 1699.166748046875
134.0921966831539 753.56591796875 1681.3087158203125
134.2588536514402 759.3008422851562 1671.1954345703125
134.4255106197265 764.4835815429688 1662.8995361328125
134.45884201338376 765.0264892578125 1662.5701904296875
135.0921384928717 764.4324340820312 1658.993896484375
135.22546406750072 758.721923828125 1666.3707275390625
136.158743089904 752.7892456054688 1687.909423828125
136.19207448356124 753.8453979492188 1686.798095703125
136.25873727087577 756.5745849609375 1679.0982666015625
136.29206866453302 757.4354858398438 1682.68310546875
136.35873145184755 758.3961181640625 1680.31591796875
136.3920628455048 759.2374267578125 1679.3585205078125
136.85870235670643 759.1094360351562 1679.2777099609375
136.92536514402096 758.164794921875 1680.2283935546875
137.09202211230723 752.0726318359375 1688.472900390625
137.2253476869363 747.1107788085938 1696.14892578125
138.0253011347105 747.517333984375 1711.1578369140625
138.32528367762583 759.6041870117188 1690.5238037109375
138.5252720395694 764.676513671875 1676.498046875
138.55860343322666 765.1383666992188 1674.6175537109375
138.62526622054116 765.620361328125 1670.6336669921875
138.65859761419844 765.3068237304688 1669.550048828125
138.6919290078557 764.9837646484375 1668.5606689453125
138.72526040151294 764.9312744140625 1667.8006591796875
138.79192318882747 764.8447265625 1665.009033203125
138.82525458248472 767.3198852539062 1665.45849609375
138.95858015711377 763.6666259765625 1661.28173828125
139.12523712540005 758.4879760742188 1662.7852783203125
139.6585394239162 738.1900634765625 1687.688232421875
140.3918300843759 746.3615112304688 1696.9283447265625
140.52515565900495 753.0177612304688 1690.5382080078125
140.65848123363398 758.3890380859375 1683.573974609375
140.69181262729126 759.3414916992188 1681.90966796875
140.8918009892348 764.480712890625 1674.4483642578125
140.92513238289206 766.0814208984375 1672.0693359375
141.69175443700902 764.3021240234375 1663.2008056640625
142.12506255455338 752.7345581054688 1688.3353271484375
143.0250101832994 747.140869140625 1701.522705078125
143.05834157695665 747.1204833984375 1700.9052734375
143.32499272621473 752.2071533203125 1684.7467041015625
143.4249869071865 752.6485595703125 1679.369873046875
143.52498108815828 752.3640747070312 1676.08837890625
143.9249578120454 755.0712280273438 1664.137451171875
143.95828920570264 752.2993774414062 1665.5009765625
143.99162059935992 751.8317260742188 1664.5130615234375
144.02495199301717 751.2530517578125 1665.1868896484375
144.05828338667442 750.9248046875 1664.983154296875
144.25827174861797 745.6297607421875 1669.556640625
144.4915915042188 740.09619140625 1678.273681640625
144.5582542915333 739.5252685546875 1681.0885009765625
144.59158568519058 739.7296752929688 1682.119140625
144.62491707884783 739.8883666992188 1682.0108642578125
144.65824847250508 739.8450317382812 1682.510498046875
144.69157986616236 740.0181884765625 1682.8240966796875
145.1248879837067 745.8844604492188 1682.485595703125
145.35820773930755 757.367919921875 1670.1573486328125
146.32481815536806 757.8103637695312 1655.1131591796875
146.6248006982834 751.1368408203125 1670.891357421875
146.82478906022695 745.7848510742188 1683.142822265625
146.89145184754148 745.5086669921875 1686.1905517578125
147.6914052953157 745.3641967773438 1705.1392822265625
148.22470759383182 758.4503173828125 1694.22216796875
148.29137038114635 758.8021240234375 1693.591796875
148.3247017748036 758.8165283203125 1693.0628662109375
148.35803316846088 758.9174194335938 1692.8582763671875
148.39136456211813 759.5463256835938 1692.1434326171875
148.42469595577538 759.7254028320312 1692.004150390625
148.45802734943265 763.2482299804688 1691.7679443359375
148.4913587430899 763.2225341796875 1691.6043701171875
148.52469013674715 760.17822265625 1690.7357177734375
148.55802153040443 760.2199096679688 1690.27978515625
150.82455629909805 756.3956298828125 1589.869873046875
150.8578876927553 752.9036865234375 1590.098388671875
151.05787605469888 747.7221069335938 1599.285400390625
151.09120744835613 746.8264770507812 1601.4697265625
151.72450392784404 742.6998901367188 1633.40771484375
151.82449810881582 743.1158447265625 1637.1937255859375
152.05781786441665 749.6541748046875 1644.57763671875
152.0911492580739 749.94091796875 1645.3782958984375
152.12448065173118 750.2809448242188 1646.6103515625
152.15781204538843 750.4342651367188 1647.4024658203125
152.29113762001745 750.6189575195312 1652.8421630859375
152.32446901367473 750.4483642578125 1653.9454345703125
152.4244631946465 750.6493530273438 1658.275634765625
152.9244340995054 746.2734985351562 1687.250244140625
153.12442246144894 740.3671264648438 1702.5225830078125
153.29107942973525 735.9658813476562 1715.860595703125
153.3244108233925 735.3349609375 1718.47314453125
153.39107361070702 734.9155883789062 1722.93017578125
153.4910677916788 737.2998046875 1730.7115478515625
153.52439918533605 734.122802734375 1731.91748046875
153.5577305789933 734.57568359375 1733.9517822265625
153.62439336630783 734.8606567382812 1737.2401123046875
153.65772475996508 734.6044921875 1739.076171875
153.82438172825138 736.4920043945312 1746.7799072265625
154.32435263311027 756.763916015625 1753.9881591796875
154.49100960139657 765.239990234375 1750.03759765625
154.5576723887111 762.9542236328125 1752.0772705078125
154.65766656968287 763.8334350585938 1751.248291015625
154.69099796334012 763.4050903320312 1752.068115234375
154.9576491125982 765.5995483398438 1749.9534912109375
154.99098050625545 763.3468017578125 1750.74755859375
155.0243118999127 762.8715209960938 1752.041259765625
155.05764329356998 762.3109741210938 1753.43896484375
155.190968868199 759.3847045898438 1758.7723388671875
155.6909397730579 742.4300537109375 1769.468017578125
155.92425952865872 739.2960205078125 1768.6793212890625
155.95759092231597 739.2078857421875 1768.5028076171875
155.99092231597322 738.4955444335938 1771.002197265625
156.19091067791678 736.4415283203125 1769.4141845703125
156.62421879546116 743.49951171875 1752.487548828125
157.1575210939773 755.5743408203125 1724.71923828125
157.39084084957813 763.276123046875 1710.542724609375
157.42417224323538 760.0707397460938 1708.3046875
157.45750363689265 760.7429809570312 1705.7646484375
157.4908350305499 760.4710693359375 1704.5228271484375
157.52416642420715 760.9241333007812 1701.8675537109375
158.1574629036951 759.50927734375 1673.199951171875
158.5574396275822 738.7273559570312 1676.6610107421875
158.7240965958685 732.0712280273438 1675.67626953125
158.75742798952575 730.979736328125 1674.5343017578125
158.99074774512655 725.3936157226562 1665.0062255859375
159.1907361070701 721.5324096679688 1652.39599609375
159.42405586267094 722.7054443359375 1633.10107421875
159.4573872563282 723.3005981445312 1630.0662841796875
159.49071864998547 723.8381958007812 1628.30322265625
159.52405004364272 724.03759765625 1626.0894775390625
159.6240442246145 723.563232421875 1621.3338623046875
160.12401512947338 716.730224609375 1616.742431640625
160.15734652313063 715.6162719726562 1617.5384521484375
160.1906779167879 715.8790893554688 1617.2225341796875
160.35733488507418 710.1222534179688 1619.7430419921875
161.12395693919115 711.9239501953125 1649.943603515625
161.2572825138202 718.60986328125 1652.041015625
161.52393366307828 732.8938598632812 1650.1197509765625
161.62392784405006 741.3379516601562 1646.78173828125
161.75725341867908 744.8775024414062 1644.6536865234375
161.9239103869654 750.9163208007812 1643.4942626953125
161.95724178062264 751.0818481445312 1644.363525390625
162.29055571719522 756.9110107421875 1647.78564453125
162.3238871108525 757.6251220703125 1648.7589111328125
162.5572068664533 758.3629760742188 1663.1708984375
162.79052662205413 753.517822265625 1684.974365234375
162.8905208030259 752.298095703125 1694.173583984375
163.19050334594124 748.6199951171875 1719.7095947265625
163.25716613325574 748.5844116210938 1724.7557373046875
163.29049752691301 749.1438598632812 1726.3974609375
163.7904684317719 755.3624267578125 1750.4552001953125
164.190445155659 762.3706665039062 1755.6220703125
164.39043351760256 767.9038696289062 1751.001220703125
164.4570963049171 768.9617309570312 1749.5311279296875
164.49042769857434 768.8086547851562 1748.5838623046875
164.62375327320336 769.515380859375 1745.1363525390625
164.65708466686064 768.8419189453125 1744.128173828125
165.22371835903405 762.5242309570312 1729.5986328125
165.35704393366308 758.213134765625 1726.9716796875
165.72368926389294 751.7637939453125 1717.2952880859375
166.19032877509457 748.2083129882812 1715.1986083984375
166.22366016875182 748.1718139648438 1714.7864990234375
166.25699156240907 747.8951416015625 1714.5360107421875
166.29032295606635 747.7619018554688 1714.1324462890625
166.35698574338085 747.4751586914062 1713.95654296875
166.39031713703812 747.84423828125 1712.80078125
166.42364853069537 747.3901977539062 1712.7506103515625
166.890288041897 747.1253051757812 1712.2708740234375
166.92361943555426 750.4020385742188 1713.23681640625
167.02361361652603 747.8326416015625 1713.5848388671875
167.0569450101833 748.6808471679688 1713.0533447265625
167.3902589467559 754.0009765625 1715.8612060546875
167.45692173407042 755.0390014648438 1716.547607421875
167.9568926389293 760.0853881835938 1720.89794921875
167.99022403258655 760.5198364257812 1720.090576171875
168.02355542624383 760.1411743164062 1721.2916259765625
168.05688681990108 760.81201171875 1720.4158935546875
168.1235496072156 761.180908203125 1721.4249267578125
168.15688100087286 761.7636108398438 1720.929931640625
168.89017166133257 767.2097778320312 1719.8504638671875
168.92350305498982 767.251708984375 1719.9769287109375
168.95683444864707 767.2806396484375 1719.6064453125
168.99016584230435 767.2587890625 1719.588134765625
169.0234972359616 767.2017211914062 1719.633056640625
169.05682862961885 767.177734375 1719.661865234375
169.09016002327613 767.1282958984375 1719.8538818359375
169.12349141693338 767.159912109375 1719.6575927734375
169.15682281059063 767.0765991210938 1719.5526123046875
169.1901542042479 766.9286499023438 1719.4110107421875
169.22348559790515 767.0797729492188 1719.540283203125
170.42341576956647 767.3153076171875 1724.416015625
170.490078556881 768.4725341796875 1722.2764892578125
171.49002036659877 769.1768188476562 1689.473876953125
171.52335176025605 765.530029296875 1689.13525390625
171.82333430317138 757.9537963867188 1692.1947021484375
171.98999127145765 755.0369873046875 1698.53173828125
172.18997963340124 747.0333862304688 1704.152099609375
172.2233110270585 746.938720703125 1704.6405029296875
172.25664242071574 746.9478149414062 1704.837646484375
172.3566366016875 746.0352783203125 1706.302490234375
172.68995053826012 746.3375854492188 1712.7447509765625
173.25658423043353 747.692138671875 1717.82763671875
173.28991562409078 747.8496704101562 1718.1669921875
173.98987489089322 750.958251953125 1714.2596435546875
174.28985743380855 749.945068359375 1711.1956787109375
174.32318882746583 749.69287109375 1710.4493408203125
174.62317137038116 746.7257690429688 1706.1759033203125
175.05647948792551 746.5026245117188 1703.315185546875
175.08981088158276 746.49072265625 1703.0645751953125
175.12314227524004 746.6074829101562 1703.0914306640625
175.1564736688973 746.592529296875 1703.169677734375
175.18980506255457 747.10546875 1702.2510986328125
175.28979924352635 747.8641357421875 1701.3958740234375
175.98975851032878 756.7902221679688 1693.363525390625
178.35628745999418 754.8875122070312 1701.7542724609375
178.38961885365146 754.4971923828125 1702.155029296875
178.55627582193773 753.6328735351562 1705.6075439453125
178.589607215595 753.5133666992188 1706.1500244140625
179.12290951411114 754.1119995117188 1711.59228515625
179.1562409077684 754.1895141601562 1711.5986328125
179.18957230142567 754.23046875 1711.610107421875
179.22290369508292 754.7798461914062 1711.7952880859375
179.75620599359908 759.6284790039062 1707.5408935546875
179.78953738725633 759.7557983398438 1706.9810791015625
179.82286878091358 759.9746704101562 1706.7025146484375
179.85620017457086 760.42333984375 1706.0880126953125
179.8895315682281 760.2040405273438 1705.6270751953125
179.92286296188536 760.0989379882812 1705.2156982421875
180.02285714285713 759.6554565429688 1703.3641357421875
180.7228164096596 756.7777099609375 1691.4547119140625
180.7894791969741 752.733642578125 1692.236572265625
180.82281059063138 752.4326171875 1691.4486083984375
180.85614198428863 755.0354614257812 1692.220458984375
182.52271166715158 753.3743896484375 1704.0494384765625
182.55604306080886 753.7348022460938 1704.3458251953125
182.5893744544661 753.7300415039062 1704.3116455078125
182.62270584812336 753.7962646484375 1704.2894287109375
182.65603724178064 753.7955322265625 1704.3297119140625
182.6893686354379 753.7955322265625 1704.3297119140625
182.72270002909514 753.7936401367188 1704.3714599609375
182.75603142275241 753.9000854492188 1704.448486328125
182.78936281640966 754.0574951171875 1704.4051513671875
182.8226942100669 754.1361694335938 1704.3074951171875
183.2560023276113 757.1575927734375 1699.4107666015625
183.35599650858308 756.268310546875 1698.3284912109375
183.58931626418388 752.4360961914062 1694.121826171875
183.62264765784116 752.4987182617188 1692.489990234375
183.68931044515566 752.3237915039062 1691.3590087890625
184.3226069246436 746.2570190429688 1689.150146484375
184.7225836485307 739.7515258789062 1695.4349365234375
184.75591504218795 739.44775390625 1696.181396484375
185.55586848996217 740.7127685546875 1712.4892578125
185.58919988361944 741.22998046875 1712.1329345703125
185.789188245563 746.7362060546875 1706.87939453125
186.25582775676463 752.6004638671875 1693.243408203125
186.32249054407913 753.9025268554688 1691.91259765625
186.88912423625254 753.137451171875 1678.691650390625
186.92245562990982 754.9614868164062 1677.224853515625
187.2557695664824 745.2068481445312 1679.518798828125
187.35576374745418 744.1605224609375 1680.4569091796875
188.02239162059936 745.78173828125 1690.353515625
188.0557230142566 746.3634033203125 1690.698486328125
188.12238580157114 747.7827758789062 1691.115234375
188.58902531277278 759.247314453125 1690.986083984375
189.85561827174863 758.9760131835938 1689.98486328125
190.65557171952284 752.8955688476562 1692.6929931640625
190.6889031131801 752.7446899414062 1693.0645751953125
190.72223450683737 752.743896484375 1692.882568359375
191.78883910386966 756.6454467773438 1700.5533447265625
191.8221704975269 753.8483276367188 1699.3251953125
191.85550189118416 753.8483276367188 1699.3251953125
191.88883328484144 753.8947143554688 1699.38232421875
191.9221646784987 753.8919067382812 1699.382568359375
191.95549607215594 753.8943481445312 1699.3870849609375
191.98882746581322 753.8897094726562 1699.393798828125
192.02215885947047 754.0531616210938 1699.2860107421875
192.05549025312774 754.09130859375 1699.3702392578125
192.088821646785 754.0860595703125 1699.4005126953125
192.12215304044224 754.0958862304688 1699.36572265625
192.15548443409952 753.9988403320312 1699.42578125
192.18881582775677 753.9996337890625 1699.40771484375
192.22214722141402 753.9541625976562 1699.41552734375
192.2554786150713 753.9531860351562 1699.40771484375
192.28881000872855 753.8917846679688 1699.409423828125
192.3221414023858 753.871337890625 1699.3184814453125
192.35547279604307 753.9102172851562 1699.0924072265625
192.38880418970032 753.7495727539062 1698.845458984375
192.42213558335757 753.7134399414062 1698.641845703125
192.45546697701485 753.7455444335938 1698.4556884765625
192.4887983706721 753.7203369140625 1698.515380859375
192.52212976432935 753.757080078125 1698.449951171875
192.55546115798663 753.750732421875 1698.1971435546875
192.58879255164388 753.7504272460938 1698.1243896484375
192.62212394530113 753.5599365234375 1697.9991455078125
192.6554553389584 753.6279907226562 1697.9088134765625
192.68878673261565 753.4793090820312 1697.6641845703125
192.7221181262729 753.5099487304688 1697.6036376953125
192.75544951993018 753.4722900390625 1697.5189208984375
192.78878091358743 753.4755859375 1697.1556396484375
192.95543788187373 753.9530029296875 1695.9190673828125
193.1554262438173 753.4634399414062 1696.0941162109375
193.18875763747454 753.6719360351562 1695.697265625
193.42207739307537 753.0302124023438 1699.3333740234375
193.88871690427698 753.8168334960938 1719.9752197265625
193.92204829793425 753.6986083984375 1722.0997314453125
194.08870526622053 754.4307250976562 1727.589599609375
194.1220366598778 754.5130004882812 1728.8529052734375
194.18869944719233 757.7106323242188 1732.9248046875
194.22203084084958 757.89453125 1734.102783203125
194.3553564154786 756.4207153320312 1738.313232421875
194.98865289496655 764.0489501953125 1778.52685546875
195.0219842886238 764.2655639648438 1780.5810546875
196.38857142857142 764.898193359375 1802.90673828125
196.8885423334303 760.3536376953125 1784.3275146484375
196.95520512074484 758.1074829101562 1782.819580078125
197.58850160023277 749.3290405273438 1762.7537841796875
197.78848996217633 748.92822265625 1756.5966796875
198.88842595286587 759.2808837890625 1675.81982421875
199.38839685772476 757.2102661132812 1632.310302734375
199.45505964503928 755.9568481445312 1626.7723388671875
199.48839103869653 755.2136840820312 1623.965576171875
199.72171079429737 750.3119506835938 1609.158935546875
199.75504218795461 752.142578125 1608.632568359375
199.98836194355542 741.927978515625 1601.126953125
200.0216933372127 741.90087890625 1599.9671630859375
200.05502473086995 741.7265014648438 1598.2396240234375
200.28834448647075 734.2459106445312 1593.954345703125
200.4216700610998 731.961181640625 1591.4693603515625
200.45500145475705 728.002685546875 1590.7476806640625
200.62165842304336 721.82861328125 1588.4150390625
200.78831539132966 718.556396484375 1588.1507568359375
200.8216467849869 715.5310668945312 1587.35791015625
201.02163514693046 708.3370361328125 1586.210693359375
201.0549665405877 707.59619140625 1585.1259765625
201.22162350887402 701.602294921875 1582.0272216796875
201.58826883910388 694.6368408203125 1570.103271484375
201.82158859470468 689.6785888671875 1562.3251953125
201.85491998836196 689.003173828125 1562.0645751953125
201.8882513820192 687.6998291015625 1562.177490234375
201.95491416933373 686.6167602539062 1560.2938232421875
201.98824556299098 686.53466796875 1559.77294921875
202.18823392493454 681.3093872070312 1558.8753662109375
202.2215653185918 680.9547729492188 1558.2750244140625
202.25489671224906 679.5904541015625 1558.3629150390625
202.35489089322084 675.077392578125 1559.4169921875
202.48821646784987 668.9439697265625 1562.154052734375
202.52154786150712 667.48583984375 1563.5579833984375
202.82153040442248 656.0159912109375 1575.6385498046875
202.85486179807972 656.0795288085938 1576.582275390625
202.92152458539425 655.0150146484375 1579.05859375
203.5214896712249 654.3563232421875 1598.664794921875
203.72147803316847 656.8287353515625 1601.61328125
203.75480942682572 657.2207641601562 1602.5147705078125
204.0214605760838 666.3770751953125 1608.251220703125
204.05479196974105 664.3423461914062 1607.5513916015625
204.32144311899913 673.084716796875 1613.8052978515625
204.35477451265638 671.1367797851562 1613.8331298828125
204.65475705557174 677.6741333007812 1620.1748046875
204.9214082048298 682.4588012695312 1626.865234375
205.05473377945884 684.272216796875 1627.839599609375
205.12139656677334 686.7597045898438 1630.30029296875
205.15472796043062 684.212646484375 1629.686279296875
205.2547221414024 685.2958374023438 1630.1356201171875
205.58803607797498 694.4344482421875 1634.2117919921875
205.8213558335758 698.3677978515625 1635.680908203125
206.08800698283386 704.6505737304688 1640.375
206.7213034623218 716.6307373046875 1646.7548828125
206.8879604306081 718.3860473632812 1645.60986328125
206.92129182426535 718.4658203125 1645.239990234375
206.9546232179226 718.4656372070312 1644.9005126953125
207.55458830375326 730.62890625 1636.605712890625
207.58791969741054 730.87548828125 1635.5281982421875
207.75457666569682 731.5203857421875 1635.0743408203125
208.25454757055573 736.9080200195312 1635.99951171875
208.28787896421298 737.65380859375 1635.3824462890625
209.0211696246727 743.8573608398438 1635.0965576171875
209.05450101832994 743.8013916015625 1634.887451171875
209.4878091358743 757.3670654296875 1638.5096435546875
209.68779749781785 764.089599609375 1641.828369140625
211.88766947919697 781.962890625 1645.7020263671875
211.92100087285422 782.6058959960938 1645.3262939453125
211.9543322665115 783.0453491210938 1647.00341796875
211.98766366016875 783.073974609375 1647.533447265625
212.05432644748328 783.7583618164062 1649.196533203125
212.22098341576958 787.5082397460938 1651.5152587890625
212.3543089903986 790.7600708007812 1654.42236328125
212.6209601396567 796.5645141601562 1654.84619140625
212.72095432062846 800.4739990234375 1654.5311279296875
212.78761710794296 805.0508422851562 1654.7137451171875
212.92094268257202 809.06787109375 1650.6651611328125
213.08759965085832 816.02197265625 1646.4136962890625
213.32091940645913 823.1296997070312 1642.5216064453125
213.35425080011638 821.3028564453125 1641.746337890625
214.02087867326156 822.359130859375 1651.390380859375
214.2541984288624 816.3694458007812 1659.66943359375
214.28752982251964 816.1010131835938 1659.5731201171875
214.3208612161769 815.920166015625 1660.388427734375
214.6541751527495 809.0520629882812 1661.6962890625
215.02082048297933 801.75830078125 1649.3748779296875
215.0541518766366 801.7179565429688 1646.5228271484375
215.08748327029386 801.9754638671875 1644.5501708984375
215.1208146639511 802.8703002929688 1641.4569091796875
215.35413441955194 802.1422729492188 1629.2950439453125
215.3874658132092 801.5912475585938 1627.318603515625
215.42079720686647 801.3383178710938 1626.3265380859375
217.2540238580157 796.6035766601562 1654.9251708984375
217.32068664533023 796.1290283203125 1653.6414794921875
217.8206575501891 789.797607421875 1646.322021484375
217.98731451847542 789.7022094726562 1644.4208984375
218.02064591213266 789.7117309570312 1644.573974609375
218.05397730578994 789.6807861328125 1644.754150390625
218.0873086994472 789.6531372070312 1644.6826171875
218.12064009310444 789.5122680664062 1644.7939453125
218.15397148676172 789.1483764648438 1645.31787109375
218.18730288041897 789.2998657226562 1645.67333984375
218.22063427407622 792.0686645507812 1645.700439453125
218.85393075356416 784.1024780273438 1657.1575927734375
218.8872621472214 783.8705444335938 1657.12158203125
218.95392493453593 783.7984619140625 1657.6148681640625
218.98725632819318 783.5248413085938 1657.864501953125
219.02058772185046 783.5750122070312 1657.717041015625
219.45389583939482 779.7947387695312 1658.3211669921875
219.78720977596743 771.9398193359375 1656.71142578125
219.85387256328193 770.976318359375 1654.8978271484375
219.8872039569392 771.1594848632812 1654.5943603515625
219.92053535059645 772.9495239257812 1655.3409423828125
219.9538667442537 773.120361328125 1654.17138671875
221.3537852778586 744.404052734375 1653.2706298828125
222.45372126854815 752.6878662109375 1671.2335205078125
222.4870526622054 752.6716918945312 1671.19775390625
222.820366598778 758.8360595703125 1667.1939697265625
222.85369799243526 759.3925170898438 1667.0076904296875
223.1536805353506 766.2904052734375 1663.7803955078125
223.42033168460867 772.501953125 1665.604736328125
224.08695955775386 772.384033203125 1687.156982421875
224.1202909514111 772.7440795898438 1687.94189453125
224.9535757928426 773.6282348632812 1703.364501953125
224.98690718649985 773.8798828125 1703.3040771484375
225.25355833575793 779.48828125 1694.9898681640625
225.92018620890312 779.7448120117188 1681.020263671875
225.95351760256037 781.2437744140625 1682.17919921875
226.15350596450392 772.4833984375 1681.513671875
226.35349432644747 766.4120483398438 1683.5343017578125
227.52009310445155 760.3988037109375 1698.8887939453125
227.55342449810882 761.3287353515625 1699.9437255859375
228.1533895839395 782.646240234375 1702.9544677734375
228.3200465522258 786.7802734375 1703.4649658203125
228.45337212685482 791.6422119140625 1702.572021484375
228.48670352051207 791.6564331054688 1702.5206298828125
228.52003491416934 794.7947387695312 1695.7623291015625
