0.0333306775489053 863.3331298828125 738.9553833007812
0.0666613550978106 863.324951171875 738.9502563476562
0.0999920326467159 863.2670288085938 738.9254760742188
0.1333227101956212 863.1761474609375 739.2269287109375
0.16665338774452648 863.1708984375 739.247802734375
0.1999840652934318 863.1708984375 739.247802734375
0.23331474284233708 863.2811279296875 739.2531127929688
0.2666454203912424 863.3070068359375 739.4773559570312
0.2999760979401477 863.3070068359375 739.4773559570312
0.33330677548905296 863.204345703125 739.6028442382812
0.3666374530379583 863.204345703125 739.6028442382812
0.3999681305868636 863.1954956054688 739.6232299804688
0.4332988081357689 863.1954956054688 739.6232299804688
0.46662948568467416 863.2091064453125 739.5733032226562
0.4999601632335795 863.2066650390625 739.572265625
0.5332908407824848 863.251220703125 739.447998046875
0.5666215183313901 863.2052612304688 739.3585815429688
0.5999521958802954 863.2337036132812 739.3873291015625
0.6332828734292006 863.2337036132812 739.3873291015625
0.6666135509781059 863.2337036132812 739.3873291015625
0.6999442285270113 863.2356567382812 739.389892578125
0.7332749060759166 863.1822509765625 739.218994140625
0.7666055836248219 863.20947265625 739.2210693359375
0.7999362611737272 863.2243041992188 739.7151489257812
0.8332669387226325 863.247314453125 739.715087890625
0.8665976162715378 863.249267578125 740.095458984375
0.899928293820443 863.0518188476562 740.1250610351562
0.9332589713693483 862.8341674804688 740.5557250976562
0.9665896489182536 863.0553588867188 740.47314453125
0.999920326467159 862.889404296875 740.637451171875
1.0332510040160643 862.9318237304688 740.7721557617188
1.0665816815649696 863.247802734375 740.4540405273438
1.0999123591138749 862.9219970703125 740.7384643554688
1.1332430366627801 862.8666381835938 740.8541870117188
1.1665737142116854 863.304443359375 740.70849609375
1.1999043917605907 863.302001953125 740.7222290039062
1.233235069309496 863.2145385742188 740.8147583007812
1.2665657468584013 863.2105102539062 740.822265625
1.2998964244073066 863.2344970703125 740.866943359375
1.3332271019562119 863.2301635742188 740.9647216796875
1.3665577795051171 863.2301635742188 740.9647216796875
1.3998884570540227 863.2301635742188 740.9647216796875
1.433219134602928 863.2316284179688 740.9635009765625
1.4665498121518332 863.1843872070312 740.9699096679688
1.4998804897007385 862.8596801757812 741.0947875976562
1.5332111672496438 863.1995239257812 740.8364868164062
1.566541844798549 863.1741943359375 740.849853515625
1.5998725223474544 863.2510375976562 740.8436279296875
1.6332031998963596 863.2510375976562 740.8436279296875
1.666533877445265 863.2510375976562 740.8436279296875
1.6998645549941702 863.2490844726562 740.8280029296875
1.7331952325430755 863.2516479492188 740.8428344726562
1.7665259100919808 863.2073364257812 740.8903198242188
1.799856587640886 863.2242431640625 740.8260498046875
1.8331872651897914 863.2242431640625 740.8260498046875
1.8665179427386966 863.2242431640625 740.8260498046875
1.899848620287602 863.2242431640625 740.8260498046875
1.9331792978365072 863.2216186523438 740.8350830078125
1.9665099753854127 863.2216186523438 740.8350830078125
1.999840652934318 863.1980590820312 740.8460693359375
2.0331713304832233 863.2654418945312 740.45947265625
2.0665020080321286 863.8116455078125 738.2106323242188
2.099832685581034 864.3743896484375 737.823974609375
2.133163363129939 865.9125366210938 736.6709594726562
2.1664940406788444 867.9542846679688 735.1792602539062
2.1998247182277497 870.11328125 733.4846801757812
2.233155395776655 872.7850341796875 732.0635986328125
2.2664860733255603 875.50537109375 730.9157104492188
2.2998167508744656 878.3096313476562 731.59912109375
2.333147428423371 881.2576293945312 731.5362548828125
2.366478105972276 883.8845825195312 732.6663208007812
2.3998087835211814 885.278564453125 733.6359252929688
2.4331394610700867 886.880126953125 735.7355346679688
2.466470138618992 888.958984375 737.3206787109375
2.4998008161678973 891.5960693359375 740.2833862304688
2.566462171265708 897.746337890625 744.8082275390625
2.599792848814613 901.8372802734375 746.1907348632812
2.6331235263635184 906.1536865234375 749.0636596679688
2.6664542039124237 910.4384765625 751.9190063476562
2.699784881461329 916.2722778320312 754.3912963867188
2.7331155590102343 922.2925415039062 757.5201416015625
2.76644623655914 927.1412353515625 758.6925659179688
2.7997769141080453 931.8956909179688 760.3082275390625
2.8331075916569506 935.4246215820312 761.247314453125
2.866438269205856 938.5158081054688 763.4387817382812
2.899768946754761 941.6595458984375 765.4132690429688
2.9330996243036664 945.7734985351562 769.0309448242188
2.9664303018525717 950.5470581054688 775.9442138671875
2.999760979401477 955.9354858398438 788.8145751953125
8.965952260655525 828.1456909179688 734.0603637695312
9.032613615753336 825.6175537109375 701.4324340820312
9.065944293302241 825.3029174804688 686.8701171875
9.099274970851146 824.9474487304688 671.8458862304688
9.132605648400052 823.9716186523438 660.0901489257812
9.165936325948957 822.9666137695312 650.5740966796875
9.199267003497862 819.3843994140625 644.8351440429688
9.232597681046768 816.0884399414062 639.9639892578125
9.265928358595673 813.0076293945312 636.6182250976562
9.299259036144578 811.6055908203125 633.6015014648438
9.332589713693483 809.9148559570312 631.3856201171875
9.365920391242389 808.0619506835938 630.0
9.399251068791294 806.6497802734375 628.9866333007812
9.4325817463402 805.085205078125 628.3580932617188
9.465912423889105 804.6314697265625 628.3411865234375
9.49924310143801 804.7694091796875 631.5089721679688
9.532573778986915 805.5662841796875 640.3963012695312
9.56590445653582 805.818359375 652.9889526367188
9.599235134084726 806.74365234375 665.4494018554688
9.632565811633631 807.2500610351562 677.37939453125
9.665896489182536 808.921630859375 689.5414428710938
9.699227166731442 810.544677734375 702.7816162109375
9.732557844280347 812.0066528320312 717.9258422851562
9.765888521829252 813.81787109375 732.876708984375
10.565824783002979 818.4212646484375 1239.2266845703125
10.76580884829641 829.1460571289062 1334.1138916015625
10.799139525845316 831.9404907226562 1346.6151123046875
10.832470203394221 833.3514404296875 1358.9779052734375
10.899131558492032 836.2422485351562 1381.94580078125
10.932462236040937 837.5513916015625 1393.2542724609375
10.965792913589842 838.4254150390625 1405.58349609375
10.999123591138748 840.0296020507812 1418.0301513671875
11.099115623785465 842.1319580078125 1463.4752197265625
11.13244630133437 841.1671142578125 1476.8436279296875
11.265769011529992 834.8707275390625 1514.913330078125
11.499083754372329 796.635986328125 1565.2159423828125
11.532414431921234 791.1920166015625 1575.3267822265625
11.599075787019045 784.6732788085938 1597.6754150390625
20.26505194973442 912.6627807617188 419.82244873046875
20.298382627283328 912.3173217773438 403.2507629394531
20.33171330483223 910.9169921875 392.06903076171875
20.365043982381138 909.173828125 383.55169677734375
20.39837465993004 906.8646850585938 378.2080078125
20.43170533747895 903.036865234375 375.4859924316406
20.465036015027852 898.22119140625 372.9967956542969
20.49836669257676 894.3799438476562 370.8158874511719
20.531697370125663 891.2915649414062 369.4833984375
20.56502804767457 889.706787109375 368.7811584472656
20.598358725223473 887.9487915039062 369.863037109375
20.63168940277238 887.1283569335938 371.7342529296875
20.665020080321284 886.8329467773438 375.6260070800781
20.69835075787019 887.29248046875 380.62860107421875
20.731681435419095 887.8211059570312 387.70953369140625
20.765012112968 888.3486938476562 395.2076110839844
20.798342790516905 889.9618530273438 405.3875732421875
20.831673468065812 890.4927368164062 417.1518859863281
20.865004145614716 891.2515869140625 428.3674011230469
20.898334823163623 892.8564453125 439.481201171875
20.931665500712526 895.341064453125 450.47711181640625
20.964996178261433 896.9580688476562 462.9664611816406
20.998326855810337 898.0944213867188 474.9735412597656
21.031657533359244 898.9121704101562 490.021484375
21.064988210908147 900.59765625 505.6259460449219
21.33163363129939 902.21826171875 679.5914916992188
21.364964308848297 907.5775756835938 695.4022827148438
21.3982949863972 913.9421997070312 708.801025390625
21.431625663946107 921.33251953125 721.6073608398438
21.46495634149501 928.9136962890625 731.6008911132812
21.498287019043918 938.1964721679688 741.5390014648438
21.598279051690632 967.9238891601562 765.0304565429688
21.63160972923954 976.96484375 771.2838745117188
21.731601761886253 1001.9993896484375 796.6602172851562
21.76493243943516 1007.494140625 806.7306518554688
21.798263116984064 1012.5035400390625 818.0435791015625
21.83159379453297 1016.0845336914062 830.66064453125
21.864924472081874 1017.545166015625 843.8507080078125
21.89825514963078 1018.1840209960938 858.55224609375
21.931585827179685 1017.7841796875 873.8154296875
21.964916504728592 1016.4443359375 889.872314453125
21.998247182277495 1014.0086059570312 905.2770385742188
22.031577859826402 1009.8684692382812 919.022705078125
22.064908537375306 1005.0490112304688 931.4160766601562
22.164900570022024 984.1033935546875 965.16259765625
22.564868700608887 855.3216552734375 1102.8817138671875
22.598199378157794 851.7294921875 1117.9971923828125
22.631530055706698 848.2432250976562 1135.280517578125
23.564789027076046 1014.8582763671875 1552.7630615234375
23.664781059722763 1005.8887329101562 1591.3131103515625
29.664303018525715 976.7330932617188 1738.5606689453125
30.364247247052727 902.18017578125 1431.0584716796875
30.39757792460163 900.6581420898438 1418.039306640625
30.430908602150538 899.5469360351562 1405.755859375
30.46423927969944 898.6029052734375 1392.937255859375
30.49756995724835 897.876953125 1380.2376708984375
30.530900634797252 897.000244140625 1367.386962890625
30.56423131234616 896.7445068359375 1354.1356201171875
30.597561989895063 896.1406860351562 1342.198974609375
30.63089266744397 896.1065673828125 1329.4163818359375
30.69755402254178 897.8191528320312 1302.6396484375
30.730884700090684 899.8607177734375 1289.196533203125
30.76421537763959 901.8734741210938 1274.67724609375
30.8308767327374 907.9928588867188 1244.346923828125
30.897538087835212 916.855224609375 1209.4183349609375
30.930868765384115 921.6610717773438 1190.199462890625
30.964199442933023 926.3292846679688 1171.05908203125
30.99753012048193 929.7392578125 1154.3592529296875
31.06419147557974 934.7366943359375 1123.7991943359375
31.097522153128644 936.33837890625 1109.2857666015625
31.13085283067755 938.5328369140625 1095.7998046875
31.164183508226454 939.4990844726562 1082.741943359375
31.19751418577536 940.7120971679688 1069.9029541015625
31.230844863324265 941.4363403320312 1057.4193115234375
31.264175540873172 942.2346801757812 1044.6246337890625
31.297506218422075 941.6636962890625 1031.641357421875
31.330836895970982 941.0066528320312 1018.57177734375
31.364167573519886 939.7869262695312 1005.7861328125
31.397498251068793 937.744873046875 993.7562255859375
31.430828928617697 935.581787109375 981.6438598632812
31.464159606166604 932.7184448242188 968.4600219726562
31.497490283715507 930.12060546875 954.870361328125
31.530820961264414 927.5281372070312 941.483642578125
31.564151638813318 924.029296875 926.6124267578125
31.597482316362225 920.6664428710938 911.2238159179688
31.630812993911128 916.69287109375 894.4623413085938
31.664143671460035 912.0236206054688 878.0347900390625
31.76413570410675 896.2432250976562 819.9773559570312
31.797466381655656 892.5064086914062 802.1668701171875
31.83079705920456 888.3059692382812 786.8785400390625
31.864127736753467 884.9521484375 771.66357421875
31.89745841430237 882.8677368164062 757.4984741210938
31.930789091851278 880.97900390625 744.7090454101562
31.96411976940018 880.2509155273438 731.4526977539062
31.997450446949088 879.3269653320312 719.1392822265625
32.03078112449799 879.171630859375 706.0193481445312
32.064111802046895 879.427001953125 694.2518310546875
32.097442479595806 879.3017578125 681.3418579101562
32.13077315714471 880.107666015625 668.253173828125
32.16410383469361 880.8242797851562 656.1869506835938
32.197434512242516 881.5413818359375 643.2324829101562
32.23076518979143 883.572265625 631.236572265625
32.26409586734033 885.1690673828125 618.2538452148438
32.297426544889234 887.7881469726562 604.9527587890625
32.33075722243814 891.2979736328125 592.0449829101562
32.36408789998705 896.631103515625 578.3399658203125
32.39741857753595 900.7002563476562 564.0636596679688
32.430749255084855 906.8953247070312 549.0185546875
32.46407993263376 913.5614624023438 534.19189453125
32.49741061018267 920.0174560546875 518.01611328125
32.564071965280476 933.426513671875 491.9871826171875
32.59740264282938 939.48486328125 481.9403076171875
32.63073332037829 945.2362670898438 474.9950256347656
32.664063997927194 949.5159912109375 468.6862487792969
32.6973946754761 954.2042236328125 465.3211364746094
32.730725353025 958.2146606445312 463.1925354003906
32.76405603057391 961.6026611328125 462.6431579589844
32.797386708122815 965.1038818359375 465.07086181640625
32.83071738567172 968.6754150390625 468.72021484375
32.86404806322062 972.0066528320312 475.8810729980469
32.89737874076953 974.1244506835938 482.2414855957031
32.930709418318436 974.651611328125 489.2686767578125
32.96404009586734 973.6073608398438 495.70166015625
32.99737077341624 971.146240234375 502.6832275390625
33.030701450965154 967.3287353515625 510.7286682128906
33.06403212851406 962.42822265625 517.477783203125
33.09736280606296 956.3085327148438 524.3897705078125
33.130693483611864 948.8775024414062 531.9987182617188
33.164024161160775 939.9506225585938 539.859375
33.3640082264542 874.4683837890625 590.8936157226562
33.39733890400311 867.0225219726562 603.0052490234375
33.43066958155202 861.0278930664062 615.6510620117188
33.46400025910092 856.233154296875 629.608154296875
33.497330936649824 852.569580078125 643.975830078125
33.53066161419873 849.48046875 661.1043701171875
33.56399229174764 846.4439697265625 677.501708984375
33.59732296929654 844.408935546875 695.0875854492188
33.66398432439435 839.7860107421875 731.3822021484375
33.69731500194326 840.5357666015625 746.5523681640625
33.73064567949216 843.9171142578125 761.1783447265625
33.76397635704107 849.3474731445312 773.9901733398438
33.79730703458997 855.98828125 786.0919189453125
33.83063771213888 863.4365844726562 796.7024536132812
33.863968389687784 872.9791870117188 806.1614379882812
34.16394448762793 969.1650390625 886.3419799804688
34.19727516517683 977.130615234375 896.614990234375
34.230605842725744 983.8504028320312 907.203125
34.26393652027465 989.3251342773438 919.0852661132812
34.29726719782355 993.6991577148438 931.3402709960938
34.330597875372455 997.1207275390625 944.3853759765625
34.363928552921365 1000.24755859375 958.1502075195312
34.39725923047027 1002.7701416015625 972.7205200195312
34.43058990801917 1003.3948364257812 987.4666748046875
34.463920585568076 1002.6781005859375 1000.44873046875
34.497251263116986 1001.0653686523438 1011.9102783203125
34.53058194066589 998.1336059570312 1021.8317260742188
34.56391261821479 993.9600219726562 1030.972412109375
34.5972432957637 989.2689819335938 1039.56494140625
34.63057397331261 983.1199951171875 1047.02099609375
34.66390465086151 976.1930541992188 1054.4354248046875
34.99721142635056 880.6226806640625 1120.037109375
35.03054210389947 876.5269165039062 1129.65771484375
35.063872781448374 872.6365966796875 1141.7374267578125
35.09720345899728 870.9417724609375 1154.47607421875
35.13053413654618 868.9655151367188 1167.237060546875
35.16386481409509 867.9309692382812 1180.64111328125
35.197195491643996 867.0233154296875 1195.7235107421875
35.2305261691929 867.488037109375 1208.0645751953125
35.33051820183962 882.3837280273438 1238.78955078125
35.36384887938852 889.737548828125 1247.0128173828125
35.46384091203524 915.0422973632812 1269.9981689453125
35.763817009975384 1002.460693359375 1335.56396484375
35.797147687524294 1008.4039306640625 1344.9541015625
35.8304783650732 1013.9945678710938 1350.855712890625
35.96380107526882 1024.4013671875 1405.94287109375
36.06379310791554 1020.3601684570312 1440.2559814453125
36.09712378546444 1016.7152099609375 1448.9385986328125
36.19711581811116 999.1253662109375 1469.154296875
36.59708394869802 893.84326171875 1552.2445068359375
36.630414626246925 891.4589233398438 1563.357666015625
36.66374530379583 889.2128295898438 1575.7891845703125
36.83039869154035 896.2193603515625 1636.4700927734375
43.563195556419224 976.9384765625 1651.7532958984375
43.62985691151704 978.9320068359375 1626.682861328125
43.76317962171266 978.60888671875 1577.6820068359375
43.79651029926156 976.2086791992188 1566.1131591796875
43.829840976810466 973.9603271484375 1555.1380615234375
43.96316368700609 960.1508178710938 1509.8338623046875
43.99649436455499 956.6781005859375 1496.5533447265625
44.36313181759295 899.8367919921875 1324.8284912109375
44.429793172690765 895.84423828125 1300.7689208984375
44.46312385023967 895.025634765625 1289.2315673828125
44.49645452778857 894.4371337890625 1277.1527099609375
44.52978520533748 893.5265502929688 1265.5223388671875
44.563115882886386 892.8631591796875 1253.04345703125
44.59644656043529 892.284423828125 1241.88330078125
44.62977723798419 892.3427734375 1230.420166015625
44.663107915533104 892.7880859375 1217.9915771484375
44.69643859308201 893.4205932617188 1205.0255126953125
44.72976927063091 895.579833984375 1192.572021484375
44.763099948179814 897.3518676757812 1178.6072998046875
44.796430625728725 899.8084106445312 1166.1082763671875
44.86309198082653 907.09716796875 1134.8756103515625
44.896422658375435 911.7525024414062 1117.9122314453125
44.99641469102215 926.1102905273438 1063.8082275390625
45.02974536857106 929.1619873046875 1048.240966796875
45.06307604611997 932.3712768554688 1032.1243896484375
45.09640672366887 934.3187255859375 1018.106201171875
45.129737401217774 936.4614868164062 1005.3816528320312
45.16306807876668 938.2446899414062 992.475341796875
45.19639875631559 939.6541748046875 980.0977172851562
45.22972943386449 940.4970703125 968.2084350585938
45.263060111413395 941.1014404296875 956.537109375
45.2963907889623 941.8518676757812 943.731201171875
45.32972146651121 940.488037109375 932.801025390625
45.36305214406011 939.6364135742188 920.4876098632812
45.396382821609016 936.7974853515625 909.2418212890625
45.42971349915792 934.7687377929688 897.403076171875
45.46304417670683 931.9884643554688 886.1373291015625
45.496374854255734 928.9580688476562 874.20458984375
45.52970553180464 925.8900756835938 862.04345703125
45.56303620935354 923.1246337890625 848.6202392578125
45.59636688690245 919.2650146484375 835.183837890625
45.629697564451355 915.7965087890625 819.9342041015625
45.66302824200026 910.3856201171875 803.964111328125
45.69635891954916 905.1669921875 785.85986328125
45.72968959709807 900.2003173828125 766.5761108398438
45.763020274646976 893.9588623046875 748.678955078125
45.82968162974478 884.4044799804688 717.1134643554688
45.863012307293694 880.2916870117188 703.3289794921875
45.8963429848426 878.1077270507812 690.240478515625
45.9296736623915 875.4319458007812 677.3214721679688
45.963004339940404 873.8203125 665.7308349609375
45.996335017489315 873.0286254882812 653.76513671875
46.02966569503822 872.79833984375 642.3185424804688
46.06299637258712 871.8850708007812 630.9415893554688
46.096327050136026 869.0370483398438 623.7710571289062
46.129657727684936 867.69091796875 616.6851806640625
46.16298840523384 867.5516357421875 609.7316284179688
46.19631908278274 867.97216796875 601.72802734375
46.22964976033165 869.265869140625 594.431640625
46.26298043788056 872.1904907226562 587.1300659179688
46.29631111542946 875.3344116210938 578.7098999023438
46.329641792978364 879.3031616210938 571.4620361328125
46.36297247052727 883.52001953125 563.8131103515625
46.39630314807618 889.2256469726562 555.568359375
46.42963382562508 895.1509399414062 546.1766967773438
46.462964503173986 902.5123901367188 536.57275390625
46.49629518072289 910.451416015625 524.799072265625
46.5296258582718 917.91748046875 514.0006103515625
46.5629565358207 925.4259643554688 504.47515869140625
46.59628721336961 932.0305786132812 495.6465759277344
46.62961789091851 937.636962890625 487.7427978515625
46.66294856846742 942.693115234375 482.43438720703125
46.696279246016324 946.8214111328125 478.27587890625
46.72960992356523 950.346435546875 475.0226135253906
46.76294060111413 953.2594604492188 473.5655517578125
46.79627127866304 955.0672607421875 473.5794372558594
46.829601956211945 956.3988037109375 474.1291809082031
46.86293263376085 957.968505859375 475.3896484375
46.89626331130975 958.5069580078125 477.3312683105469
46.92959398885866 958.267333984375 478.967529296875
46.96292466640757 956.4896240234375 480.1861572265625
46.99625534395647 953.5496215820312 483.15582275390625
47.029586021505374 949.0133056640625 485.95440673828125
47.062916699054284 943.3883056640625 489.6165771484375
47.09624737660319 936.77001953125 492.059814453125
47.12957805415209 929.5615234375 495.96319580078125
47.162908731700995 920.4673461914062 502.74169921875
47.46288482964115 826.83447265625 567.451171875
47.49621550719005 822.0982666015625 581.5479125976562
47.529546184738955 816.79052734375 596.689208984375
47.59620753983677 810.6708984375 631.8004150390625
47.76286092758129 807.5737915039062 730.9550170898438
47.7961916051302 812.8591918945312 745.6853637695312
47.896183637776915 838.5557250976562 790.685302734375
48.496135833657206 984.39794921875 1077.88232421875
48.52946651120612 982.5568237304688 1094.2940673828125
48.56279718875502 979.9424438476562 1108.38525390625
48.596127866303924 976.0223388671875 1121.2672119140625
48.62945854385283 970.2425537109375 1133.4454345703125
48.99609599689079 865.3569946289062 1247.3892822265625
49.0627573519886 857.4055786132812 1273.0987548828125
49.096088029537505 854.823486328125 1288.0023193359375
49.19608006218422 851.4672241210938 1337.229248046875
49.229410739733126 851.7891235351562 1353.177001953125
49.49605616012437 907.5910034179688 1442.13623046875
49.829362935613425 1006.6279907226562 1541.0740966796875
50.062677678455756 1018.6580810546875 1641.3382568359375
50.162669711102474 1005.957275390625 1670.69384765625
50.26266174374919 984.2666625976562 1693.2586669921875
50.69596055188496 885.414794921875 1810.7392578125
56.29551438010105 1009.3994140625 2046.4478759765625
56.96212793107915 918.4560546875 1844.78955078125
57.06211996372587 914.7546997070312 1817.9620361328125
57.56208012695945 960.6306762695312 1630.218505859375
57.66207215960617 964.5515747070312 1596.554443359375
57.728733514703976 964.7252197265625 1574.914306640625
57.762064192252886 965.1176147460938 1563.140380859375
57.89538690244851 956.4271850585938 1518.4447021484375
57.92871757999741 953.4728393554688 1508.2255859375
57.962048257546314 950.2525634765625 1497.07275390625
58.06204029019303 939.2721557617188 1456.5068359375
58.29535503303537 900.3331909179688 1335.3795166015625
58.39534706568208 890.1693725585938 1293.82861328125
58.5286697758777 886.1444091796875 1244.40185546875
58.56200045342661 885.2913208007812 1232.0396728515625
58.59533113097552 885.6583862304688 1218.3829345703125
58.62866180852442 885.62255859375 1206.049072265625
58.66199248607332 885.825439453125 1192.986328125
58.695323163622234 886.0891723632812 1180.4613037109375
58.72865384117114 886.9155883789062 1167.46826171875
58.76198451872004 889.322021484375 1153.495849609375
58.795315196268945 890.9776611328125 1139.9449462890625
58.828645873817855 893.6613159179688 1125.90478515625
58.86197655136676 897.6685791015625 1110.4556884765625
59.02862993911128 921.1845092773438 1021.0828857421875
59.0952912942091 927.2807006835938 989.8776245117188
59.128621971758 929.2490844726562 976.734130859375
59.19528332685581 932.9855346679688 950.3982543945312
59.22861400440472 933.9161376953125 938.42236328125
59.26194468195362 934.5283813476562 926.2971801757812
59.32860603705143 934.236572265625 902.4494018554688
59.36193671460034 933.5786743164062 890.0327758789062
59.42859806969815 929.8910522460938 865.6384887695312
59.46192874724705 927.3357543945312 853.8079833984375
59.49525942479596 923.9200439453125 841.8446044921875
59.528590102344864 920.8844604492188 830.0054321289062
59.56192077989377 918.0784301757812 817.3870239257812
59.59525145744267 914.6568603515625 803.7789306640625
59.62858213499158 910.7604370117188 789.6485595703125
59.661912812540486 906.0763549804688 773.9049682617188
59.69524349008939 901.8075561523438 758.046875
59.72857416763829 896.0430908203125 740.4261474609375
59.82856620028501 880.1787719726562 687.845703125
59.861896877833914 876.1333618164062 673.3052978515625
59.895227555382824 872.236572265625 659.2399291992188
59.92855823293173 869.6852416992188 646.4898071289062
59.96188891048063 867.492919921875 634.5317993164062
59.995219588029535 866.6660766601562 622.2445678710938
60.028550265578446 865.8671875 610.76708984375
60.06188094312735 865.3997802734375 599.404296875
60.09521162067625 865.55810546875 587.3776245117188
60.128542298225156 865.1746826171875 575.9027709960938
60.16187297577407 865.6145629882812 563.3991088867188
60.19520365332297 866.3873291015625 551.3944091796875
60.228534330871874 867.2694702148438 538.9782104492188
60.26186500842078 868.1378173828125 527.1168212890625
60.29519568596969 869.71875 514.4187622070312
60.32852636351859 873.667236328125 502.0157470703125
60.361857041067495 877.6111450195312 490.5043029785156
60.3951877186164 882.8812866210938 479.4551086425781
60.42851839616531 888.6544799804688 467.23931884765625
60.46184907371421 896.180908203125 456.3919982910156
60.495179751263116 903.892822265625 445.8440246582031
60.52851042881202 913.0321044921875 435.6650085449219
60.56184110636093 922.0318603515625 424.8150939941406
60.595171783909834 930.666259765625 416.078125
60.69516381655655 950.3395385742188 407.4066162109375
60.728494494105455 955.464111328125 408.9087829589844
60.76182517165436 959.8991088867188 412.76806640625
60.79515584920326 963.2922973632812 418.5340270996094
60.82848652675217 966.7398071289062 427.2431335449219
60.861817204301076 969.3938598632812 435.9795227050781
60.89514788184998 972.2684936523438 448.32696533203125
60.92847855939888 973.5029907226562 461.0514831542969
60.96180923694779 974.3435668945312 472.9707336425781
60.9951399144967 972.305419921875 485.77783203125
61.0284705920456 969.526123046875 497.2701110839844
61.061801269594504 965.493896484375 509.1831970214844
61.095131947143415 959.2777709960938 520.3075561523438
61.12846262469232 952.422607421875 532.6919555664062
61.16179330224122 944.5780029296875 543.967529296875
61.46176940018137 843.6123046875 661.8192138671875
61.86173753076823 838.3869018554688 897.5968627929688
61.96172956341495 865.6104125976562 940.2046508789062
62.2617056613551 963.7139892578125 1047.4483642578125
62.295036338904005 970.1045532226562 1061.7716064453125
62.32836701645291 975.0167846679688 1076.4735107421875
62.428359049099626 985.2085571289062 1125.9249267578125
62.46168972664853 987.5291137695312 1143.4478759765625
62.528351081746344 987.297607421875 1174.38232421875
62.56168175929525 985.3197021484375 1187.8963623046875
62.59501243684415 981.5071411132812 1199.64306640625
62.628343114393054 977.0392456054688 1209.810791015625
62.661673791941965 971.0659790039062 1219.7752685546875
62.69500446949087 964.769287109375 1228.6796875
62.96164988988211 880.8297729492188 1288.6759033203125
63.02831124497992 867.7615356445312 1308.5272216796875
63.09497260007773 859.4412841796875 1332.2762451171875
63.16163395517554 855.0164794921875 1359.5513916015625
63.22829531027335 853.8531494140625 1390.679931640625
63.261625987822256 854.7128295898438 1404.5364990234375
63.32828734292007 862.03369140625 1428.351318359375
63.361618020468974 868.5040283203125 1438.2777099609375
63.39494869801788 875.4400634765625 1448.7855224609375
63.494940730664595 902.7147216796875 1474.59765625
63.5616020857624 922.158203125 1491.619873046875
63.861578183702555 1007.5573120117188 1572.9891357421875
63.89490886125146 1011.6405639648438 1585.65234375
64.02823157144708 1021.3016967773438 1641.91162109375
64.06156224899598 1020.8635864257812 1655.1060791015625
70.59437504858143 912.4254760742188 572.7603149414062
70.62770572613033 906.3572998046875 561.11279296875
70.66103640367923 899.7877197265625 552.3875732421875
70.69436708122814 893.0263671875 546.0117797851562
70.72769775877704 885.1869506835938 540.8949584960938
70.76102843632594 878.077880859375 535.9895629882812
70.79435911387486 872.2339477539062 533.4034423828125
70.82768979142377 867.8678588867188 531.1213989257812
70.86102046897267 863.2064208984375 530.2757568359375
70.89435114652157 860.3535766601562 529.9517822265625
70.92768182407048 857.6986694335938 532.4463500976562
70.96101250161938 856.7354736328125 537.2747192382812
70.99434317916828 856.3108520507812 545.4324951171875
71.02767385671719 856.5535888671875 556.375732421875
71.0610045342661 857.7605590820312 571.6508178710938
71.12766588936391 859.5203247070312 609.6314086914062
71.16099656691281 860.4049072265625 626.7730102539062
71.19432724446172 861.4739379882812 641.6595458984375
71.22765792201062 862.7339477539062 656.8145141601562
71.26098859955952 864.3421630859375 671.4046020507812
71.29431927710843 865.3820190429688 684.634033203125
71.32764995465735 866.462158203125 699.5781860351562
71.36098063220625 866.8096313476562 716.2721557617188
71.39431130975515 866.221923828125 732.6105346679688
71.42764198730406 866.5104370117188 750.876220703125
71.52763401995077 862.5256958007812 809.2003784179688
71.56096469749967 862.3988037109375 824.2669677734375
71.59429537504859 863.0814208984375 840.9530029296875
71.62762605259749 862.6256103515625 856.6544799804688
71.6609567301464 862.2595825195312 872.4833374023438
71.6942874076953 861.8922119140625 888.8648071289062
71.7276180852442 861.9306030273438 906.2225341796875
71.7609487627931 862.3429565429688 924.4574584960938
71.96093282808654 863.3425903320312 1039.77294921875
71.99426350563544 864.6580200195312 1055.9586181640625
72.02759418318435 866.1599731445312 1071.5692138671875
73.76078941572743 957.804931640625 1949.32421875
74.02743483611867 970.134033203125 1989.70654296875
78.6270683378676 900.1095581054688 485.5758972167969
78.6603990154165 897.416259765625 472.783447265625
78.6937296929654 893.5590209960938 462.4340515136719
78.72706037051431 890.5772094726562 456.0279235839844
78.76039104806323 886.2880249023438 455.02349853515625
78.79372172561213 880.8307495117188 457.9956970214844
78.82705240316103 873.4199829101562 466.10931396484375
78.99370579090555 838.8199462890625 549.6950073242188
79.02703646845447 835.7984619140625 567.644287109375
86.92640704754501 921.6425170898438 816.62890625
86.95973772509393 921.2906494140625 797.5797729492188
87.12639111283845 915.6815185546875 691.1444091796875
87.15972179038735 913.447021484375 672.72607421875
87.19305246793625 911.6815795898438 656.25439453125
87.22638314548517 910.277587890625 640.085693359375
87.25971382303408 908.6593627929688 623.887939453125
87.29304450058298 907.9063110351562 607.8116455078125
87.32637517813188 907.6397094726562 591.0787353515625
87.35970585568079 907.9912109375 572.9889526367188
87.39303653322969 908.389892578125 552.7791137695312
87.49302856587641 908.3602905273438 492.43804931640625
87.52635924342532 908.4963989257812 475.41748046875
87.55968992097422 908.5151977539062 461.0588684082031
87.59302059852313 908.8283081054688 445.9687194824219
87.62635127607203 909.9573364257812 432.5407409667969
87.65968195362093 910.983642578125 419.7926940917969
87.69301263116984 912.6798706054688 408.5526428222656
87.72634330871874 916.0203247070312 400.4665222167969
87.75967398626766 919.7584838867188 396.8037414550781
87.79300466381656 922.157470703125 395.69659423828125
87.82633534136546 923.74658203125 395.2940979003906
87.85966601891437 926.9403076171875 396.0143737792969
87.89299669646327 930.3118896484375 395.6739196777344
87.92632737401217 932.79248046875 395.6656799316406
87.95965805156108 935.1245727539062 396.6523132324219
87.99298872910998 937.2008056640625 397.3228759765625
88.0263194066589 938.3174438476562 398.42852783203125
88.0596500842078 938.9929809570312 400.3309020996094
88.0929807617567 939.923828125 402.0313415527344
88.12631143930561 940.2769165039062 403.0516662597656
88.15964211685451 940.3946533203125 404.66851806640625
88.19297279440342 938.8201904296875 407.8280944824219
88.22630347195232 937.0504760742188 409.27398681640625
88.25963414950122 937.5609741210938 411.9082946777344
88.29296482705014 937.35009765625 413.9375915527344
88.32629550459905 936.4903564453125 416.57373046875
88.35962618214795 936.1043701171875 419.7049865722656
88.39295685969685 934.9317626953125 423.14105224609375
88.42628753724576 934.40966796875 426.8438415527344
88.45961821479466 933.6132202148438 430.878173828125
88.49294889234356 932.7599487304688 434.81842041015625
88.52627956989248 931.2413330078125 438.7670593261719
88.55961024744138 930.5527954101562 443.41534423828125
88.59294092499029 930.8621826171875 447.59716796875
88.62627160253919 932.4306030273438 451.2862548828125
88.6596022800881 935.3838500976562 454.89337158203125
88.692932957637 939.8526000976562 459.08489990234375
88.7262636351859 945.5442504882812 463.33929443359375
88.7595943127348 952.2627563476562 467.2611999511719
88.79292499028372 959.1482543945312 470.525146484375
88.82625566783263 967.1989135742188 473.835693359375
89.05957041067497 1037.7100830078125 506.9315185546875
89.12623176577277 1052.534912109375 529.1139526367188
89.15956244332168 1058.5511474609375 542.19970703125
89.19289312087058 1062.6185302734375 557.073486328125
89.22622379841948 1065.150146484375 572.7359619140625
89.25955447596839 1067.2320556640625 589.9998168945312
89.29288515351729 1068.295166015625 607.5350341796875
89.32621583106621 1068.2510986328125 626.3631591796875
89.35954650861511 1066.5377197265625 643.677734375
89.39287718616401 1063.051513671875 660.1636352539062
89.42620786371292 1058.9384765625 675.206298828125
89.49286921881072 1046.1326904296875 703.1473999023438
89.8928373493976 917.3406982421875 858.7236938476562
89.9928293820443 902.5883178710938 911.2394409179688
90.02616005959321 899.1409912109375 931.040771484375
90.19281344733774 894.8125 1024.9764404296875
90.22614412488664 899.9602661132812 1040.0780029296875
90.25947480243555 906.50244140625 1053.621826171875
90.29280547998445 915.3665771484375 1066.1895751953125
90.65944293302242 1025.759521484375 1186.4051513671875
90.69277361057132 1032.4476318359375 1198.9864501953125
90.72610428812023 1038.2890625 1212.5601806640625
90.75943496566913 1041.8155517578125 1227.33447265625
90.82609632076694 1048.0513916015625 1258.192138671875
90.85942699831584 1050.769287109375 1275.711181640625
90.95941903096256 1047.664794921875 1318.434814453125
91.09274174115818 1026.7318115234375 1357.339111328125
91.42604851664723 925.7169799804688 1442.258544921875
91.45937919419615 921.876220703125 1454.137939453125
91.52604054929395 915.602294921875 1479.5697021484375
91.65936325948957 913.295166015625 1541.99365234375
99.25875774063998 969.9935302734375 357.1585388183594
99.29208841818888 965.9308471679688 340.9060974121094
99.32541909573779 962.0103759765625 327.6498718261719
99.35874977328669 958.6458740234375 316.26873779296875
99.3920804508356 957.23974609375 307.9058837890625
99.42541112838451 955.346435546875 301.1732177734375
99.45874180593341 954.4283447265625 294.6759338378906
99.49207248348232 954.3165283203125 291.1723937988281
99.52540316103122 955.386962890625 289.82220458984375
99.55873383858012 957.7090454101562 293.4808349609375
99.59206451612903 961.4751586914062 299.6589050292969
99.62539519367793 966.9931640625 313.2289733886719
99.65872587122685 971.2515258789062 328.6307678222656
99.69205654877575 975.174560546875 341.9664306640625
99.72538722632466 980.74560546875 356.50439453125
99.75871790387356 985.7342529296875 370.8343811035156
99.79204858142246 989.5012817382812 383.8591003417969
99.82537925897137 993.33251953125 398.6601257324219
99.85870993652027 997.0339965820312 414.1971740722656
99.89204061406917 1000.6832885742188 431.27294921875
99.92537129161809 1003.4407958984375 449.0771179199219
100.09202467936261 1007.2466430664062 560.626220703125
100.19201671200933 1007.5379028320312 613.4134521484375
100.22534738955824 1007.6368408203125 629.8544921875
100.25867806710714 1005.9837036132812 648.9638671875
100.29200874465604 1004.2939453125 668.2242431640625
100.49199280994948 991.0686645507812 798.3248901367188
100.55865416504729 989.5745239257812 834.2584838867188
100.89196094053634 973.8328247070312 1038.2794189453125
106.9248135768882 980.292724609375 545.3294067382812
106.9581442544371 983.11572265625 528.9702758789062
106.991474931986 988.6358642578125 517.7998046875
107.02480560953491 994.0093383789062 509.49462890625
107.05813628708383 998.4326171875 501.3304748535156
107.09146696463273 1001.7416381835938 495.538330078125
107.12479764218163 1005.2378540039062 490.78717041015625
107.15812831973054 1008.0123291015625 486.8575744628906
107.19145899727944 1010.7916870117188 484.1726379394531
107.22478967482834 1013.166259765625 481.17584228515625
107.25812035237725 1015.2820434570312 480.28790283203125
107.29145102992615 1016.1253662109375 479.3097229003906
107.32478170747507 1017.1293334960938 478.98046875
107.35811238502397 1017.7747192382812 478.6670837402344
107.39144306257288 1017.1685180664062 478.4819641113281
107.42477374012178 1017.0091552734375 477.11297607421875
107.45810441767068 1016.75537109375 476.7054443359375
107.49143509521959 1017.057861328125 476.07647705078125
107.52476577276849 1018.5028076171875 478.1354675292969
107.5580964503174 1019.3077392578125 481.20159912109375
107.59142712786631 1021.1494140625 487.18658447265625
107.62475780541521 1022.5955810546875 496.69659423828125
107.65808848296412 1024.339111328125 509.3243713378906
107.69141916051302 1026.1866455078125 526.3527221679688
107.85807254825755 1035.2740478515625 627.0723876953125
108.02472593600207 1043.24267578125 716.819091796875
108.1247179686488 1041.9140625 785.6405029296875
108.1913793237466 1041.603515625 829.1046752929688
108.32470203394222 1041.1009521484375 904.110595703125
108.35803271149112 1040.7752685546875 922.9856567382812
108.65800880943128 1031.291015625 1103.097900390625
108.69133948698018 1032.1409912109375 1119.73779296875
108.72467016452909 1033.1954345703125 1137.277099609375
108.75800084207799 1033.572509765625 1155.8131103515625
109.35795303795828 1050.2464599609375 1486.1046142578125
109.85791320119186 1073.604736328125 1736.8585205078125
114.59086941313642 1079.5010986328125 1963.1944580078125
116.42405667832621 993.2294921875 817.6044921875
116.45738735587511 992.9531860351562 798.7469482421875
116.52404871097292 993.707763671875 756.5101928710938
117.0240088742065 984.8663940429688 424.1572570800781
117.0573395517554 981.40869140625 399.7776184082031
117.09067022930431 979.0226440429688 383.3892517089844
117.12400090685323 975.814453125 369.44610595703125
117.15733158440213 973.337890625 357.892578125
117.19066226195103 970.0798950195312 348.3583679199219
117.22399293949994 966.3092041015625 342.8290100097656
117.25732361704884 961.501708984375 338.5630187988281
117.29065429459774 956.1621704101562 336.5531921386719
117.32398497214665 949.1398315429688 335.6104431152344
117.35731564969555 943.3880004882812 334.64483642578125
117.39064632724447 937.591064453125 332.9403991699219
117.42397700479337 933.6847534179688 333.11334228515625
117.45730768234228 930.99658203125 333.1598205566406
117.49063835989118 928.5883178710938 336.3736877441406
117.52396903744008 926.97216796875 338.51239013671875
117.55729971498899 925.9644165039062 344.2713317871094
117.59063039253789 926.1370239257812 353.0154724121094
117.62396107008679 926.7081298828125 364.1899719238281
117.65729174763571 927.0 377.03857421875
117.69062242518461 928.2416381835938 392.9426574707031
117.72395310273352 929.222900390625 407.2108154296875
117.75728378028242 930.1669921875 421.5857238769531
117.79061445783132 932.8670043945312 435.4848327636719
117.82394513538023 934.522216796875 449.4464111328125
117.85727581292913 936.4345092773438 464.6502685546875
117.89060649047804 938.8533325195312 479.8152770996094
117.92393716802695 940.1279296875 495.05267333984375
117.95726784557586 942.2479248046875 512.8049926757812
117.99059852312476 943.69091796875 532.3871459960938
118.02392920067366 945.07421875 552.9257202148438
118.15725191086928 951.9701538085938 642.385498046875
118.1905825884182 956.9357299804688 660.1569213867188
118.2239132659671 963.643310546875 674.7440185546875
118.257243943516 971.2431030273438 688.28466796875
118.2905746210649 979.14453125 699.42041015625
118.42389733126052 1016.0664672851562 736.0218505859375
118.45722800880944 1026.0560302734375 743.58837890625
118.59055071900505 1062.1044921875 769.0833129882812
118.62388139655395 1069.361328125 775.1249389648438
118.65721207410286 1074.5673828125 782.8173828125
118.69054275165176 1078.8914794921875 790.8883666992188
118.72387342920068 1082.0284423828125 799.571044921875
118.75720410674958 1084.1591796875 809.4686279296875
118.79053478429849 1084.965576171875 819.3135986328125
118.82386546184739 1085.72265625 830.255615234375
118.8571961393963 1085.3056640625 841.399658203125
118.8905268169452 1083.4169921875 851.2160034179688
118.9238574944941 1080.325439453125 860.2970581054688
118.957188172043 1075.738037109375 868.1433715820312
118.99051884959192 1070.539794921875 874.6411743164062
119.09051088223863 1048.67626953125 892.3206787109375
119.42381765772768 946.7557373046875 953.0346069335938
119.45714833527659 941.9893188476562 960.2308349609375
119.4904790128255 938.3248901367188 967.3252563476562
119.5238096903744 936.1486206054688 974.7562255859375
119.55714036792331 934.5943603515625 981.7866821289062
119.59047104547221 933.327392578125 989.4332275390625
119.62380172302112 932.8934936523438 997.0572509765625
119.65713240057002 932.9083251953125 1003.5842895507812
119.69046307811892 934.5945434570312 1008.2843627929688
119.72379375566783 938.4974365234375 1012.1436157226562
119.75712443321675 942.7191772460938 1014.4872436523438
119.79045511076565 948.0886840820312 1016.7492065429688
119.82378578831455 953.8351440429688 1017.1473999023438
119.85711646586346 960.2276611328125 1016.3394775390625
119.89044714341236 966.8712158203125 1015.4463500976562
119.92377782096126 974.2007446289062 1014.3971557617188
120.1570925638036 1039.8111572265625 1008.18408203125
120.1904232413525 1048.06640625 1014.7604370117188
120.22375391890141 1055.46435546875 1022.0364990234375
120.25708459645031 1061.0577392578125 1033.00634765625
120.35707662909704 1072.76953125 1086.544677734375
120.42373798419484 1083.6788330078125 1113.584228515625
120.45706866174375 1089.3973388671875 1125.998779296875
120.49039933929265 1094.99169921875 1139.377197265625
120.52373001684155 1100.836669921875 1151.9771728515625
120.85703679233062 1156.294189453125 1317.2205810546875
120.89036746987952 1159.1395263671875 1331.55322265625
121.15701289027076 1159.7225341796875 1463.562255859375
121.22367424536857 1159.282958984375 1493.8087158203125
121.32366627801528 1162.915283203125 1536.749267578125
121.3903276331131 1164.9400634765625 1569.9127197265625
121.55698102085762 1168.6954345703125 1659.649169921875
121.59031169840652 1169.7763671875 1672.7069091796875
121.79029576369996 1174.285888671875 1759.26708984375
123.99012048192772 1266.510498046875 2559.1865234375
128.02313246534524 1182.1719970703125 156.09388732910156
128.05646314289416 1182.7816162109375 145.6757049560547
128.08979382044305 1181.771240234375 136.38243103027344
128.12312449799197 1181.9326171875 129.59512329101562
128.15645517554088 1180.806396484375 123.90018463134766
128.18978585308977 1178.5712890625 120.23604583740234
128.2231165306387 1176.02490234375 119.13829040527344
128.25644720818758 1172.4583740234375 119.0098648071289
128.2897778857365 1167.61083984375 120.08489227294922
128.3231085632854 1161.62939453125 123.87928009033203
128.3564392408343 1154.2078857421875 130.07748413085938
128.8897300816168 1005.0867919921875 315.90570068359375
128.9230607591657 998.7477416992188 330.0646667480469
128.9563914367146 992.4424438476562 344.7892150878906
128.98972211426351 987.3983764648438 359.43182373046875
129.0230527918124 982.04541015625 375.7121887207031
129.18970617955694 952.905029296875 472.2436218261719
129.22303685710585 946.8574829101562 491.5701599121094
129.25636753465474 942.6962890625 509.9675598144531
129.28969821220366 939.61669921875 526.3446655273438
129.32302888975255 936.36083984375 544.3204345703125
129.35635956730147 933.8375854492188 561.6212768554688
129.38969024485036 931.1597290039062 579.3561401367188
129.42302092239927 928.69384765625 597.5425415039062
129.5896743101438 915.55029296875 699.2570190429688
129.68966634279053 912.6152954101562 749.208984375
129.72299702033942 913.499267578125 764.283935546875
129.75632769788834 914.5796508789062 778.5344848632812
129.78965837543723 916.120361328125 794.1724853515625
129.85631973053503 921.3135986328125 825.3878173828125
129.88965040808395 923.6406860351562 843.9647216796875
129.92298108563284 925.3362426757812 860.7293701171875
129.95631176318176 927.8628540039062 877.2504272460938
129.98964244073068 930.6887817382812 891.0372314453125
130.02297311827957 932.5494384765625 904.367431640625
130.05630379582848 934.135986328125 917.62109375
130.08963447337737 935.8656616210938 930.345703125
130.1229651509263 936.9322509765625 943.0237426757812
130.15629582847518 937.4696044921875 957.0306396484375
130.1896265060241 939.7521362304688 971.6691284179688
130.22295718357302 940.330322265625 986.8662109375
130.2562878611219 941.7806396484375 1004.029296875
130.28961853867082 942.3113403320312 1020.1611938476562
130.3229492162197 942.71240234375 1035.12255859375
130.35627989376863 944.0719604492188 1048.292236328125
130.38961057131752 945.3762817382812 1061.591064453125
130.42294124886644 947.4630126953125 1073.3741455078125
130.45627192641533 949.4370727539062 1085.8487548828125
130.48960260396424 951.5588989257812 1098.7890625
130.52293328151316 953.0274658203125 1112.189208984375
130.55626395906205 954.6167602539062 1126.0360107421875
130.58959463661097 957.1478881835938 1141.419921875
130.62292531415986 957.357421875 1160.533935546875
130.65625599170878 957.770263671875 1178.4688720703125
130.68958666925766 958.6880493164062 1194.3392333984375
130.72291734680658 960.7415161132812 1207.84521484375
130.7562480243555 961.9901733398438 1221.6297607421875
130.7895787019044 963.4089965820312 1234.6143798828125
130.8229093794533 964.4942016601562 1247.146240234375
130.8562400570022 965.0255126953125 1260.285888671875
130.8895707345511 966.271484375 1273.1795654296875
130.9229014121 967.4266967773438 1287.3897705078125
130.95623208964892 967.867431640625 1303.0374755859375
131.02289344474673 967.939697265625 1336.3277587890625
131.08955479984454 969.1653442382812 1365.0201416015625
131.12288547739345 969.9880981445312 1378.1131591796875
131.15621615494234 971.980224609375 1390.69189453125
131.25620818758907 976.0756225585938 1428.9442138671875
131.28953886513798 977.5739135742188 1444.1334228515625
131.38953089778468 980.8179931640625 1495.1861572265625
131.5561842855292 987.218017578125 1559.606201171875
131.58951496307813 988.15234375 1572.2374267578125
131.62284564062702 989.5023803710938 1585.2679443359375
131.82282970592047 994.4183959960938 1673.810302734375
138.75561063609277 898.39599609375 484.026123046875
138.78894131364166 900.7232666015625 468.1073913574219
138.82227199119058 903.716552734375 454.8672180175781
138.85560266873946 907.061279296875 444.2199401855469
138.88893334628838 910.2108154296875 435.6346435546875
138.92226402383727 915.2435302734375 430.0516052246094
138.9555947013862 921.2459106445312 429.9379577636719
138.9889253789351 928.30859375 434.3570251464844
139.05558673403291 943.7345581054688 453.7277526855469
139.0889174115818 950.233642578125 463.6513366699219
139.12224808913072 956.4967651367188 472.3717041015625
139.1555787666796 961.920654296875 481.7569885253906
139.18890944422853 966.8827514648438 492.5364990234375
139.22224012177745 970.872802734375 503.2699890136719
139.25557079932634 974.8795776367188 516.0864868164062
139.28890147687525 978.09326171875 529.4337158203125
139.32223215442414 981.0272216796875 544.4429931640625
139.35556283197306 983.2792358398438 560.1390380859375
139.38889350952195 985.1361694335938 578.7786254882812
139.42222418707087 984.6585083007812 596.454345703125
139.45555486461976 985.1558837890625 612.2590942382812
139.48888554216867 984.8534545898438 626.036376953125
139.5222162197176 985.3206176757812 640.3638305664062
139.55554689726648 984.17822265625 653.6014404296875
139.5888775748154 983.4495849609375 665.9307861328125
139.6222082523643 981.2998046875 679.537109375
139.6555389299132 980.037109375 692.8919677734375
139.6888696074621 976.8309326171875 705.9892578125
139.722200285011 974.263427734375 721.1715698242188
139.75553096255993 969.4951782226562 736.9192504882812
139.78886164010882 964.2090454101562 750.9520263671875
139.82219231765774 959.2349853515625 765.3359375
139.85552299520663 956.451904296875 777.4362182617188
139.92218435030443 951.708740234375 798.2596435546875
139.95551502785335 950.0431518554688 809.4948120117188
139.98884570540224 948.213623046875 820.5032958984375
140.02217638295116 945.841064453125 831.7288208007812
140.05550706050008 944.0213012695312 842.584716796875
140.08883773804897 941.8513793945312 854.5274047851562
140.12216841559788 938.4869995117188 868.4873046875
140.15549909314677 935.5004272460938 881.3665771484375
140.1888297706957 933.7032470703125 893.987060546875
140.22216044824458 933.4703369140625 905.1671752929688
140.2554911257935 934.5616455078125 914.75830078125
140.28882180334242 936.3995361328125 923.9383544921875
140.3221524808913 939.3277587890625 932.664794921875
140.35548315844022 942.4168701171875 940.5714721679688
140.3888138359891 946.4939575195312 947.7555541992188
140.42214451353803 951.2162475585938 955.2838134765625
140.45547519108692 956.2623291015625 962.0183715820312
140.48880586863584 962.3466186523438 968.7218627929688
140.52213654618473 969.1409301757812 976.8534545898438
140.55546722373364 974.6098022460938 984.9072875976562
140.58879790128256 980.8126220703125 993.7659912109375
140.62212857883145 985.6748046875 1002.4271850585938
140.65545925638037 990.8694458007812 1012.7374877929688
140.68878993392926 995.1857299804688 1024.90869140625
140.72212061147818 998.564208984375 1035.8173828125
140.75545128902706 1001.2215576171875 1048.51220703125
140.78878196657598 1003.452392578125 1063.2784423828125
140.8221126441249 1004.294921875 1077.8424072265625
140.8554433216738 1004.4159545898438 1093.970703125
140.8887739992227 1005.0186767578125 1110.889404296875
140.9221046767716 1003.9613037109375 1129.2677001953125
140.9887660318694 1000.0061645507812 1159.3179931640625
141.02209670941832 998.15673828125 1170.2291259765625
141.0554273869672 994.2644653320312 1180.8851318359375
141.12208874206505 985.110107421875 1197.416259765625
141.488726195103 888.87744140625 1270.5625
141.5220568726519 886.159912109375 1279.330810546875
141.5553875502008 883.8244018554688 1290.8272705078125
141.6220489052986 882.112548828125 1315.3419189453125
141.65537958284753 882.0436401367188 1330.5408935546875
141.75537161549423 885.0405883789062 1374.734130859375
141.78870229304314 890.1484375 1387.353759765625
141.82203297059203 896.9098510742188 1398.0755615234375
141.85536364814095 904.9545288085938 1408.6063232421875
142.42198516647235 1053.7587890625 1615.8662109375
142.68863058686358 1034.3511962890625 1721.92529296875
148.68815254566653 999.4818725585938 1598.0433349609375
148.88813661095998 979.805419921875 1511.7462158203125
148.95479796605778 971.849853515625 1481.5418701171875
149.0881206762534 959.7594604492188 1426.86669921875
150.48800913330743 949.0205078125 416.4019470214844
150.52133981085632 946.8937377929688 399.3595886230469
150.55467048840524 944.8323364257812 386.0929870605469
150.58800116595415 942.3187255859375 375.5047302246094
150.62133184350304 939.0835571289062 368.2630615234375
150.65466252105196 934.4100341796875 363.49395751953125
150.68799319860085 928.2636108398438 360.34625244140625
150.72132387614977 922.6710205078125 357.79547119140625
150.75465455369866 917.6509399414062 355.6993713378906
150.78798523124757 914.0553588867188 355.02655029296875
150.82131590879646 911.83984375 356.55877685546875
150.85464658634538 910.2863159179688 359.0593566894531
150.8879772638943 909.9661254882812 364.55340576171875
150.9213079414432 910.3932495117188 371.358642578125
150.9546386189921 910.9134521484375 380.84375
150.987969296541 912.1384887695312 392.21258544921875
151.0212999740899 914.6844482421875 406.3306579589844
151.0546306516388 917.9051513671875 423.2138671875
151.08796132918772 920.4678955078125 441.2201843261719
151.12129200673664 922.5595703125 457.8453674316406
151.15462268428553 924.7027587890625 472.7703552246094
151.18795336183445 927.9358520507812 488.434814453125
151.22128403938333 930.5693969726562 502.69085693359375
151.25461471693225 933.6378784179688 517.1961669921875
151.28794539448114 937.1771240234375 532.7083129882812
151.32127607203006 940.087158203125 548.33447265625
151.35460674957895 942.9113159179688 565.0673828125
151.38793742712787 946.1762084960938 582.8856811523438
151.42126810467678 949.5400390625 599.6976928710938
151.45459878222567 952.0386352539062 613.9131469726562
151.4879294597746 954.602783203125 625.8699340820312
151.52126013732348 956.9071655273438 637.7615966796875
151.5545908148724 960.6422729492188 648.32666015625
151.5879214924213 962.7408447265625 658.0701904296875
151.6212521699702 964.612548828125 666.767578125
151.65458284751912 966.6564331054688 675.58056640625
151.687913525068 967.765869140625 681.965576171875
151.72124420261693 968.06884765625 689.5089111328125
151.75457488016582 968.4514770507812 696.3726806640625
151.78790555771474 967.4497680664062 703.2448120117188
151.82123623526363 965.3701782226562 710.64501953125
151.85456691281254 964.5050048828125 714.8406982421875
151.88789759036143 964.2440795898438 717.668212890625
151.92122826791035 963.2378540039062 719.0692138671875
151.95455894545927 963.243408203125 718.906005859375
151.98788962300816 963.2499389648438 718.9432373046875
152.02122030055708 963.9029541015625 718.8766479492188
152.05455097810596 963.8757934570312 717.5834350585938
152.08788165565488 964.31298828125 716.5536499023438
152.12121233320377 964.2977294921875 715.0032348632812
152.1545430107527 964.3165283203125 713.955078125
152.1878736883016 964.1126098632812 712.7344360351562
152.2212043658505 964.6815795898438 711.1160888671875
152.25453504339941 964.8983154296875 708.8515625
152.2878657209483 965.1243286132812 707.171630859375
152.32119639849722 965.42333984375 705.1387329101562
152.3545270760461 965.3310546875 703.5684814453125
152.38785775359503 966.2593383789062 701.338134765625
152.42118843114392 966.9634399414062 699.79248046875
152.45451910869284 967.1232299804688 697.9634399414062
152.48784978624175 967.5697631835938 696.7903442382812
152.52118046379064 968.0367431640625 695.282470703125
152.55451114133956 968.1661987304688 694.08544921875
152.58784181888845 968.7313842773438 693.1185302734375
152.62117249643737 969.5543823242188 692.3841552734375
152.65450317398626 969.3523559570312 690.9375610351562
152.68783385153517 969.5501708984375 690.3643188476562
152.7211645290841 969.677001953125 688.8004760742188
152.75449520663298 969.9849243164062 689.8306884765625
152.7878258841819 970.3134765625 690.1729736328125
152.8211565617308 970.9646606445312 689.7835693359375
152.8544872392797 971.274658203125 689.5015869140625
152.8878179168286 971.8128662109375 689.9287109375
152.9211485943775 972.0370483398438 689.865966796875
152.9544792719264 972.757080078125 691.9865112304688
152.98780994947532 972.30859375 694.7239379882812
153.02114062702424 971.1734619140625 699.210693359375
153.05447130457313 968.8428955078125 706.3112182617188
153.08780198212204 964.8623657226562 718.3766479492188
153.12113265967093 957.7011108398438 733.9814453125
159.7539374919031 937.0597534179688 373.7676086425781
159.787268169452 933.477294921875 357.7172546386719
159.8205988470009 930.0072021484375 345.24566650390625
159.8539295245498 926.7528076171875 333.4796447753906
159.88726020209873 924.6738891601562 322.9725341796875
159.92059087964762 922.843017578125 314.7386779785156
159.95392155719654 921.4163818359375 306.7469177246094
159.98725223474543 921.0774536132812 299.47674560546875
160.02058291229434 921.2376098632812 293.09735107421875
160.05391358984323 922.230224609375 289.7184143066406
160.08724426739215 926.5911254882812 291.1910095214844
160.15390562248996 942.1236572265625 305.7207336425781
160.18723630003888 947.7677612304688 315.3565979003906
160.22056697758777 952.8599243164062 325.08184814453125
160.25389765513668 956.9212646484375 336.48443603515625
160.28722833268557 960.2859497070312 349.11163330078125
160.3205590102345 964.19677734375 362.93988037109375
160.35388968778338 966.7567749023438 379.1737365722656
160.3872203653323 967.7855224609375 398.458251953125
166.52006503433088 934.5844116210938 886.1925659179688
166.92003316491773 925.0270385742188 626.0996704101562
166.98669452001553 925.056884765625 590.3192138671875
167.08668655266226 926.8964233398438 532.5662841796875
167.12001723021118 926.8115234375 514.8980102539062
167.15334790776006 925.983154296875 499.9309387207031
167.18667858530898 925.0958251953125 488.44622802734375
167.22000926285787 925.4423828125 477.8149719238281
167.2533399404068 925.3786010742188 470.27972412109375
167.2866706179557 925.1739501953125 464.4991760253906
167.3200012955046 925.2493896484375 459.10845947265625
167.3533319730535 925.4119873046875 455.111572265625
167.3866626506024 925.4873046875 453.3114013671875
167.41999332815132 927.3365478515625 453.92974853515625
167.4533240057002 929.2728271484375 461.07293701171875
167.48665468324913 931.5642700195312 471.64630126953125
167.51998536079802 934.0916137695312 481.311767578125
167.55331603834694 936.9677124023438 491.91217041015625
167.58664671589585 940.2056274414062 502.0484619140625
167.61997739344474 941.9851684570312 513.181640625
167.65330807099366 944.16357421875 525.2603759765625
167.68663874854255 946.2433471679688 538.4407958984375
167.71996942609147 948.421142578125 553.0425415039062
167.75330010364036 949.5841064453125 570.1876831054688
167.78663078118927 950.6561889648438 588.61376953125
167.9866148464827 947.6690673828125 709.2216796875
168.0199455240316 946.6885375976562 725.8912963867188
168.05327620158053 945.324462890625 741.3156127929688
168.11993755667834 942.54833984375 775.864501953125
168.28659094442284 928.0906372070312 872.0364990234375
168.31992162197176 926.5120239257812 888.0291748046875
168.35325229952068 926.3560180664062 903.8285522460938
168.38658297706957 926.0606689453125 918.5829467773438
168.41991365461848 926.1131591796875 932.9283447265625
168.45324433216737 926.2005615234375 948.2516479492188
168.4865750097163 926.02294921875 963.9050903320312
168.51990568726518 927.204345703125 980.2738647460938
168.5532363648141 928.4420776367188 998.3496704101562
168.58656704236301 928.029296875 1018.169921875
168.6198977199119 928.8380126953125 1035.3330078125
168.65322839746082 929.4459228515625 1051.53125
168.6865590750097 930.6879272460938 1065.8773193359375
168.71988975255863 931.6761474609375 1079.6065673828125
168.75322043010752 932.5250854492188 1093.207275390625
168.78655110765644 933.5586547851562 1106.39501953125
168.81988178520533 933.9915771484375 1119.851806640625
168.85321246275424 933.6868286132812 1134.3861083984375
168.88654314030316 934.5904541015625 1148.81005859375
168.91987381785205 934.86767578125 1163.2513427734375
168.95320449540097 933.6661987304688 1179.2373046875
169.01986585049877 932.91064453125 1207.4786376953125
169.05319652804766 933.4572143554688 1219.3016357421875
169.08652720559658 934.33544921875 1231.260498046875
169.1198578831455 935.6920166015625 1242.0513916015625
169.1531885606944 937.3741455078125 1252.917236328125
169.1865192382433 938.5645751953125 1264.355224609375
169.2198499157922 939.800048828125 1276.0504150390625
169.2531805933411 941.5718994140625 1288.65625
169.28651127089 943.5382080078125 1302.91748046875
169.45316465863453 950.75439453125 1384.819580078125
169.55315669128126 964.3719482421875 1411.5732421875
169.58648736883015 969.7047729492188 1417.9923095703125
169.7864714341236 1005.2723388671875 1440.4075927734375
169.8198021116725 1010.2678833007812 1443.321044921875
169.8531327892214 1015.9071655273438 1445.2457275390625
169.8864634667703 1020.4766235351562 1447.8675537109375
169.95312482186813 1027.505615234375 1454.37158203125
169.98645549941702 1030.4334716796875 1458.767333984375
170.01978617696594 1032.1341552734375 1464.15234375
170.05311685451483 1033.5965576171875 1469.6727294921875
170.08644753206374 1035.0020751953125 1475.4263916015625
170.11977820961263 1035.43994140625 1481.88671875
170.15310888716155 1035.0101318359375 1487.563720703125
170.18643956471047 1033.36474609375 1490.9052734375
170.21977024225936 1030.5091552734375 1494.168212890625
170.28643159735716 1022.534912109375 1496.802001953125
170.3864236300039 1004.6381225585938 1493.4239501953125
170.4530849851017 988.9743041992188 1488.6383056640625
170.5197463401995 969.7413330078125 1480.9970703125
170.5864076952973 950.9573364257812 1473.037353515625
170.68639972794404 931.901611328125 1468.541015625
170.71973040549295 928.0362548828125 1468.262451171875
170.75306108304184 925.193115234375 1469.15185546875
170.78639176059076 922.1007080078125 1470.7889404296875
170.81972243813965 920.63671875 1472.4329833984375
170.91971447078637 916.3792114257812 1480.539306640625
170.95304514833526 915.804443359375 1482.007080078125
170.98637582588418 915.189208984375 1483.7694091796875
171.0197065034331 914.9462890625 1484.563720703125
171.053037180982 915.1000366210938 1484.9954833984375
171.0863678585309 915.1040649414062 1484.9990234375
171.1196985360798 914.8828735351562 1485.846923828125
171.1530292136287 914.5855712890625 1485.1312255859375
171.1863598911776 914.9766845703125 1484.0577392578125
171.21969056872652 916.2984619140625 1481.49169921875
171.25302124627544 920.0875244140625 1479.12744140625
171.28635192382433 918.9757080078125 1475.92236328125
171.31968260137324 920.7264404296875 1471.2694091796875
171.35301327892213 922.6676025390625 1468.0638427734375
171.38634395647105 924.38427734375 1464.82470703125
171.41967463401994 926.2014770507812 1460.6190185546875
171.45300531156886 928.3701171875 1456.5401611328125
171.48633598911775 929.8963012695312 1454.0
171.51966666666667 931.4075317382812 1449.8480224609375
