4.832560381137722 123.18161010742188 -20.551738739013672
5.365808423194299 168.13351440429688 -63.30950927734375
5.865728462622339 181.79763793945312 -95.66656494140625
6.498960512564524 251.9661865234375 -127.03752899169922
16.863969330039225 322.6002502441406 -304.2856750488281
17.130593351067514 347.34600830078125 -293.2900390625
18.09710542729506 378.962890625 -268.15057373046875
18.130433429923595 379.172607421875 -267.33355712890625
21.26326567700598 496.5155334472656 -266.13592529296875
22.36308976374767 521.504638671875 -217.2154083251953
23.32960183997521 265.47064208984375 -236.76353454589844
23.362929842603748 264.2088317871094 -235.92189025878906
23.562897858374964 265.2555236816406 -225.87692260742188
23.5962258610035 265.6202392578125 -224.96934509277344
23.762865874146183 271.4717712402344 -224.30087280273438
23.896177884660325 283.3978576660156 -223.87991333007812
24.029489895174468 302.1417236328125 -228.31918334960938
24.59606593985958 353.58453369140625 -259.1329650878906
26.095826058143704 358.8210754394531 -291.9528503417969
26.495762089686135 421.44342041015625 -282.4748840332031
26.729058108085887 460.6871032714844 -272.3083190917969
27.46227416591368 465.9945983886719 -279.2900085449219
27.62891417905636 443.2869873046875 -283.5487365722656
27.7622261895705 430.6893310546875 -289.07208251953125
28.662082260540977 396.826171875 -301.8931579589844
28.828722273683656 380.36151123046875 -307.94598388671875
28.862050276312193 379.36981201171875 -308.00738525390625
28.9620342841978 373.66522216796875 -307.1611328125
29.02869028945487 367.67523193359375 -306.1280822753906
29.29531431048316 325.3558349609375 -303.5380554199219
29.39529831836877 312.5991516113281 -302.7529296875
29.761906347282665 281.89593505859375 -294.76336669921875
30.528450407738994 315.2846374511719 -259.2525939941406
31.761586504994824 311.7077941894531 -285.5673828125
32.06153852865165 305.77947998046875 -285.2027587890625
32.09486653128018 305.2712707519531 -284.021728515625
33.361330631164556 243.17074584960938 -276.8670654296875
34.02789068373527 223.3555145263672 -254.15908813476562
34.66112273367746 287.6607666015625 -246.88784790039062
34.86109074944868 294.54345703125 -252.0964813232422
35.027730762591354 299.61669921875 -262.34405517578125
35.12771477047696 305.2243957519531 -266.2584533691406
35.39433879150525 323.8777770996094 -277.37353515625
38.193891012302274 437.7359924316406 -256.6086120605469
38.29387502018788 431.2284240722656 -263.0835876464844
38.62715504647325 430.7983703613281 -278.45770263671875
38.96043507275861 470.5662536621094 -322.71142578125
39.060419080644216 475.7168884277344 -332.8465576171875
39.12707508590128 476.7389221191406 -333.4010925292969
39.52701111744372 428.8211975097656 -334.048828125
39.86029114372908 386.1321716308594 -346.3440856933594
41.06009923835637 163.5120391845703 -216.16116333007812
41.09342724098491 157.75741577148438 -214.2845001220703
41.126755243613445 151.326171875 -210.99717712402344
41.19341124887052 144.9443817138672 -205.9444122314453
47.99232378509187 502.9290771484375 -261.8324279785156
48.358931814005764 507.59271240234375 -266.3370361328125
48.72553984291966 508.9661560058594 -275.235107421875
48.758867845548195 507.5814514160156 -274.566650390625
48.79219584817673 507.50714111328125 -274.38128662109375
48.82552385080527 507.5356140136719 -273.9371032714844
48.858851853433805 508.5481262207031 -273.693359375
49.19213187971916 490.633544921875 -274.44049072265625
49.65872391651867 448.6932678222656 -282.36968994140625
49.692051919147204 449.49169921875 -281.6264343261719
49.89201993491842 437.6064453125 -287.0596008300781
50.291955966460854 441.9843444824219 -292.6299133300781
50.32528396908939 442.042236328125 -293.40997314453125
50.45859597960353 447.7574462890625 -296.5623779296875
51.02517202428864 517.9608154296875 -289.95452880859375
51.12515603217425 523.6874389648438 -284.84423828125
51.291796045316936 529.56787109375 -275.8753356933594
51.45843605845961 530.031494140625 -274.8843688964844
51.59174806897376 523.9286499023438 -278.25042724609375
51.99168410051619 459.6324157714844 -270.3674011230469
52.79155616360105 359.0660400390625 -255.95364379882812
52.9248681741152 353.05731201171875 -248.92054748535156
53.22482019777202 347.41864013671875 -242.6403045654297
53.42478821354324 347.7344055175781 -242.33372497558594
54.02469226085689 352.92596435546875 -258.9088134765625
54.591268305541995 351.86181640625 -267.8104248046875
54.82456432394175 358.4075927734375 -269.2420349121094
54.85789232657029 358.4078674316406 -269.208740234375
55.32448436336979 363.72174072265625 -281.0215148925781
56.05770042119758 369.1284484863281 -302.1653747558594
56.2576684369688 369.45770263671875 -296.8332824707031
56.290996439597336 369.6158752441406 -296.6788024902344
56.42430845011148 369.7666015625 -297.00482177734375
56.890900486910986 368.9967956542969 -302.55126953125
57.0908685026822 368.7525939941406 -298.5951843261719
57.124196505310735 368.93731689453125 -298.5559387207031
57.15752450793927 369.2107238769531 -298.4862976074219
57.19085251056781 369.1650085449219 -298.4188232421875
57.224180513196345 368.3414001464844 -298.82391357421875
57.35749252371049 357.45849609375 -300.0594787597656
57.49080453422463 351.3966369628906 -301.58282470703125
57.75742855525292 333.8950500488281 -296.4674987792969
57.79075655788146 333.669921875 -296.48699951171875
57.9240685683956 327.65802001953125 -293.45367431640625
58.02405257628121 321.6051025390625 -290.5102844238281
58.09070858153828 315.5155029296875 -289.1479187011719
58.224020592052426 309.2385559082031 -288.83978271484375
58.25734859468096 308.3009948730469 -289.6721496582031
58.2906765973095 308.32794189453125 -289.5779724121094
58.42398860782364 303.4024658203125 -285.9895324707031
58.457316610452175 303.6664733886719 -284.7655029296875
58.49064461308071 303.4566955566406 -286.6531982421875
58.52397261570925 303.64410400390625 -286.61468505859375
58.557300618337784 304.0044250488281 -285.74993896484375
58.857252641994606 303.2967834472656 -278.4093322753906
58.89058064462314 300.2765808105469 -281.4904479980469
59.09054866039436 297.52569580078125 -278.5979919433594
59.1238766630229 297.4412841796875 -278.0129699707031
59.157204665651435 296.8224182128906 -277.62066650390625
59.49048469193679 285.0884094238281 -278.9927978515625
59.52381269456533 281.5942077636719 -279.04443359375
59.69045270770801 273.4441223144531 -274.5704650878906
59.72378071033655 273.52239990234375 -276.5636291503906
59.75710871296508 270.1519470214844 -275.6273193359375
60.157044744507516 269.6379089355469 -275.5830078125
60.19037274713605 272.98529052734375 -272.9092712402344
61.45683684702042 304.9177551269531 -268.5470886230469
61.65680486279163 311.1981506347656 -270.42401123046875
61.723460868048704 317.33978271484375 -265.7037353515625
62.02341289170553 330.5049133300781 -252.9463348388672
62.123396899591135 336.3623962402344 -250.92471313476562
62.68997294427625 384.9862365722656 -260.6495666503906
62.75662894953332 385.4532775878906 -262.2091064453125
62.78995695216186 384.1388854980469 -262.16387939453125
62.85661295741893 385.4407958984375 -262.3783874511719
62.88994096004747 385.4474182128906 -262.4080810546875
62.923268962676005 385.427490234375 -262.3813171386719
62.95659696530454 385.35748291015625 -262.5411071777344
62.98992496793308 383.8887634277344 -263.2542724609375
63.02325297056161 383.8927001953125 -264.5490417480469
63.556501012618185 365.5672302246094 -278.4026794433594
63.78979703101794 359.2840881347656 -280.8925476074219
63.82312503364648 359.7205810546875 -282.3349914550781
63.85645303627501 359.700439453125 -283.106201171875
64.0230930494177 360.5140686035156 -284.9742736816406
64.55634109147427 366.5277099609375 -289.5417175292969
65.35621315455913 371.6952209472656 -279.200439453125
65.72282118347303 371.183837890625 -284.9092712402344
65.98944520450132 359.026611328125 -291.8424377441406
66.32272523078667 365.0804443359375 -300.9833068847656
66.45603724130082 370.9576721191406 -301.3799743652344
66.55602124918643 371.59918212890625 -304.0923767089844
66.6226772544435 370.6483154296875 -304.7529296875
66.78931726758618 371.0947265625 -306.62347412109375
67.089269291243 376.1839904785156 -311.3095703125
67.42254931752836 388.3503723144531 -312.1394348144531
67.52253332541397 395.19451904296875 -309.0546875
67.55586132804251 395.09747314453125 -308.4500427246094
67.85581335169934 413.5400390625 -295.8106994628906
67.92246935695641 419.3282165527344 -291.9352111816406
68.18909337798469 438.3216552734375 -282.34271240234375
68.25574938324176 436.9758605957031 -280.3287048339844
68.35573339112737 437.5641784667969 -276.0001220703125
68.45571739901298 437.13336181640625 -274.1211853027344
68.62235741215567 431.4517517089844 -275.81231689453125
68.6556854147842 431.3812255859375 -276.310302734375
68.72234142004127 431.7331237792969 -275.8906555175781
69.1222774515837 387.9153747558594 -274.7071533203125
69.42222947524053 342.51300048828125 -295.30120849609375
69.4888854804976 337.12860107421875 -295.7207336425781
69.68885349626882 313.93109130859375 -280.6091613769531
69.82216550678295 288.12689208984375 -279.8027038574219
69.88882151204002 283.0665588378906 -277.34906005859375
71.35525362769562 298.5726318359375 -272.5149230957031
71.38858163032415 298.5935974121094 -271.96746826171875
73.1882937722651 353.5770568847656 -293.2799377441406
73.22162177489363 353.58416748046875 -293.20196533203125
73.25494977752217 353.61822509765625 -293.2187194824219
73.58822980380752 359.3731384277344 -293.1205139160156
73.92150983009289 365.5888977050781 -292.51226806640625
73.95483783272142 365.5889587402344 -292.51654052734375
73.98816583534996 365.1843566894531 -292.42767333984375
74.28811785900679 383.9913330078125 -285.67987060546875
76.45443802986162 365.2179260253906 -294.7801818847656
76.48776603249016 365.5404357910156 -294.8230285644531
76.55442203774723 363.7166748046875 -297.7269592285156
76.95435806928967 344.923095703125 -303.58642578125
77.28763809557503 334.7344055175781 -304.3511962890625
77.42095010608917 329.1639099121094 -302.71710205078125
77.75423013237453 308.8648986816406 -305.3363342285156
79.15400624277305 365.3499755859375 -287.7242126464844
79.65392628220108 383.75994873046875 -285.5339660644531
80.45379834528595 413.8341064453125 -277.2237243652344
80.92039038208546 413.1609191894531 -275.6553649902344
81.32032641362788 401.4261779785156 -275.8889465332031
81.95355846357008 365.6322937011719 -287.67584228515625
82.55346251088372 371.59149169921875 -298.2215576171875
83.32000657134004 400.042236328125 -307.8492126464844
83.5533025897398 406.241943359375 -308.8400573730469
83.68661460025395 406.6934509277344 -309.4354553222656
84.31984665019613 384.42303466796875 -282.4369812011719
84.88642269488123 315.41876220703125 -286.1109924316406
85.38634273430928 272.5809326171875 -270.8897705078125
86.25287080265122 330.63592529296875 -262.1077880859375
86.58615082893658 314.6894836425781 -294.759521484375
87.05274286573608 292.728271484375 -305.93939208984375
87.08607086836462 290.8525695800781 -307.4302673339844
87.11939887099315 290.1406555175781 -307.6906433105469
87.45267889727852 292.07159423828125 -307.09295654296875
87.48600689990705 293.0628356933594 -307.5129699707031
87.55266290516413 292.9179382324219 -306.9569091796875
87.58599090779266 292.8060607910156 -306.7866516113281
87.68597491567826 289.5011291503906 -313.31573486328125
87.75263092093533 290.0493469238281 -313.6211853027344
87.78595892356387 292.1555480957031 -313.4305725097656
87.8192869261924 292.2083435058594 -313.6390075683594
87.88594293144948 291.3276062011719 -312.8056335449219
87.91927093407801 291.41314697265625 -310.9803161621094
87.95259893670655 293.2256774902344 -311.0865173339844
88.01925494196362 289.9903869628906 -311.018798828125
88.31920696562045 296.1285095214844 -305.52618408203125
88.4525189761346 293.3248291015625 -305.6947326660156
88.61915898927727 286.7563171386719 -303.10601806640625
88.88578301030556 274.09375 -295.30352783203125
88.9191110129341 274.37713623046875 -295.3543395996094
89.51901506024774 293.0382385253906 -278.02471923828125
89.91895109179018 300.44805908203125 -270.07666015625
89.95227909441871 299.08447265625 -269.5481872558594
90.01893509967579 293.485107421875 -272.5008239746094
90.41887113121821 262.02764892578125 -269.36077880859375
90.6854951522465 250.01409912109375 -258.82098388671875
90.98544717590333 231.69036865234375 -254.239013671875
91.48536721533137 222.562744140625 -249.26272583007812
91.55202322058844 226.5719451904297 -248.154541015625
91.65200722847405 222.2835693359375 -254.66920471191406
91.98528725475941 213.3047332763672 -254.85023498535156
92.08527126264502 206.75059509277344 -258.18634033203125
100.25063190663634 445.5353088378906 -193.16732788085938
109.9157526689118 359.6994323730469 -268.5631103515625
109.98240867416887 360.258056640625 -265.5416259765625
111.3155287793103 492.8763122558594 -265.1396484375
111.78212081610981 471.10882568359375 -290.26654052734375
111.88210482399542 464.8915710449219 -292.9964294433594
112.2487128529093 460.10467529296875 -298.6863098144531
112.28204085553784 459.9059753417969 -298.3476257324219
112.31536885816638 459.467529296875 -300.25091552734375
112.5153368739376 461.01763916015625 -302.348876953125
112.58199287919467 458.9871520996094 -304.4706115722656
112.68197688708028 453.4152526855469 -304.5305480957031
113.21522492913685 459.33660888671875 -300.8834533691406
113.348536939651 459.48114013671875 -300.6172790527344
113.38186494227953 459.3796081542969 -301.9090881347656
113.78180097382197 459.0647888183594 -300.98626708984375
113.94844098696464 465.00994873046875 -300.80657958984375
114.11508100010732 476.1505126953125 -305.3725891113281
114.21506500799293 481.6897888183594 -310.6500549316406
114.24839301062147 481.3689270019531 -311.717529296875
114.28172101325 482.4978942871094 -312.1538391113281
114.71498504742098 499.6633605957031 -304.6604919433594
114.81496905530658 500.10028076171875 -303.02996826171875
114.98160906844926 487.85791015625 -305.7133483886719
115.58151311576292 453.6647644042969 -289.917236328125
115.81480913416266 458.7988586425781 -285.59002685546875
124.41343381232495 428.816650390625 -316.1764831542969
124.88002584912446 405.4438781738281 -301.2624816894531
124.913353851753 405.407958984375 -298.8598937988281
124.94668185438154 405.6329345703125 -295.7341613769531
124.98000985701007 405.287841796875 -292.91180419921875
125.01333785963861 405.20513916015625 -290.43548583984375
125.1133218675242 400.416015625 -277.1177062988281
125.21330587540982 388.5912170410156 -268.90191650390625
128.57943414089195 414.5693664550781 -261.35345458984375
142.24391521859172 425.4328308105469 -244.5051727294922
142.7771632606483 425.3951721191406 -251.79139709472656
144.0769553631612 585.0812377929688 -257.3979187011719
144.14361136841828 584.4473266601562 -263.73956298828125
148.34293969961382 543.4925537109375 -215.2613067626953
148.37626770224236 546.6724243164062 -210.6483917236328
163.24055687456942 535.1141357421875 -154.3531951904297
163.5738369008548 596.0830078125 -90.1105728149414
164.20706895079695 699.3895874023438 -0.5168015956878662
171.0726374922754 503.1406555175781 -301.0811767578125
171.4725735238178 494.8713684082031 -278.82696533203125
176.271805902327 263.7911071777344 -278.8960266113281
179.20467013363816 268.3588562011719 -231.55178833007812
181.50430231500715 545.264404296875 -201.44570922851562
181.60428632289276 549.6928100585938 -215.14276123046875
181.6376143255213 549.2938842773438 -220.705810546875
181.67094232814983 548.9696655273438 -224.95193481445312
