6.332426992437464 518.3005981445312 604.8172607421875
6.365755555555555 512.9518432617188 590.8167724609375
6.399084118673648 508.10845947265625 578.6377563476562
6.43241268179174 503.98541259765625 570.1832275390625
6.4657412449098315 502.7554931640625 561.8111572265625
6.499069808027923 502.6341247558594 556.0321655273438
6.532398371146015 503.8966064453125 553.3826293945312
6.565726934264108 506.9781188964844 554.7255859375
6.599055497382199 510.1876220703125 559.2662963867188
6.632384060500291 515.6799926757812 567.963623046875
6.665712623618383 522.5286865234375 580.949462890625
12.03161128563118 676.846435546875 1002.9258422851562
12.064939848749272 677.62548828125 988.1277465820312
12.098268411867366 678.0091552734375 972.6593627929688
12.16492553810355 682.212890625 940.1788330078125
12.298239790575916 691.510986328125 871.85693359375
12.3648969168121 694.742919921875 846.2335815429688
12.398225479930192 695.746826171875 834.6973266601562
12.464882606166377 698.9838256835938 810.2055053710938
12.498211169284469 701.3896484375 798.7535400390625
12.53153973240256 703.8952026367188 786.0275268554688
12.598196858638744 709.8389282226562 759.6417846679688
12.664853984874927 715.414794921875 732.1510620117188
12.698182547993019 718.5068359375 718.2532958984375
12.73151111111111 719.9823608398438 705.865966796875
12.764839674229204 721.9772338867188 693.6260375976562
12.798168237347296 722.4420166015625 682.7885131835938
12.831496800465388 722.5492553710938 672.3483276367188
12.86482536358348 723.3825073242188 661.891357421875
12.931482489819663 725.0170288085938 640.4364013671875
12.964811052937755 724.5538330078125 629.6832885742188
12.998139616055846 724.1185913085938 618.5358276367188
13.031468179173938 722.7147827148438 606.4766235351562
13.06479674229203 720.540283203125 594.1930541992188
13.098125305410123 717.1241455078125 582.8067016601562
13.131453868528215 712.28173828125 571.7254638671875
13.198110994764399 701.7606201171875 550.7666015625
13.23143955788249 696.3092651367188 542.6027221679688
13.264768121000582 689.8214111328125 533.3673706054688
13.364753810354857 666.7576293945312 510.5871276855469
13.498068062827226 624.8967895507812 494.1101989746094
13.531396625945318 622.1173095703125 494.70281982421875
13.56472518906341 621.3334350585938 497.2599792480469
13.598053752181501 623.978271484375 502.14892578125
13.631382315299593 628.0584106445312 509.60296630859375
13.664710878417685 634.3450317382812 519.6229858398438
13.698039441535776 643.0347900390625 532.420654296875
13.731368004653868 654.6910400390625 547.8946533203125
13.831353694008145 688.3779296875 603.31396484375
21.196966143106458 537.7586669921875 608.7368774414062
21.23029470622455 536.1503295898438 591.5153198242188
21.26362326934264 533.8458862304688 576.6031494140625
21.296951832460735 532.8087768554688 563.9849243164062
21.330280395578825 529.6357421875 556.3536376953125
21.36360895869692 526.6044311523438 551.0652465820312
21.39693752181501 521.0979614257812 548.0062255859375
21.430266084933102 516.5551147460938 546.1387329101562
21.463594648051192 512.826416015625 545.6136474609375
21.496923211169285 510.797119140625 545.1078491210938
21.530251774287375 509.5192565917969 544.1757202148438
21.56358033740547 508.33184814453125 544.9633178710938
21.596908900523562 507.538818359375 544.2379150390625
21.630237463641652 506.2310485839844 544.6129150390625
21.663566026759746 506.5653991699219 545.0604248046875
21.73022315299593 504.8028259277344 544.9291381835938
21.76355171611402 500.9464416503906 543.4866333007812
21.796880279232113 497.8494873046875 542.0184936523438
21.830208842350203 496.7901306152344 542.0335693359375
21.89686596858639 497.2130432128906 541.8200073242188
21.93019453170448 497.8307800292969 542.0885620117188
21.963523094822573 499.3380126953125 543.31494140625
21.996851657940663 500.2126159667969 544.3477172851562
22.030180221058757 502.0014953613281 547.6458740234375
22.063508784176847 503.6758117675781 549.6917114257812
22.09683734729494 505.32269287109375 552.5971069335938
22.13016591041303 506.9256591796875 556.2587280273438
22.163494473531124 507.37591552734375 559.8761596679688
22.196823036649214 509.2742004394531 561.724609375
22.230151599767307 510.0193786621094 561.5550537109375
22.2634801628854 510.0693664550781 561.4342041015625
22.29680872600349 510.30377197265625 562.1820068359375
22.330137289121584 509.2745056152344 562.6378784179688
22.363465852239674 507.87286376953125 563.6543579101562
22.396794415357768 506.46490478515625 565.694091796875
22.430122978475858 504.8926086425781 567.89599609375
22.46345154159395 503.78253173828125 570.2835083007812
22.49678010471204 501.4166564941406 573.3455810546875
22.530108667830135 499.41217041015625 577.0554809570312
22.563437230948228 496.0867614746094 579.584228515625
22.596765794066318 493.8204650878906 581.6741333007812
22.63009435718441 490.85418701171875 583.7113037109375
22.6634229203025 488.1141052246094 585.0616455078125
22.696751483420595 485.673095703125 587.619384765625
22.76340860965678 481.11627197265625 597.6651611328125
22.79673717277487 478.6914367675781 605.1911010742188
22.830065735892962 476.4044189453125 614.2710571289062
22.896722862129145 470.311767578125 639.797119140625
23.66327981384526 331.9979553222656 1122.6370849609375
24.02989400814427 296.0116882324219 1301.8228759765625
24.629808144269926 260.8858947753906 1565.974609375
31.095549389179755 312.7902526855469 498.2640686035156
31.12887795229785 311.3117980957031 485.1112365722656
31.162206515415942 310.0464172363281 473.7894287109375
31.195535078534032 308.9063720703125 463.99261474609375
31.228863641652126 308.0000305175781 457.72686767578125
31.262192204770216 306.2075500488281 453.9098815917969
31.29552076788831 304.18994140625 451.4980163574219
31.3288493310064 302.11492919921875 450.3291931152344
31.362177894124493 298.8140563964844 451.0395202636719
31.395506457242583 295.1018371582031 452.8971252441406
31.428835020360676 292.1915283203125 455.82373046875
31.462163583478766 290.9173889160156 458.4998779296875
31.49549214659686 290.2516174316406 461.883544921875
31.528820709714953 289.2402648925781 465.75811767578125
31.562149272833043 289.0028381347656 470.1758728027344
31.595477835951137 289.2052917480469 477.24896240234375
31.628806399069227 289.60711669921875 486.34344482421875
31.66213496218732 290.2205505371094 497.7585754394531
31.69546352530541 291.00140380859375 510.8978271484375
31.795449214659687 294.6424865722656 558.0385131835938
31.82877777777778 296.9254150390625 573.9283447265625
32.32870622454916 337.6601257324219 861.7572631835938
32.36203478766725 345.9119873046875 872.8659057617188
32.39536335078534 356.50103759765625 882.0728759765625
32.462020477021525 376.46075439453125 898.0228271484375
32.795306108202446 448.075439453125 993.8523559570312
32.828634671320536 448.79437255859375 1008.283447265625
32.92862036067481 444.948486328125 1053.49267578125
41.32741826643397 415.56903076171875 520.319091796875
41.36074682955206 413.1589660644531 504.5302429199219
41.39407539267016 410.6049499511719 492.7608337402344
41.42740395578825 409.6870422363281 482.36248779296875
41.46073251890634 409.0223388671875 473.7886657714844
41.49406108202444 409.1240234375 467.23028564453125
41.52738964514253 409.9493103027344 461.33233642578125
41.56071820826062 410.4031066894531 456.8128662109375
41.59404677137871 412.4978332519531 453.938720703125
41.660703897614894 415.8564758300781 449.50396728515625
41.694032460732984 417.01263427734375 448.4808349609375
41.727361023851074 418.1297912597656 447.32244873046875
41.76068958696917 420.3466491699219 446.9372863769531
41.79401815008726 422.9200744628906 447.0225830078125
41.82734671320535 425.0635986328125 448.12493896484375
41.86067527632345 426.9465026855469 449.7737121582031
41.89400383944154 429.2660217285156 452.95086669921875
41.92733240255963 431.41961669921875 457.40008544921875
41.96066096567772 433.3941955566406 463.8791809082031
41.993989528795815 435.2938232421875 472.4430236816406
42.027318091913905 436.7200012207031 484.438232421875
42.060646655031995 437.2948303222656 500.1642761230469
42.09397521815009 437.53448486328125 514.9854125976562
42.12730378126818 438.3218688964844 529.3800659179688
42.16063234438627 440.6123962402344 542.8750610351562
42.19396090750436 441.6243896484375 556.9638061523438
42.22728947062246 443.10833740234375 571.581298828125
50.25947318208261 533.641845703125 552.1157836914062
50.62608737638162 626.4260864257812 539.989013671875
50.65941593949971 632.5885620117188 548.3106079101562
50.6927445026178 637.2186889648438 556.3126831054688
50.759401628853986 644.9298706054688 576.4163208007812
50.792730191972076 647.2003173828125 586.4703369140625
50.82605875509017 649.4469604492188 598.9326782226562
50.89271588132635 652.0772094726562 626.4742431640625
50.92604444444444 655.3444213867188 637.3140258789062
50.95937300756254 659.6127319335938 647.0523681640625
51.05935869691682 676.2138671875 669.55615234375
51.09268726003491 682.57470703125 676.4932861328125
51.226001512507274 710.9172973632812 697.3056030273438
51.259330075625364 717.7063598632812 703.5089111328125
51.292658638743454 724.520263671875 709.1943359375
51.32598720186155 730.9013061523438 716.7032470703125
51.35931576497964 736.872802734375 726.0054321289062
51.42597289121583 745.928955078125 749.4910888671875
51.5259585805701 752.4318237304688 794.2557373046875
51.559287143688195 752.7137451171875 812.8358154296875
51.592615706806285 751.5236206054688 832.1065673828125
51.659272833042465 745.9942626953125 871.6329345703125
51.69260139616056 742.3603515625 890.8528442382812
58.791585340314136 450.1491394042969 1624.509033203125
60.45801349621873 567.879150390625 618.9297485351562
60.55799918557301 572.2828369140625 572.5542602539062
60.5913277486911 575.31591796875 562.0106201171875
60.62465631180919 579.635986328125 554.4781494140625
60.72464200116347 595.4822387695312 545.3699340820312
60.757970564281564 598.6073608398438 542.5518798828125
60.791299127399654 602.7955932617188 542.5308227539062
60.824627690517744 607.5511474609375 542.0015258789062
60.857956253635834 611.7850341796875 541.63916015625
60.89128481675393 615.717041015625 543.4981689453125
60.92461337987202 619.8751220703125 543.752197265625
60.95794194299011 623.20947265625 545.7123413085938
60.99127050610821 626.0833740234375 548.548095703125
61.0245990692263 629.1422119140625 550.19482421875
61.05792763234439 632.249267578125 553.0554809570312
61.09125619546248 632.8682250976562 558.3139038085938
61.124584758580575 633.89794921875 564.65576171875
61.157913321698665 637.0109252929688 568.5751342773438
61.191241884816755 639.4100952148438 573.685791015625
61.224570447934845 642.7521362304688 579.7867431640625
61.25789901105294 646.4832763671875 589.2327270507812
61.29122757417103 650.0230102539062 598.2478637695312
61.32455613728912 652.5151977539062 609.3665161132812
61.35788470040722 653.264404296875 620.0183715820312
61.39121326352531 652.461181640625 631.9638671875
61.4245418266434 651.0222778320312 643.0514526367188
61.45787038976149 649.7581176757812 654.5514526367188
61.491198952879586 648.3277587890625 664.2674560546875
61.524527515997676 645.6210327148438 676.5956420898438
61.557856079115766 642.8053588867188 689.79345703125
61.591184642233856 638.9925537109375 704.2530517578125
69.42339697498547 150.2334442138672 382.1042175292969
69.45672553810356 154.5598602294922 376.3323974609375
69.49005410122165 159.13845825195312 371.04217529296875
69.52338266433974 162.24598693847656 367.6246643066406
69.59003979057591 168.03573608398438 365.39825439453125
69.623368353694 170.85269165039062 365.8644104003906
69.65669691681211 172.5980224609375 367.65850830078125
69.6900254799302 173.68580627441406 371.9363098144531
69.72335404304829 173.95834350585938 378.417724609375
69.75668260616638 174.1872100830078 386.5884094238281
69.79001116928447 174.5679473876953 397.3533630371094
69.82333973240256 171.84356689453125 409.84625244140625
69.85666829552065 168.76040649414062 420.9952392578125
69.88999685863874 168.40650939941406 432.62139892578125
69.92332542175684 167.77069091796875 444.9572448730469
69.95665398487493 167.5279541015625 457.9907531738281
69.98998254799302 164.21694946289062 472.92864990234375
70.02331111111111 165.5596160888672 485.430908203125
70.25661105293776 163.310791015625 601.5953369140625
70.32326817917394 172.39625549316406 600.2692260742188
70.35659674229203 176.7644805908203 600.341796875
70.38992530541013 177.85079956054688 601.8378295898438
70.42325386852822 181.15109252929688 605.7206420898438
70.45658243164631 182.92259216308594 610.6360473632812
70.4899109947644 185.72659301757812 617.7567749023438
70.52323955788249 188.8108367919922 626.9508056640625
70.55656812100058 191.26931762695312 638.0001831054688
70.58989668411867 192.75936889648438 651.2618408203125
70.62322524723677 194.49803161621094 665.9048461914062
70.82319662594531 187.67095947265625 764.7386474609375
70.9231823152996 173.45654296875 805.2269897460938
71.02316800465387 159.60166931152344 832.6854248046875
71.08982513089005 151.9423370361328 847.6560668945312
71.12315369400815 147.7686767578125 856.5900268554688
71.18981082024433 139.86184692382812 874.2130126953125
71.22313938336242 135.9367218017578 885.2421875
71.38978219895289 108.33386993408203 958.6806030273438
71.55642501454334 99.22517395019531 1035.73779296875
79.62193728912159 484.67144775390625 762.9125366210938
79.65526585223968 490.0635986328125 752.6043090820312
79.68859441535777 495.6971435546875 744.4365234375
79.72192297847586 502.1285095214844 738.3517456054688
79.75525154159395 508.72198486328125 734.9617919921875
79.82190866783013 517.7789306640625 730.6046142578125
79.85523723094823 522.3132934570312 728.1310424804688
79.9552229203025 524.1934814453125 725.4815673828125
79.9885514834206 521.9683837890625 726.4198608398438
80.02188004653868 518.3865356445312 729.5548706054688
80.28850855148342 462.25048828125 811.8504028320312
86.08767853403141 469.8577575683594 610.011962890625
86.1210070971495 468.9180908203125 596.9494018554688
86.1543356602676 467.53875732421875 587.9259033203125
86.1876642233857 466.9461669921875 579.4674682617188
86.22099278650379 466.6058349609375 573.2437744140625
86.25432134962188 465.48004150390625 568.8272705078125
86.28764991273997 465.26910400390625 565.0590209960938
86.32097847585806 464.0677795410156 562.8914184570312
86.35430703897615 462.2507629394531 561.5633544921875
86.38763560209425 459.3952331542969 560.0360107421875
86.42096416521234 458.8215026855469 559.0667724609375
86.45429272833043 458.7370300292969 558.0505981445312
86.48762129144852 458.8529052734375 558.1246337890625
86.52094985456661 459.1335144042969 558.8666381835938
86.5542784176847 460.5504150390625 558.3161010742188
86.58760698080279 462.0372314453125 559.71240234375
86.6209355439209 463.62542724609375 560.6376342773438
86.65426410703898 465.1833190917969 560.7235717773438
86.68759267015707 466.9217529296875 561.3798828125
86.72092123327516 467.9153137207031 562.0200805664062
86.75424979639325 467.7817077636719 561.9710083007812
86.78757835951134 468.89801025390625 562.28564453125
86.82090692262943 471.6197814941406 562.3867797851562
86.85423548574754 474.4429016113281 562.2129516601562
86.88756404886563 476.22259521484375 562.6553955078125
86.92089261198372 478.5322265625 563.65478515625
86.95422117510181 481.3175048828125 564.8533325195312
86.9875497382199 484.1817626953125 568.2972412109375
87.02087830133799 487.8033752441406 573.6915283203125
87.05420686445608 491.89862060546875 580.5201416015625
87.08753542757417 496.70587158203125 590.4295654296875
87.15419255381036 506.3889465332031 615.0755615234375
87.22084968004654 510.8792724609375 639.2885131835938
87.25417824316463 511.4131774902344 650.8786010742188
87.32083536940081 507.1199645996094 671.9061279296875
87.35416393251892 504.5364685058594 681.2335815429688
87.387492495637 501.47271728515625 689.9627075195312
87.4208210587551 497.26995849609375 699.178466796875
87.45414962187319 491.80133056640625 709.6832275390625
87.52080674810937 483.16253662109375 729.7689208984375
87.55413531122745 480.1817626953125 740.861328125
87.58746387434556 477.7367858886719 753.4022216796875
87.62079243746365 473.9657287597656 767.12158203125
96.0195903432228 626.3653564453125 433.89239501953125
96.05291890634089 623.0408935546875 420.8389587402344
96.086247469459 619.2509765625 410.2671813964844
96.11957603257709 613.9837646484375 403.51531982421875
96.15290459569518 607.7124633789062 398.2608947753906
96.18623315881327 602.1056518554688 393.33953857421875
96.25289028504945 595.324951171875 387.6318359375
96.28621884816754 593.5984497070312 385.55023193359375
96.31954741128564 591.9096069335938 384.1180725097656
96.35287597440373 591.2985229492188 383.3650817871094
96.38620453752182 590.1627197265625 382.2884826660156
96.41953310063991 588.8282470703125 381.9049987792969
96.452861663758 587.9404907226562 380.8941650390625
96.48619022687609 587.6306762695312 379.9978332519531
96.51951878999418 585.1802368164062 380.352783203125
96.55284735311228 585.2097778320312 380.65509033203125
96.58617591623037 585.0947265625 379.98504638671875
96.61950447934846 587.22900390625 379.91943359375
96.65283304246655 589.0596923828125 379.8064880371094
96.68616160558464 591.5591430664062 380.317138671875
96.71949016870273 594.3916625976562 380.3831787109375
96.75281873182082 597.7367553710938 382.0506591796875
96.78614729493893 600.8211059570312 382.0090637207031
96.81947585805702 604.2919921875 384.9661865234375
96.85280442117511 608.0541381835938 392.42010498046875
96.91946154741129 615.0723266601562 413.7558288574219
96.95279011052938 620.9098510742188 422.7377624511719
97.01944723676556 630.6033325195312 441.7650146484375
97.05277579988366 635.9969482421875 449.119873046875
97.08610436300175 642.1378173828125 455.05377197265625
97.15276148923793 654.6974487304688 466.30657958984375
97.18609005235602 660.8306274414062 471.0569763183594
97.2527471785922 674.97119140625 478.9478759765625
97.2860757417103 682.6536865234375 483.08514404296875
97.3194043048284 689.2106323242188 489.2230224609375
97.35273286794649 696.8357543945312 497.0885314941406
97.38606143106458 702.8546752929688 506.30950927734375
97.41938999418267 706.9570922851562 516.960693359375
97.45271855730076 711.0986328125 529.9500732421875
97.48604712041885 714.8012084960938 543.7597045898438
97.51937568353695 717.7944946289062 559.1071166992188
97.55270424665504 718.9990844726562 575.7303466796875
97.58603280977313 719.9609375 595.3558349609375
97.61936137289122 719.4193725585938 615.22265625
97.78600418848168 709.1307983398438 712.7258911132812
97.81933275159977 707.05419921875 728.3029174804688
97.85266131471786 703.1002197265625 741.6170654296875
97.88598987783595 698.539306640625 753.4510498046875
97.95264700407213 688.4988403320312 776.4083862304688
97.98597556719022 681.3793334960938 786.6180419921875
98.18594694589878 630.3111572265625 849.0006713867188
98.28593263525306 618.3089599609375 888.2503051757812
98.48590401396162 601.987060546875 1000.4537963867188
98.5525611401978 599.4017944335938 1030.517333984375
98.58588970331589 598.48974609375 1042.294921875
98.61921826643398 598.0811157226562 1053.9271240234375
98.68587539267016 594.817626953125 1071.905517578125
98.71920395578825 595.1639404296875 1077.9149169921875
98.75253251890635 595.611328125 1086.458251953125
98.81918964514253 600.986572265625 1104.7664794921875
104.75167388016288 549.8649291992188 1572.4820556640625
105.1182880744619 537.4088745117188 1417.275634765625
105.78485933682374 524.5455322265625 1053.2047119140625
106.58474485165794 508.1579284667969 509.1582946777344
106.61807341477603 506.72540283203125 496.81817626953125
106.68473054101221 500.6359558105469 477.5921325683594
106.71805910413032 495.6884460449219 472.8348083496094
106.75138766724841 489.4793701171875 470.1224670410156
106.7847162303665 483.65325927734375 466.7157287597656
106.81804479348459 479.7232360839844 465.05975341796875
106.85137335660268 476.36077880859375 463.5755310058594
106.88470191972077 474.3739013671875 462.3414001464844
106.91803048283886 473.03155517578125 461.6145324707031
106.98468760907505 470.6665344238281 462.1503601074219
107.01801617219314 469.26422119140625 464.0518798828125
107.05134473531123 469.69683837890625 466.2546691894531
107.08467329842932 469.6653747558594 468.6065979003906
107.11800186154741 469.7700500488281 472.122802734375
107.1513304246655 469.1826477050781 474.6026306152344
107.18465898778359 469.0509948730469 476.4984436035156
107.2179875509017 470.5438232421875 479.8041687011719
107.25131611401979 472.4212341308594 482.48577880859375
107.28464467713788 474.8291931152344 486.0007019042969
107.31797324025597 477.2427673339844 489.86181640625
107.35130180337406 480.12615966796875 493.7044982910156
107.38463036649215 482.33251953125 498.38531494140625
107.45128749272834 491.01025390625 509.815185546875
107.48461605584643 495.7833251953125 515.6981811523438
107.51794461896452 500.3814697265625 523.719482421875
107.55127318208261 503.7252502441406 532.01416015625
107.5846017452007 507.54339599609375 542.4166870117188
107.61793030831879 511.06854248046875 551.0642700195312
107.65125887143688 514.4661254882812 559.944091796875
107.71791599767307 524.5833129882812 577.983642578125
107.75124456079116 531.0469970703125 587.490966796875
107.78457312390925 537.9301147460938 597.3668823242188
107.88455881326352 562.446533203125 635.5253295898438
116.21669959278651 434.3963928222656 543.873779296875
116.38334240837696 406.2529602050781 506.9476318359375
116.44999953461316 400.78485107421875 501.9286804199219
116.48332809773125 399.4518737792969 500.99627685546875
116.51665666084934 398.2087097167969 500.12066650390625
116.54998522396743 398.57470703125 500.80426025390625
116.58331378708552 398.5235595703125 503.1251220703125
116.6166423502036 399.59033203125 507.1801452636719
116.6499709133217 401.42138671875 513.5999755859375
116.6832994764398 402.2814636230469 519.228271484375
116.71662803955789 404.89019775390625 525.530517578125
116.74995660267598 406.88323974609375 532.053466796875
116.78328516579407 410.0892333984375 539.376708984375
116.81661372891216 412.153564453125 547.0740356445312
116.84994229203025 415.5252380371094 556.3290405273438
116.88327085514834 419.3446044921875 565.906494140625
116.91659941826644 421.4546203613281 577.1002197265625
116.94992798138453 424.97613525390625 590.435302734375
117.51651355439209 545.6605834960938 821.4449462890625
117.61649924374636 567.1190795898438 853.366455078125
117.64982780686447 571.2313842773438 865.8541259765625
117.71648493310065 574.5015258789062 896.3033447265625
117.78314205933683 570.6007690429688 930.8290405273438
117.9164563118092 547.2791748046875 998.05419921875
125.78199720767888 342.45843505859375 602.9694213867188
125.84865433391506 349.9410095214844 581.64990234375
125.88198289703317 352.42889404296875 574.206298828125
125.91531146015126 354.4253234863281 568.1668090820312
125.94864002326935 356.1540832519531 564.7366333007812
125.98196858638744 356.7561340332031 561.6585693359375
126.01529714950553 358.42877197265625 558.3662109375
126.04862571262362 358.7619323730469 556.6488647460938
126.08195427574171 359.0611572265625 556.1132202148438
126.11528283885981 359.42230224609375 555.155029296875
126.1486114019779 359.91497802734375 553.98583984375
126.18193996509599 359.8728332519531 553.998291015625
126.21526852821408 356.7038269042969 554.4795532226562
126.24859709133217 356.70550537109375 554.591552734375
126.28192565445026 356.6610107421875 554.8960571289062
126.31525421756835 356.7674560546875 555.1146850585938
126.34858278068646 357.6497802734375 556.2423706054688
126.38191134380455 358.169189453125 558.7874755859375
126.41523990692264 359.4646911621094 562.8989868164062
126.44856847004073 360.8132629394531 570.0206909179688
126.48189703315882 362.8173828125 582.017822265625
133.68086666666667 655.2330322265625 518.8180541992188
133.71419522978476 660.3936157226562 510.0316467285156
133.78085235602094 666.3988037109375 499.88372802734375
133.84750948225712 672.5057983398438 493.76348876953125
133.8808380453752 673.9297485351562 493.6196594238281
133.9141666084933 676.4298095703125 494.0057067871094
133.9474951716114 677.7798461914062 494.5255126953125
133.9808237347295 676.7166137695312 495.7435302734375
134.0141522978476 676.8033447265625 497.4065856933594
134.0474808609657 676.87451171875 500.1652526855469
134.08080942408378 676.902587890625 502.0764465332031
134.11413798720187 677.7477416992188 504.4876403808594
134.14746655031996 677.8880615234375 506.7084655761719
134.18079511343805 677.4105224609375 510.53558349609375
134.21412367655614 675.5253295898438 513.601318359375
134.24745223967423 673.014404296875 517.83349609375
134.28078080279232 669.9547729492188 524.8082885742188
134.3141093659104 668.9579467773438 534.1819458007812
134.3474379290285 665.8299560546875 546.7491455078125
134.3807664921466 663.58935546875 559.102294921875
134.41409505526468 662.8881225585938 569.4808959960938
134.44742361838277 663.4328002929688 578.9202270507812
134.4807521815009 666.056884765625 586.674072265625
134.51408074461898 669.7633056640625 592.9335327148438
134.54740930773707 675.2429809570312 597.9874267578125
134.58073787085516 681.5713500976562 602.0780029296875
134.61406643397325 688.7759399414062 604.6893310546875
135.01400919139036 788.6177368164062 681.8681030273438
142.81289296102386 503.2489929199219 576.2770385742188
142.84622152414195 501.71026611328125 561.9259643554688
142.87955008726004 501.4443054199219 549.9879150390625
142.91287865037813 502.34405517578125 538.1012573242188
142.94620721349622 504.2875061035156 528.4276123046875
142.9795357766143 507.1954040527344 520.0592041015625
143.0128643397324 509.9436950683594 513.2157592773438
143.0461929028505 513.1710205078125 508.11993408203125
143.07952146596858 518.3508911132812 505.023193359375
143.11285002908667 521.98486328125 501.8394775390625
143.14617859220476 528.0521240234375 500.8818359375
143.17950715532288 530.1638793945312 499.4506530761719
143.21283571844097 533.07275390625 498.24737548828125
143.24616428155906 537.2671508789062 496.3744201660156
143.34614997091333 549.6182250976562 495.734375
143.4128070971495 556.9766235351562 498.2109375
143.4461356602676 559.5201416015625 500.2162780761719
143.4794642233857 561.4063110351562 504.5964050292969
143.51279278650378 563.3175659179688 512.1602172851562
143.54612134962187 563.0577392578125 520.072021484375
143.57944991273996 561.9315795898438 526.5842895507812
143.61277847585805 562.5360107421875 533.8643188476562
143.64610703897614 561.3948974609375 540.965576171875
143.67943560209426 560.82080078125 548.0007934570312
143.71276416521235 559.0072631835938 555.4005126953125
143.74609272833044 556.46435546875 561.7680053710938
143.77942129144853 552.6102294921875 569.53271484375
143.81274985456662 548.777587890625 578.4530639648438
143.8460784176847 544.1878051757812 588.2199096679688
143.97939267015707 540.2733764648438 638.8764038085938
144.01272123327516 539.021728515625 652.6049194335938
144.04604979639325 536.7365112304688 666.9609985351562
144.07937835951134 534.2701416015625 681.200927734375
144.11270692262943 530.0205688476562 696.240966796875
144.14603548574752 526.2935180664062 709.2413940429688
144.37933542757418 473.3350830078125 808.2383422851562
144.41266399069227 469.35003662109375 824.876220703125
144.47932111692845 468.251220703125 854.5559692382812
144.7459496218732 463.48883056640625 1004.6054077148438
144.84593531122746 459.96142578125 1046.2083740234375
144.91259243746364 458.7095031738281 1070.58642578125
144.94592100058173 459.2353820800781 1079.3289794921875
144.97924956369982 458.3987731933594 1091.5098876953125
145.045906689936 461.5275573730469 1115.698486328125
152.34486201279813 310.935791015625 474.19873046875
152.37819057591622 308.7464599609375 462.3535461425781
152.41151913903434 306.39666748046875 452.8283386230469
152.44484770215243 302.68438720703125 446.8540954589844
152.47817626527052 299.5880126953125 442.0494689941406
152.5115048283886 294.7099304199219 440.2804260253906
152.5448333915067 289.5813293457031 439.18072509765625
152.5781619546248 284.0307312011719 438.5667724609375
152.61149051774288 280.1450500488281 438.0814208984375
152.64481908086097 276.9212341308594 438.91021728515625
152.67814764397906 275.0780334472656 439.1659851074219
152.71147620709715 273.6062927246094 440.224853515625
152.74480477021524 272.9491271972656 440.79290771484375
152.77813333333333 271.0308532714844 441.70794677734375
152.81146189645142 269.2188720703125 442.5615539550781
152.8447904595695 267.3936462402344 442.82568359375
152.87811902268763 264.685546875 442.6630554199219
152.91144758580572 262.1543273925781 442.2271423339844
152.9447761489238 259.34368896484375 441.2840576171875
152.9781047120419 257.2292785644531 441.7419738769531
153.01143327516 257.1894836425781 441.899658203125
153.04476183827808 257.0526123046875 442.12646484375
153.07809040139617 256.918701171875 443.8132019042969
153.11141896451426 257.1807556152344 445.0177001953125
153.14474752763235 256.8275451660156 446.8291931152344
153.17807609075044 256.93389892578125 448.67388916015625
153.21140465386853 258.0329284667969 451.1331787109375
153.24473321698662 258.071533203125 453.9591064453125
153.3447189063409 248.10739135742188 492.4449768066406
153.378047469459 247.9447479248047 503.6741027832031
153.4113760325771 249.36279296875 514.3494262695312
153.44470459569519 251.0511474609375 525.1395874023438
153.47803315881328 254.76002502441406 533.9458618164062
153.51136172193137 256.5104064941406 541.9583740234375
153.54469028504946 258.20501708984375 550.969970703125
153.57801884816755 259.3621520996094 560.0584716796875
153.61134741128564 261.6385192871094 570.6094360351562
153.64467597440373 263.0296936035156 581.8196411132812
153.67800453752182 263.6705322265625 595.1406860351562
162.0101453170448 536.6018676757812 434.3789367675781
162.04347388016288 537.6246337890625 422.5104064941406
162.076802443281 536.39208984375 412.2850646972656
162.1101310063991 533.7721557617188 405.5005798339844
162.14345956951718 530.8433837890625 401.7830810546875
162.17678813263527 526.173583984375 399.0878601074219
162.21011669575336 522.1570434570312 396.3799133300781
162.24344525887145 519.2756958007812 395.9626770019531
162.27677382198954 519.0234985351562 395.913330078125
162.31010238510763 518.0967407226562 395.47296142578125
162.34343094822572 517.2462158203125 395.63275146484375
162.3767595113438 516.5678100585938 396.7962341308594
162.4100880744619 517.70458984375 399.37908935546875
162.44341663758 518.7237548828125 404.3485412597656
162.47674520069808 520.5521240234375 411.3659362792969
162.51007376381617 523.3526000976562 420.731201171875
162.54340232693426 525.0755615234375 433.32647705078125
162.61005945317046 529.6914672851562 458.9267272949219
162.64338801628855 530.2116088867188 471.1083984375
162.67671657940664 531.5135498046875 482.5351257324219
162.71004514252473 531.83544921875 493.20770263671875
162.74337370564282 531.8960571289062 503.6119384765625
162.7767022687609 532.5367431640625 513.0550537109375
162.810030831879 532.8922729492188 523.37158203125
162.8433593949971 533.1100463867188 533.8355102539062
162.87668795811518 533.3910522460938 544.4861450195312
162.91001652123327 533.3628540039062 556.597900390625
162.94334508435136 532.0702514648438 570.5760498046875
162.97667364746945 530.2560424804688 586.2322998046875
170.37561465968588 443.0001220703125 448.29168701171875
170.40894322280397 446.9519958496094 434.05853271484375
170.44227178592206 449.4094543457031 422.1867980957031
170.47560034904015 450.93218994140625 414.8952331542969
170.54225747527633 453.01507568359375 403.8262939453125
170.57558603839442 452.9794006347656 402.03729248046875
170.6089146015125 452.6020812988281 401.6361389160156
170.6422431646306 452.0364074707031 402.42529296875
170.6755717277487 451.99261474609375 404.0079345703125
170.70890029086678 448.9913024902344 406.857177734375
170.74222885398487 446.93438720703125 410.3046569824219
170.77555741710296 446.0341796875 414.274169921875
170.80888598022108 445.7411804199219 417.2778625488281
170.87554310645726 443.4182434082031 422.85125732421875
170.90887166957535 441.96484375 427.1681213378906
170.97552879581153 436.36907958984375 433.4140319824219
171.00885735892962 432.21685791015625 436.1123046875
171.0421859220477 428.15338134765625 439.18853759765625
171.0755144851658 422.2556457519531 441.8128662109375
171.1088430482839 415.66168212890625 443.79827880859375
171.14217161140198 410.0990905761719 447.36126708984375
171.17550017452007 406.7080383300781 449.65655517578125
171.20882873763816 402.9355773925781 452.055419921875
171.24215730075625 400.2579650878906 454.78509521484375
171.27548586387434 397.5592346191406 456.3819580078125
171.34214299011055 393.4028625488281 460.8636169433594
171.37547155322864 390.7930603027344 462.8404235839844
171.40880011634673 388.2183837890625 465.9008483886719
171.54211436881909 364.1957092285156 506.8442687988281
171.60877149505527 362.34857177734375 525.0470581054688
171.64210005817336 364.1492614746094 531.978759765625
171.67542862129145 367.2725830078125 537.2314453125
171.70875718440954 371.23004150390625 541.8765869140625
171.74208574752763 375.0741882324219 546.5320434570312
171.77541431064574 379.8486022949219 550.290771484375
171.80874287376383 386.3386535644531 554.5291748046875
171.97538568935428 417.4312438964844 587.2730102539062
172.00871425247237 422.6904296875 598.0633544921875
172.07537137870855 429.9129943847656 623.7698364257812
179.7409408958697 347.6333312988281 515.7203369140625
179.84092658522397 344.3486022949219 479.9468994140625
179.87425514834206 342.9700622558594 471.3273620605469
179.90758371146015 341.2774963378906 465.9554138183594
179.94091227457824 339.08648681640625 461.45391845703125
179.97424083769633 336.7657775878906 460.5496520996094
180.00756940081445 333.1207275390625 460.72698974609375
180.04089796393254 328.43511962890625 462.6025085449219
180.07422652705063 326.2864990234375 464.2724609375
180.10755509016872 324.7071838378906 466.6307067871094
180.1408836532868 325.0729064941406 468.9931945800781
180.1742122164049 323.7593078613281 472.0145568847656
180.207540779523 323.4660339355469 476.2962646484375
180.24086934264108 323.163330078125 481.3269958496094
180.27419790575917 322.92156982421875 487.86920166015625
180.30752646887726 323.7495422363281 496.580322265625
180.34085503199535 323.4336853027344 505.9962158203125
180.37418359511344 324.909423828125 517.0568237304688
180.40751215823153 325.1154479980469 528.3514404296875
180.44084072134962 325.0075988769531 540.0934448242188
180.4741692844677 326.0061950683594 550.2899169921875
180.50749784758582 326.410400390625 561.2833251953125
180.54082641070391 326.69915771484375 573.1672973632812
180.574154973822 327.0186462402344 585.4654541015625
180.6074835369401 327.3310852050781 598.987548828125
180.64081210005818 325.8599853515625 614.17724609375
180.84078347876672 313.541259765625 728.3439331054688
180.8741120418848 316.173828125 742.8815307617188
180.9074406050029 319.9014587402344 755.0498046875
180.940769168121 324.7746887207031 765.9364624023438
180.9740977312391 330.1902160644531 775.951904296875
181.0074262943572 336.0946044921875 785.13330078125
181.0407548574753 342.3685302734375 791.9241333007812
181.07408342059338 348.8504638671875 799.1220092773438
181.10741198371147 355.3824157714844 804.8712768554688
181.14074054682956 362.50048828125 810.3216552734375
181.17406910994765 369.1640319824219 814.7394409179688
181.20739767306574 376.0252990722656 820.4151611328125
181.30738336242 390.19342041015625 843.953857421875
181.3407119255381 392.8246154785156 854.3917236328125
181.3740404886562 393.9997863769531 866.3361206054688
181.40736905177428 394.6408386230469 878.4129638671875
181.44069761489237 392.89898681640625 891.5252685546875
181.50735474112858 387.244140625 920.335205078125
181.57401186736476 374.33978271484375 949.5917358398438
188.23972449098312 499.2937927246094 1316.8184814453125
188.27305305410124 500.3728332519531 1307.6856689453125
188.33971018033742 506.9546203613281 1293.59228515625
188.60633868528214 536.4061889648438 1273.722900390625
188.77298150087262 550.4111328125 1271.5662841796875
188.90629575334498 555.5388793945312 1271.1573486328125
188.93962431646307 557.66455078125 1270.0511474609375
189.00628144269925 563.0111083984375 1268.820068359375
189.1395956951716 569.2405395507812 1270.2269287109375
189.1729242582897 569.682373046875 1270.9407958984375
189.2062528214078 569.5857543945312 1272.3916015625
189.40622420011636 568.926513671875 1272.8594970703125
189.43955276323445 569.0875244140625 1272.19140625
189.50620988947063 569.1454467773438 1270.4722900390625
189.53953845258872 569.3992309570312 1269.26708984375
189.5728670157068 569.5320434570312 1268.4052734375
189.6061955788249 569.7977905273438 1267.55615234375
189.63952414194299 569.8007202148438 1266.498046875
189.67285270506108 570.1845092773438 1265.906005859375
189.7061812681792 570.5970458984375 1264.86865234375
189.73950983129728 570.6631469726562 1264.155517578125
189.80616695753346 571.2808227539062 1263.8011474609375
189.83949552065155 571.6229248046875 1263.0440673828125
189.87282408376964 571.9044189453125 1262.775634765625
