0.1 780.3651123046875 1720.6844482421875
1.6666666666666667 768.9606323242188 1746.9105224609375
1.7333333333333334 769.7501831054688 1749.8148193359375
2.6 782.9778442382812 1764.439453125
2.6333333333333333 782.9578247070312 1764.329345703125
2.6666666666666665 783.3853759765625 1762.2852783203125
3.3666666666666667 768.77197265625 1744.5755615234375
3.9 761.871826171875 1731.256103515625
3.933333333333333 761.302978515625 1731.258056640625
4.6 769.22216796875 1737.11376953125
8.166666666666666 531.0282592773438 335.5550231933594
8.2 522.3741455078125 321.2231140136719
8.233333333333333 514.1635131835938 311.04693603515625
8.266666666666667 506.452880859375 302.5142822265625
8.3 496.8612976074219 298.5865783691406
8.533333333333333 442.7787780761719 331.9458312988281
8.566666666666666 440.3485107421875 343.04754638671875
8.6 438.570068359375 357.4764404296875
10.4 829.2666625976562 1440.8211669921875
17.5 542.3556518554688 359.7666015625
17.533333333333335 534.2353515625 359.9930725097656
17.6 522.9741821289062 368.92156982421875
17.666666666666668 511.10382080078125 387.505126953125
17.7 505.1276550292969 397.60888671875
17.766666666666666 497.3401794433594 416.9717712402344
17.8 494.7568664550781 426.8330383300781
17.833333333333332 491.823974609375 437.1688232421875
17.866666666666667 487.9444580078125 448.1118469238281
17.9 484.735107421875 459.70928955078125
17.933333333333334 479.49432373046875 473.9945068359375
18.166666666666668 433.07574462890625 582.0274658203125
18.233333333333334 429.36248779296875 609.88623046875
18.266666666666666 428.0405578613281 623.403076171875
18.3 428.40985107421875 636.5435791015625
18.333333333333332 429.277587890625 649.9948120117188
18.366666666666667 430.1060485839844 663.7532958984375
18.4 430.92901611328125 677.1433715820312
18.433333333333334 430.58905029296875 690.7470703125
18.466666666666665 432.83990478515625 702.6996459960938
18.533333333333335 439.8662414550781 721.7890625
18.566666666666666 446.00823974609375 729.637939453125
18.633333333333333 460.34381103515625 742.655517578125
18.733333333333334 485.7173767089844 759.1802978515625
18.9 536.4924926757812 781.9542236328125
18.966666666666665 555.357666015625 794.6372680664062
19.066666666666666 574.6051025390625 824.9549560546875
19.1 578.1742553710938 838.3027954101562
19.133333333333333 579.3626098632812 852.9703369140625
19.166666666666668 580.3005981445312 869.1956176757812
19.2 581.1661376953125 886.4390869140625
19.233333333333334 580.8577270507812 905.3146362304688
19.366666666666667 564.9601440429688 972.7696533203125
27.3 664.3953857421875 408.47076416015625
27.333333333333332 660.102294921875 390.8135681152344
27.366666666666667 656.4579467773438 377.90045166015625
27.4 651.2623901367188 368.0997314453125
27.433333333333334 646.08203125 362.6103210449219
27.5 632.64013671875 363.29345703125
27.566666666666666 617.8908081054688 375.08245849609375
27.6 612.1932983398438 383.8771057128906
27.633333333333333 608.7523803710938 394.9389343261719
27.666666666666668 607.493408203125 410.4706726074219
27.7 606.7366943359375 429.0943298339844
43.9 938.1588134765625 1070.951171875
43.93333333333333 935.636962890625 1055.7730712890625
44.166666666666664 926.189208984375 971.6322021484375
44.2 923.8604125976562 961.0283813476562
44.3 914.4813232421875 930.9929809570312
44.333333333333336 912.5335083007812 923.3013916015625
44.36666666666667 910.6785278320312 915.7315063476562
44.43333333333333 908.447265625 904.0205078125
44.46666666666667 908.1821899414062 897.5853271484375
44.5 907.8971557617188 891.64208984375
44.53333333333333 908.345947265625 883.1183471679688
44.56666666666667 909.0270385742188 875.7562866210938
44.6 907.2518310546875 869.7477416992188
44.63333333333333 903.7376098632812 865.4359741210938
44.666666666666664 899.2101440429688 862.4630737304688
44.7 892.1546020507812 860.1616821289062
45.3 938.9409790039062 793.8663330078125
45.333333333333336 938.0841674804688 784.8787231445312
45.4 942.875244140625 774.9872436523438
45.733333333333334 1051.5860595703125 732.7589721679688
45.8 1051.14404296875 697.9119262695312
46.06666666666667 1027.363525390625 569.79736328125
46.8 1077.9075927734375 739.92431640625
48.43333333333333 928.2098999023438 302.2371520996094
48.5 932.1016845703125 301.7455749511719
48.53333333333333 934.4129028320312 303.197021484375
48.6 940.0391845703125 307.08087158203125
48.63333333333333 942.7698974609375 308.53656005859375
50.266666666666666 1182.2689208984375 1520.1837158203125
50.3 1183.9658203125 1533.0777587890625
50.333333333333336 1184.7821044921875 1544.9166259765625
50.36666666666667 1183.12158203125 1557.3843994140625
50.6 1154.1512451171875 1621.6929931640625
58.4 410.4313659667969 530.7047729492188
58.43333333333333 410.3225402832031 518.7101440429688
58.46666666666667 409.0252685546875 509.8984069824219
58.5 407.4997863769531 502.11138916015625
58.53333333333333 406.44586181640625 496.89666748046875
58.56666666666667 405.5128479003906 493.3988037109375
58.6 405.1982727050781 491.3568420410156
58.63333333333333 403.7684631347656 491.6808166503906
58.7 401.3280944824219 495.0416564941406
58.733333333333334 402.85736083984375 495.4124755859375
58.766666666666666 403.3486633300781 498.56915283203125
58.833333333333336 404.1072692871094 508.61334228515625
58.86666666666667 404.9425964355469 515.6529541015625
58.9 405.4433288574219 524.7603149414062
58.93333333333333 407.5363464355469 536.6624145507812
58.96666666666667 409.31732177734375 551.0769653320312
59.0 410.010009765625 567.2778930664062
59.03333333333333 410.7636413574219 582.221435546875
59.13333333333333 415.11761474609375 626.8471069335938
59.166666666666664 417.65582275390625 643.3536376953125
59.2 418.6038513183594 659.4265747070312
59.233333333333334 419.6277160644531 677.2181396484375
60.233333333333334 443.4944763183594 1244.5684814453125
60.3 450.77239990234375 1272.91162109375
60.4 459.6949157714844 1317.7098388671875
60.56666666666667 478.1786804199219 1397.9739990234375
66.63333333333334 799.7099609375 1485.3790283203125
66.8 781.60205078125 1424.6258544921875
67.93333333333334 443.5226745605469 512.798828125
67.96666666666667 438.384033203125 504.35107421875
68.0 432.5362548828125 499.78546142578125
68.03333333333333 426.5853271484375 498.0053405761719
68.06666666666666 420.2379455566406 500.0198974609375
68.1 412.1713562011719 503.5157775878906
68.13333333333334 405.0596008300781 508.6011657714844
68.16666666666667 398.5224914550781 514.0472412109375
68.23333333333333 389.6444091796875 527.4677734375
68.26666666666667 386.39886474609375 535.5386962890625
68.3 383.5818176269531 545.9160766601562
68.33333333333333 381.72784423828125 558.3308715820312
68.6 372.354736328125 704.2903442382812
68.66666666666667 375.3817443847656 735.70068359375
68.7 376.5881042480469 751.1224975585938
68.9 373.2669372558594 861.564697265625
68.93333333333334 373.7442321777344 879.4705200195312
68.96666666666667 374.3531494140625 895.4683227539062
69.1 380.63824462890625 955.5316162109375
69.13333333333334 380.5284423828125 972.6212158203125
69.4 387.46368408203125 1124.8568115234375
69.73333333333333 418.1995544433594 1289.8890380859375
78.6 764.511962890625 479.59625244140625
78.63333333333334 763.5051879882812 464.9601135253906
78.66666666666667 762.921142578125 454.64691162109375
78.7 762.2654418945312 447.34051513671875
78.73333333333333 760.902587890625 443.6278076171875
78.76666666666667 758.6847534179688 440.20269775390625
78.8 756.9425048828125 437.1447448730469
78.83333333333333 757.0958251953125 434.9231872558594
78.86666666666666 756.9686889648438 434.0694580078125
78.9 756.175048828125 432.1490783691406
78.93333333333334 758.4447021484375 430.8600158691406
79.0 759.830322265625 428.33587646484375
79.03333333333333 761.6232299804688 426.68646240234375
79.06666666666666 763.6362915039062 425.9815673828125
79.1 764.4633178710938 423.0721435546875
79.13333333333334 764.2493286132812 419.927734375
79.2 767.7180786132812 414.4082946777344
79.23333333333333 770.2217407226562 413.4067077636719
79.26666666666667 771.4904174804688 414.3769836425781
79.3 774.0829467773438 417.2776184082031
79.33333333333333 775.2733154296875 422.4097595214844
79.36666666666666 776.3344116210938 430.13531494140625
79.4 776.8410034179688 440.7031555175781
79.43333333333334 777.0122680664062 455.0975036621094
79.46666666666667 776.0074462890625 472.6775817871094
79.53333333333333 774.3048095703125 508.3729553222656
79.56666666666666 773.3378295898438 521.87109375
79.66666666666667 772.0769653320312 566.0831909179688
79.7 769.6212768554688 580.0376586914062
79.73333333333333 768.9739379882812 595.668701171875
79.76666666666667 768.0482177734375 610.7294311523438
79.8 766.3504028320312 628.5968017578125
79.83333333333333 763.8250732421875 646.6982421875
79.9 758.7420654296875 682.5496826171875
79.96666666666667 754.6575927734375 713.2957763671875
80.0 751.96044921875 728.3939208984375
80.03333333333333 751.149658203125 743.2237548828125
80.06666666666666 747.5459594726562 760.724853515625
85.66666666666667 321.7156677246094 1558.233642578125
85.73333333333333 313.3204345703125 1550.26416015625
85.83333333333333 308.4127197265625 1554.9351806640625
85.86666666666666 306.6578674316406 1560.2081298828125
89.96666666666667 1008.6871948242188 445.0083312988281
90.0 1006.5480346679688 443.7685546875
90.03333333333333 1004.164794921875 443.79937744140625
90.1 1000.5958251953125 443.8543395996094
90.13333333333334 1000.0451049804688 444.3889465332031
90.16666666666667 1000.0159301757812 445.2624206542969
90.2 999.0962524414062 445.7586669921875
90.3 998.6068115234375 447.38592529296875
90.33333333333333 998.8656005859375 446.875
90.36666666666666 998.7251586914062 447.5677490234375
90.53333333333333 1000.3591918945312 446.5625
90.63333333333334 1005.6627807617188 462.76153564453125
90.66666666666667 1006.9169921875 472.21099853515625
90.7 1008.0720825195312 484.7807312011719
90.73333333333333 1009.5078735351562 499.3941345214844
90.76666666666667 1011.2562255859375 517.2763061523438
90.93333333333334 1017.3761596679688 601.540283203125
90.96666666666667 1020.519775390625 616.7298583984375
91.0 1021.285888671875 631.4804077148438
91.06666666666666 1028.3065185546875 666.0918579101562
91.1 1031.487548828125 685.41015625
91.26666666666667 1050.362548828125 796.4312133789062
91.33333333333333 1058.21484375 835.1546630859375
91.36666666666666 1062.1876220703125 855.4542846679688
91.4 1066.3052978515625 875.9793701171875
91.43333333333334 1070.482177734375 898.434326171875
91.46666666666667 1074.7750244140625 920.3088989257812
91.5 1079.871826171875 942.7100219726562
91.8 1094.9310302734375 1144.2806396484375
92.1 1078.3193359375 1332.8896484375
92.36666666666666 1043.7073974609375 1501.339111328125
99.7 995.913818359375 441.6792907714844
99.8 991.1726684570312 433.38568115234375
99.83333333333333 990.4046020507812 431.9012451171875
99.86666666666666 989.4156494140625 431.473388671875
99.9 989.2501220703125 431.3811340332031
100.03333333333333 990.857666015625 438.44085693359375
100.43333333333334 974.404296875 573.055419921875
101.73333333333333 1023.301025390625 1194.892333984375
102.0 985.1679077148438 1327.46484375
109.8 773.7789916992188 367.7237243652344
109.86666666666666 766.8543090820312 349.4704895019531
110.0 746.2220458984375 335.3868103027344
110.03333333333333 743.667724609375 334.44488525390625
110.06666666666666 741.5409545898438 334.7153015136719
110.1 740.3562622070312 336.8496398925781
110.13333333333334 740.6755981445312 341.16912841796875
110.16666666666667 741.382080078125 347.5467834472656
110.2 742.819580078125 354.3611145019531
110.23333333333333 744.5194091796875 363.3602600097656
110.43333333333334 747.0765991210938 426.54217529296875
110.5 742.2870483398438 443.29925537109375
110.56666666666666 735.8011474609375 459.7874755859375
110.6 732.7452392578125 466.7101135253906
110.73333333333333 710.3855590820312 506.4114074707031
118.83333333333333 995.0931396484375 440.4689025878906
118.86666666666666 991.8435668945312 447.7868957519531
119.16666666666667 922.0332641601562 587.043212890625
126.23333333333333 954.6751708984375 629.0994262695312
126.4 936.5116577148438 556.0376586914062
126.43333333333334 931.4093017578125 547.0411987304688
126.46666666666667 924.698974609375 540.263916015625
126.5 918.97265625 534.6587524414062
126.53333333333333 913.4552001953125 530.3382568359375
126.6 906.4038696289062 526.18310546875
126.63333333333334 902.9525756835938 526.8280029296875
126.66666666666667 900.8919677734375 527.1752319335938
126.76666666666667 896.75390625 542.9645385742188
126.8 895.44970703125 553.2817993164062
126.9 894.31787109375 578.5258178710938
126.93333333333334 895.0899047851562 578.8898315429688
126.96666666666667 895.7651977539062 578.1940307617188
127.03333333333333 894.2059326171875 578.9277954101562
127.06666666666666 892.5970458984375 581.006103515625
127.1 890.3991088867188 584.9137573242188
127.13333333333334 888.4005737304688 588.5193481445312
127.2 878.2598876953125 609.76513671875
127.23333333333333 874.3710327148438 626.9349365234375
127.3 869.0980834960938 658.5996704101562
127.36666666666666 866.8760375976562 689.5097045898438
127.4 866.7172241210938 703.4984130859375
127.5 865.2493286132812 754.590576171875
127.76666666666667 849.4937133789062 965.0608520507812
135.2 728.8809204101562 355.8735656738281
135.23333333333332 724.234130859375 343.5913391113281
135.26666666666668 719.914794921875 334.5808410644531
135.3 715.589111328125 329.7765197753906
135.36666666666667 704.9573974609375 329.8858642578125
135.4 698.77783203125 336.6017761230469
135.46666666666667 686.33935546875 351.1414489746094
135.5 682.71923828125 359.5715026855469
135.53333333333333 678.8893432617188 366.5382080078125
135.56666666666666 676.6151733398438 375.5677185058594
135.6 675.6986694335938 387.556396484375
135.63333333333333 673.9884033203125 398.1817626953125
135.66666666666666 675.122314453125 412.35748291015625
135.7 675.7219848632812 429.58056640625
135.73333333333332 677.2973022460938 449.4947204589844
142.73333333333332 856.6987915039062 336.7206115722656
142.76666666666668 855.7622680664062 315.1437683105469
142.83333333333334 851.473876953125 274.0896301269531
142.86666666666667 851.7484741210938 259.2561950683594
142.9 850.6983032226562 248.19212341308594
142.93333333333334 849.5966186523438 240.92364501953125
142.96666666666667 848.4094848632812 235.0102996826172
143.0 846.7047119140625 231.00839233398438
143.03333333333333 844.9364013671875 230.1160125732422
143.13333333333333 835.9913330078125 238.1343536376953
143.16666666666666 831.6654663085938 247.17355346679688
143.2 825.2703247070312 259.98199462890625
143.4 787.1047973632812 369.2983093261719
143.43333333333334 785.5552368164062 391.78662109375
148.33333333333334 837.8667602539062 1249.54150390625
148.63333333333333 853.8568115234375 1046.574951171875
149.23333333333332 821.6005859375 633.6190185546875
149.3 818.3410034179688 593.6516723632812
149.4 809.2247314453125 539.7757568359375
149.46666666666667 803.7612915039062 504.7494201660156
149.5 802.6136474609375 490.77099609375
149.53333333333333 801.1822509765625 482.4603271484375
149.56666666666666 799.1787109375 474.8568420410156
149.6 797.3933715820312 469.2128601074219
149.66666666666666 794.9408569335938 462.0399169921875
149.7 794.4544677734375 460.8186950683594
149.73333333333332 792.9280395507812 461.1953430175781
149.76666666666668 791.6867065429688 462.819091796875
149.8 790.4022216796875 467.5520935058594
149.83333333333334 787.7324829101562 474.99725341796875
149.86666666666667 783.38671875 485.8046569824219
149.9 779.8402709960938 502.1161804199219
149.93333333333334 774.1163330078125 520.8344116210938
149.96666666666667 769.1593627929688 539.2660522460938
150.0 765.7578735351562 555.4893188476562
150.06666666666666 761.4857177734375 589.5199584960938
167.53333333333333 435.94915771484375 269.0877990722656
167.6 426.09674072265625 258.5846252441406
167.8 399.2343444824219 269.6636657714844
167.93333333333334 398.1652526855469 298.1509704589844
167.96666666666667 400.3117980957031 311.9387512207031
173.8 1073.457763671875 1313.8651123046875
182.0 1090.94677734375 1799.5609130859375
182.13333333333333 1088.3597412109375 1764.8074951171875
182.2 1086.148681640625 1751.4208984375
182.63333333333333 1002.3907470703125 1635.540771484375
182.66666666666666 995.2477416992188 1621.85400390625
182.9 973.67626953125 1567.9405517578125
182.96666666666667 973.3617553710938 1548.576171875
183.43333333333334 1006.724365234375 1351.5633544921875
183.46666666666667 1008.4268188476562 1334.5555419921875
183.53333333333333 1008.7218017578125 1304.885009765625
183.56666666666666 1008.5990600585938 1290.477294921875
183.6 1009.0966796875 1276.2978515625
183.73333333333332 1005.6246337890625 1216.5494384765625
183.8 1002.900146484375 1181.7476806640625
183.83333333333334 999.8707885742188 1164.58740234375
183.86666666666667 997.770751953125 1149.6204833984375
183.9 993.1257934570312 1136.38232421875
184.0 979.7330932617188 1092.31396484375
184.03333333333333 975.2059326171875 1075.78955078125
184.1 964.0670776367188 1034.33984375
185.1 981.8794555664062 415.8816833496094
187.66666666666666 1252.1771240234375 1506.4908447265625
