0.03332969696969697 878.8865356445312 1516.7685546875
0.06665939393939393 878.9417114257812 1516.699462890625
0.0999890909090909 879.8807373046875 1515.4215087890625
0.13331878787878787 881.7950439453125 1513.385986328125
0.16664848484848485 883.8452758789062 1510.961181640625
0.1999781818181818 886.2830200195312 1508.0364990234375
0.2333078787878788 892.5264282226562 1504.0894775390625
0.26663757575757574 892.3580322265625 1502.4410400390625
0.3332969696969697 899.0436401367188 1495.0352783203125
0.36662666666666666 902.6571044921875 1491.5484619140625
0.4332860606060606 909.064208984375 1484.96337890625
0.4999454545454545 914.83056640625 1478.7218017578125
0.5999345454545454 921.284423828125 1472.4410400390625
0.6332642424242424 922.7899780273438 1471.4132080078125
0.9332315151515151 924.6724243164062 1468.865234375
0.966561212121212 924.7222900390625 1468.7113037109375
0.999890909090909 924.8182983398438 1468.447021484375
1.033220606060606 924.882568359375 1468.505859375
1.066550303030303 924.758544921875 1468.5064697265625
1.09988 924.7822875976562 1468.511962890625
1.133209696969697 924.7770385742188 1468.529296875
1.166539393939394 924.8329467773438 1468.4698486328125
1.1998690909090908 924.9330444335938 1468.4766845703125
1.2331987878787878 924.8942260742188 1468.55029296875
1.2665284848484848 924.8889770507812 1468.569580078125
1.2998581818181818 925.06396484375 1468.548583984375
1.3331878787878788 925.1845092773438 1468.608154296875
1.3665175757575758 925.2451782226562 1468.5792236328125
1.3998472727272726 925.3089599609375 1468.5416259765625
1.4331769696969696 925.38037109375 1468.7613525390625
1.4665066666666666 925.3221435546875 1469.0103759765625
1.4998363636363636 925.2296752929688 1469.1773681640625
1.5331660606060606 925.0807495117188 1469.254638671875
1.5664957575757574 925.1749877929688 1469.3658447265625
1.5998254545454544 925.1561889648438 1469.667236328125
1.6331551515151514 925.180908203125 1469.6854248046875
1.6664848484848485 925.1512451171875 1469.8245849609375
1.6998145454545455 925.0938110351562 1469.90576171875
1.7331442424242425 925.0584106445312 1470.0615234375
1.7664739393939393 925.0972290039062 1470.104736328125
1.7998036363636363 925.0133056640625 1470.303466796875
1.8331333333333333 925.0554809570312 1470.26708984375
1.8664630303030303 925.059326171875 1470.260986328125
1.8997927272727273 925.1380004882812 1470.512939453125
1.933122424242424 925.1984252929688 1470.4266357421875
1.966452121212121 925.1296997070312 1470.3892822265625
1.999781818181818 925.227294921875 1470.4642333984375
2.033111515151515 925.1580200195312 1470.5196533203125
2.066441212121212 925.1363525390625 1470.64697265625
2.099770909090909 925.068603515625 1470.83349609375
2.133100606060606 925.0669555664062 1470.8746337890625
2.166430303030303 925.0198364257812 1470.893798828125
2.19976 925.0901489257812 1470.9332275390625
2.2330896969696967 925.0377807617188 1471.0703125
2.266419393939394 925.034912109375 1471.1177978515625
2.2997490909090907 924.9774780273438 1471.0252685546875
2.333078787878788 924.7515258789062 1471.4732666015625
2.3664084848484848 924.7222290039062 1471.8385009765625
2.3997381818181815 924.6989135742188 1471.9998779296875
2.433067878787879 924.7551879882812 1472.0433349609375
2.4663975757575756 924.73974609375 1472.23828125
2.499727272727273 924.7674560546875 1472.2918701171875
2.5330569696969696 924.8179931640625 1472.310302734375
2.566386666666667 924.8495483398438 1472.298095703125
2.5997163636363636 924.8656005859375 1472.360595703125
2.6330460606060604 924.8657836914062 1472.36376953125
2.6663757575757576 924.8905639648438 1472.3399658203125
2.6997054545454544 924.8897094726562 1472.3624267578125
2.7330351515151516 924.8840942382812 1472.3720703125
2.7663648484848484 924.8834228515625 1472.373779296875
2.799694545454545 924.8889770507812 1472.36572265625
2.8330242424242424 924.8904418945312 1472.3861083984375
2.8663539393939392 924.8622436523438 1472.4554443359375
2.8996836363636365 924.8665161132812 1472.446533203125
2.9330133333333333 924.8699340820312 1472.4498291015625
2.96634303030303 924.8738403320312 1472.448974609375
2.9996727272727273 924.873779296875 1472.4482421875
3.033002424242424 924.8753662109375 1472.4422607421875
3.0663321212121213 924.8714599609375 1472.44189453125
3.099661818181818 924.86962890625 1472.4490966796875
3.132991515151515 924.892578125 1472.4078369140625
3.166321212121212 924.85693359375 1472.2379150390625
3.199650909090909 924.8564453125 1472.1959228515625
3.232980606060606 924.8441162109375 1472.1083984375
3.266310303030303 924.8109741210938 1471.964111328125
3.29964 924.6937255859375 1471.8052978515625
3.332969696969697 924.7498168945312 1471.6810302734375
3.3662993939393937 924.750732421875 1471.680908203125
3.399629090909091 924.8475952148438 1471.1224365234375
3.4329587878787877 924.7996826171875 1471.04638671875
3.466288484848485 924.7823486328125 1471.1632080078125
3.4996181818181817 924.8209228515625 1471.0350341796875
3.5329478787878785 924.7338256835938 1469.4891357421875
3.5662775757575758 924.5072631835938 1465.9925537109375
3.5996072727272725 924.365234375 1462.8880615234375
3.6329369696969698 924.2483520507812 1458.0977783203125
3.6662666666666666 924.2792358398438 1451.47119140625
3.6995963636363633 924.5736694335938 1446.7889404296875
3.7329260606060606 924.6369018554688 1441.8582763671875
3.7662557575757574 924.7078247070312 1436.3619384765625
3.7995854545454546 924.81982421875 1429.2655029296875
3.8329151515151514 925.2755737304688 1420.7420654296875
3.8995745454545454 928.3270874023438 1401.1883544921875
3.9662339393939394 934.641357421875 1371.7496337890625
3.999563636363636 938.39599609375 1353.738037109375
4.06622303030303 942.110107421875 1318.4859619140625
4.0995527272727275 942.8114624023438 1303.0941162109375
4.166212121212121 944.13818359375 1270.8980712890625
5.16610303030303 885.1219482421875 487.9002990722656
5.199432727272727 885.5073852539062 474.2616271972656
5.232762424242424 885.6885986328125 463.08984375
5.266092121212121 886.2403564453125 454.06304931640625
5.299421818181818 886.653076171875 446.4176940917969
5.332751515151515 887.8748168945312 440.4665222167969
5.366081212121212 888.857666015625 437.1301574707031
5.399410909090909 891.2791137695312 434.6824035644531
5.432740606060606 892.66455078125 436.0323486328125
5.466070303030303 894.1193237304688 437.71160888671875
5.4994 894.769775390625 439.4705505371094
5.532729696969697 895.8310546875 441.5025634765625
5.566059393939394 896.7208251953125 442.9273986816406
5.59938909090909 898.181884765625 443.60174560546875
5.632718787878788 900.0555419921875 444.22650146484375
5.666048484848485 901.0997924804688 443.7745361328125
5.699378181818181 901.597412109375 444.0840148925781
5.7327078787878785 900.8150634765625 444.7818603515625
5.766037575757576 899.2247924804688 446.15576171875
5.799367272727273 896.7125244140625 447.93280029296875
5.832696969696969 893.11083984375 452.6332092285156
5.8660266666666665 888.2286376953125 458.3968505859375
5.899356363636364 882.8782958984375 465.1675109863281
5.93268606060606 878.7745971679688 470.94464111328125
5.966015757575757 876.1134033203125 478.7075500488281
5.9993454545454545 873.8231811523438 487.42559814453125
6.032675151515152 871.5556030273438 497.6939392089844
6.066004848484848 870.6852416992188 508.6702880859375
6.099334545454545 870.1734619140625 521.3300170898438
6.132664242424243 867.8929443359375 535.6975708007812
6.299312727272727 850.5960083007812 634.0634765625
6.332642424242424 848.6307983398438 652.468505859375
6.365972121212121 847.5978393554688 668.7642822265625
6.399301818181818 848.202880859375 684.0899658203125
6.432631515151515 848.2952270507812 698.9918212890625
6.499290909090909 847.4708862304688 729.83056640625
6.532620606060606 846.4861450195312 746.6368408203125
6.565950303030303 844.4139404296875 764.074462890625
6.59928 843.0565795898438 784.0072021484375
6.632609696969697 840.3817138671875 802.4815063476562
6.665939393939394 838.8211059570312 820.3607788085938
6.699269090909091 838.3635864257812 836.1063842773438
6.732598787878787 839.2697143554688 851.030029296875
6.765928484848485 840.5445556640625 865.2322387695312
6.799258181818182 843.0810546875 879.0269165039062
6.832587878787878 844.9152221679688 893.513427734375
6.865917575757575 846.5928344726562 908.2507934570312
6.899247272727273 848.2281494140625 925.382568359375
6.965906666666666 850.8388061523438 962.809814453125
6.9992363636363635 851.1527709960938 981.7130737304688
7.032566060606061 852.399658203125 998.7901000976562
7.065895757575757 855.7575073242188 1014.1962280273438
7.099225454545454 857.9718627929688 1028.201904296875
7.1325551515151515 860.0907592773438 1042.0032958984375
7.165884848484848 861.9146118164062 1055.8475341796875
7.199214545454545 863.3973388671875 1069.744384765625
7.232544242424242 864.7122192382812 1084.010986328125
7.2658739393939396 866.8729858398438 1099.36376953125
7.299203636363636 868.6132202148438 1115.6395263671875
7.432522424242424 873.1749877929688 1181.8946533203125
7.499181818181818 877.0353393554688 1209.2440185546875
7.532511515151515 879.27978515625 1222.753173828125
7.565841212121212 881.4976196289062 1236.681396484375
7.6325006060606055 884.0994873046875 1268.2633056640625
7.832478787878788 884.9564208984375 1375.5400390625
7.865808484848484 887.0123901367188 1387.824951171875
7.899138181818182 888.3544921875 1400.5126953125
7.932467878787879 889.0151977539062 1412.32861328125
7.999127272727272 888.7681274414062 1439.2376708984375
8.03245696969697 888.9495849609375 1453.486328125
8.199105454545455 886.91943359375 1531.586669921875
8.232435151515151 887.4234008789062 1545.36083984375
8.265764848484848 888.7972412109375 1558.5787353515625
8.565732121212122 904.2866821289062 1691.8770751953125
8.699050909090909 911.618896484375 1741.47802734375
8.732380606060605 913.0230102539062 1754.81298828125
8.765710303030303 915.4218139648438 1768.240966796875
20.964379393939392 876.4229125976562 605.3453979492188
20.99770909090909 876.2412109375 591.21142578125
21.03103878787879 875.8861083984375 579.0667724609375
21.064368484848483 875.0408325195312 571.0550537109375
21.09769818181818 873.7278442382812 564.5647583007812
21.13102787878788 870.5271606445312 560.822509765625
21.164357575757574 866.286865234375 558.8978271484375
21.297676363636363 845.826904296875 557.5650024414062
21.33100606060606 842.4081420898438 557.9409790039062
21.397665454545454 834.6223754882812 558.8609619140625
21.497654545454544 819.5362548828125 562.2222290039062
21.597643636363635 800.2823486328125 568.2592163085938
21.630973333333333 794.65869140625 571.9981079101562
21.730962424242424 783.7341918945312 582.4330444335938
21.797621818181817 778.8757934570312 591.5674438476562
21.830951515151515 776.6746215820312 597.3190307617188
21.864281212121213 774.592041015625 604.8353271484375
21.897610909090908 772.9855346679688 613.1505737304688
21.9976 767.2516479492188 644.4469604492188
22.030929696969697 766.4135131835938 655.2201538085938
22.064259393939395 766.7091674804688 664.29052734375
22.09758909090909 766.8430786132812 674.978271484375
22.130918787878787 767.2258911132812 685.6160888671875
22.164248484848486 767.2588500976562 698.1683959960938
22.19757818181818 767.3153686523438 711.98291015625
22.33089696969697 769.4673461914062 785.4295043945312
22.364226666666667 771.7718505859375 798.6041259765625
22.464215757575758 779.4765014648438 832.7574462890625
22.497545454545453 781.2647094726562 844.2304077148438
22.53087515151515 782.3224487304688 855.43115234375
22.56420484848485 784.5187377929688 864.7881469726562
22.63086424242424 784.6553344726562 890.7080078125
22.66419393939394 784.0402221679688 904.1788940429688
22.797512727272725 775.4576416015625 963.845947265625
22.89750181818182 764.4118041992188 996.678955078125
22.930831515151514 759.5849609375 1005.8125610351562
22.964161212121212 754.0319213867188 1014.5380859375
23.230798787878786 676.125 1073.097900390625
23.264128484848484 670.71826171875 1082.3460693359375
23.297458181818183 666.5960693359375 1092.2752685546875
23.364117575757575 661.68359375 1115.875
23.497436363636364 658.7136840820312 1173.716064453125
23.664084848484848 678.5220336914062 1234.4127197265625
24.030711515151516 788.9002075195312 1332.93115234375
24.06404121212121 795.7396850585938 1343.4781494140625
24.1640303030303 810.02099609375 1376.8726806640625
24.19736 812.0701293945312 1389.9173583984375
24.230689696969698 812.7412719726562 1403.1446533203125
24.264019393939392 813.2710571289062 1415.9876708984375
24.29734909090909 810.6160888671875 1430.6053466796875
24.33067878787879 808.9302978515625 1442.5965576171875
24.364008484848483 805.8463745117188 1452.5904541015625
24.39733818181818 802.052978515625 1461.4879150390625
24.497327272727272 785.3104248046875 1486.0264892578125
24.897283636363635 674.1469116210938 1580.0833740234375
24.930613333333334 671.3970947265625 1592.333984375
24.997272727272726 669.3008422851562 1619.786376953125
25.230580606060606 694.24658203125 1706.023681640625
33.296367272727274 759.2841186523438 563.331298828125
33.32969696969697 764.735595703125 552.968994140625
33.36302666666666 770.1582641601562 545.2693481445312
33.396356363636365 776.4714965820312 540.0057373046875
33.42968606060606 781.8173828125 536.8760375976562
33.463015757575754 786.8004760742188 533.87451171875
33.496345454545455 790.486083984375 532.2376708984375
33.52967515151515 794.6004028320312 530.6363525390625
33.563004848484844 797.9727172851562 530.8753662109375
33.596334545454546 801.0237426757812 531.245361328125
33.62966424242424 804.0220947265625 531.617431640625
33.662993939393935 806.8002319335938 533.186279296875
33.69632363636364 809.6133422851562 537.72021484375
33.72965333333333 809.7849731445312 544.9962768554688
33.762983030303026 809.0339965820312 557.81396484375
33.79631272727273 806.1485595703125 573.574951171875
33.82964242424242 802.6790771484375 589.8991088867188
33.86297212121212 800.33935546875 605.6655883789062
33.89630181818182 799.2323608398438 620.205810546875
33.92963151515151 798.570068359375 634.70751953125
33.96296121212121 798.3201293945312 648.5812377929688
33.99629090909091 797.6495361328125 663.7236328125
34.029620606060604 797.7658081054688 679.203857421875
35.72943515151515 854.9705200195312 1653.6517333984375
36.096061818181816 873.3591918945312 1821.5369873046875
43.161957575757576 840.88671875 546.808349609375
43.19528727272727 841.2467651367188 529.0039672851562
43.36193575757576 850.2376098632812 434.086669921875
43.39526545454545 853.1370239257812 421.2333984375
43.428595151515154 856.0824584960938 410.09979248046875
43.46192484848485 858.634521484375 401.30255126953125
43.49525454545454 859.7547607421875 394.39666748046875
43.528584242424245 860.1604614257812 389.286865234375
43.56191393939394 860.2985229492188 385.5666809082031
43.595243636363634 860.431396484375 384.3485412597656
43.628573333333335 859.7779541015625 385.3111572265625
43.66190303030303 857.8847045898438 389.61260986328125
43.695232727272725 855.4064331054688 397.8955078125
43.728562424242426 851.1298828125 410.912841796875
43.795221818181815 837.1195068359375 444.69061279296875
43.86188121212121 827.1988525390625 477.4480895996094
43.895210909090906 823.6599731445312 491.7284240722656
43.92854060606061 820.7730712890625 507.1939392089844
43.9618703030303 817.525146484375 522.171630859375
43.9952 814.0388793945312 539.5902709960938
45.461706666666664 834.24072265625 1379.4830322265625
45.49503636363636 835.3018798828125 1393.706787109375
45.69501454545454 838.3077392578125 1490.427490234375
45.79500363636364 843.3404541015625 1529.987548828125
45.82833333333333 845.7970581054688 1542.5220947265625
46.128300606060606 859.8250122070312 1679.08837890625
51.86100848484848 816.1707763671875 594.9671020507812
51.89433818181818 812.251953125 580.697021484375
51.92766787878788 810.7244262695312 568.3973999023438
51.960997575757574 809.3675537109375 559.275146484375
51.99432727272727 808.5068359375 551.9219970703125
52.02765696969697 808.2542114257812 545.7167358398438
52.060986666666665 808.0692749023438 541.7433471679688
52.09431636363636 808.02001953125 538.3258666992188
52.12764606060606 809.0211791992188 536.4186401367188
52.160975757575756 809.7849731445312 535.123046875
52.19430545454545 809.5999145507812 534.5750732421875
52.22763515151515 809.6646118164062 534.0426635742188
52.260964848484846 809.9633178710938 533.4701538085938
52.29429454545454 812.4125366210938 533.385009765625
52.32762424242424 814.2221069335938 533.21337890625
52.36095393939394 816.2555541992188 534.46826171875
52.39428363636363 818.5796508789062 535.9304809570312
52.42761333333333 820.0912475585938 539.7508544921875
52.46094303030303 821.3827514648438 546.62353515625
52.49427272727272 821.6903076171875 555.9195556640625
52.527602424242424 821.3233032226562 569.9793701171875
52.56093212121212 819.9464111328125 586.7643432617188
52.59426181818181 817.3643798828125 605.1162719726562
52.627591515151515 815.554443359375 622.285888671875
52.66092121212121 814.66845703125 638.1087036132812
52.727580606060606 815.0986938476562 668.906982421875
52.7609103030303 814.5994873046875 683.4286499023438
52.79424 815.159423828125 699.7673950195312
52.8275696969697 814.8836059570312 716.3271484375
52.86089939393939 814.4961547851562 734.1248779296875
53.02754787878788 810.6078491210938 835.4022216796875
53.06087757575757 811.8323974609375 853.1080322265625
53.160866666666664 818.356201171875 904.944580078125
61.5599503030303 851.0203247070312 531.7540893554688
61.59328 853.72509765625 520.7847290039062
61.626609696969695 855.978515625 511.08294677734375
61.65993939393939 858.1835327148438 504.7489929199219
61.69326909090909 858.6898193359375 499.8190002441406
61.726598787878785 858.6932983398438 498.3998107910156
61.75992848484848 858.7125854492188 498.6201477050781
61.79325818181818 857.4369506835938 501.311279296875
61.826587878787876 855.451171875 506.0986328125
61.85991757575757 852.2024536132812 516.1222534179688
61.89324727272727 848.9462280273438 528.7521362304688
61.95990666666666 835.963623046875 564.1079711914062
61.99323636363636 829.1492309570312 582.4417114257812
62.05989575757575 819.625732421875 616.1102294921875
62.093225454545454 815.73583984375 631.2003173828125
62.12655515151515 812.795654296875 647.7889404296875
62.193214545454545 805.872314453125 680.8392944335938
62.22654424242424 801.16357421875 699.5902099609375
62.45985212121212 773.5304565429688 831.8871459960938
62.52651151515151 773.4253540039062 864.335205078125
62.55984121212121 774.4057006835938 881.2794189453125
62.759819393939395 781.4119262695312 996.762939453125
62.826478787878784 786.0607299804688 1028.8330078125
63.22643515151515 810.89111328125 1225.4619140625
63.25976484848485 812.6563110351562 1240.314208984375
63.593061818181816 828.9147338867188 1404.95458984375
63.65972121212121 831.54638671875 1433.61962890625
63.92635878787878 839.9468994140625 1562.194580078125
63.959688484848485 842.3497314453125 1574.96875
70.12568242424243 815.0818481445312 396.9304504394531
70.15901212121211 811.2384033203125 379.1998596191406
70.19234181818182 809.4544067382812 368.7266845703125
70.22567151515152 808.6795043945312 359.99029541015625
70.2590012121212 806.652099609375 353.05242919921875
70.29233090909091 806.18212890625 348.26129150390625
70.32566060606061 807.5372314453125 347.5785827636719
70.3589903030303 809.7982177734375 351.91314697265625
70.39232 813.5625610351562 362.27679443359375
70.4256496969697 817.0670776367188 371.8893127441406
70.45897939393939 819.6611328125 383.0954284667969
70.49230909090909 823.145263671875 394.9300231933594
70.52563878787879 827.2566528320312 407.5907287597656
70.55896848484848 831.3427734375 420.2341613769531
70.59229818181818 834.8569946289062 433.251220703125
70.62562787878788 838.8153076171875 447.3118896484375
78.82473333333333 926.3556518554688 514.9244995117188
78.85806303030303 929.2542114257812 498.9056396484375
78.89139272727273 930.919921875 485.2726745605469
78.92472242424242 931.792236328125 475.28094482421875
78.95805212121212 932.0623779296875 467.79132080078125
78.99138181818182 932.522216796875 461.470703125
79.02471151515151 932.9890747070312 456.99212646484375
79.05804121212121 934.1638793945312 455.3407287597656
79.09137090909091 934.2279052734375 457.7274169921875
79.1247006060606 933.3013916015625 464.4218444824219
79.1580303030303 931.899169921875 476.1787414550781
79.19136 928.3406372070312 495.58636474609375
79.22468969696969 923.8698120117188 513.0484008789062
79.25801939393939 918.9633178710938 533.7728271484375
79.32467878787878 914.7261352539062 570.8394775390625
79.35800848484848 914.0763549804688 588.7319946289062
79.39133818181818 912.7330932617188 606.8204345703125
85.89062909090909 992.2864379882812 930.415771484375
85.92395878787879 990.9953002929688 914.4495849609375
85.95728848484848 989.8198852539062 898.654541015625
85.99061818181818 990.241455078125 884.0582275390625
86.02394787878788 990.5582885742188 870.8336181640625
86.05727757575757 990.8604736328125 856.402099609375
86.09060727272727 991.231201171875 842.5311889648438
86.12393696969697 990.963623046875 826.1768798828125
86.15726666666666 990.0266723632812 809.2055053710938
86.19059636363636 989.4044189453125 792.2417602539062
86.22392606060606 987.7945556640625 777.2579956054688
86.25725575757575 987.462646484375 763.7786254882812
86.29058545454545 985.867431640625 751.9373779296875
86.32391515151515 985.0850219726562 741.3847045898438
86.35724484848484 984.4451904296875 730.6302490234375
86.39057454545454 984.7900390625 720.468505859375
86.42390424242424 984.721435546875 709.8333129882812
86.45723393939393 984.3291625976562 698.0078125
86.49056363636363 985.1414794921875 686.0465698242188
86.52389333333333 985.2537841796875 673.66943359375
86.55722303030302 985.6979370117188 663.2853393554688
86.59055272727272 985.4923706054688 652.4469604492188
86.62388242424242 985.089111328125 642.1458740234375
86.65721212121211 984.4240112304688 632.3812866210938
86.69054181818181 984.1909790039062 621.950439453125
86.72387151515152 983.6671142578125 611.2008666992188
86.75720121212122 983.8269653320312 600.5275268554688
86.7905309090909 984.0892333984375 588.9273681640625
86.8238606060606 984.25439453125 577.6206665039062
86.85719030303031 984.91650390625 564.1967163085938
86.89052 985.7535400390625 551.6194458007812
86.9238496969697 987.35205078125 537.6165771484375
86.9571793939394 988.50390625 521.3755493164062
86.99050909090909 989.801513671875 506.6921081542969
87.02383878787879 989.1337280273438 493.6754150390625
87.05716848484849 988.1883544921875 481.3825988769531
87.09049818181818 986.716064453125 469.5982971191406
87.12382787878788 984.9325561523438 460.3896789550781
87.15715757575758 982.9583740234375 452.7904357910156
87.19048727272727 979.5791625976562 447.4374084472656
87.22381696969697 975.6170043945312 442.8233642578125
87.25714666666667 972.0560302734375 439.8122863769531
87.29047636363636 968.0487670898438 438.5653381347656
87.32380606060606 963.9412841796875 438.2630920410156
87.35713575757576 958.3814697265625 438.4833679199219
87.39046545454545 952.8519897460938 438.638671875
87.42379515151515 947.1509399414062 438.5852355957031
87.49045454545454 934.0442504882812 438.1391296386719
87.52378424242424 927.466552734375 438.71734619140625
87.55711393939394 919.360107421875 438.1842346191406
87.59044363636363 911.1084594726562 437.72509765625
87.62377333333333 902.6774291992188 437.505126953125
87.8904109090909 816.6484985351562 480.8357238769531
87.9237406060606 810.3368530273438 494.4428405761719
87.9570703030303 806.0086669921875 509.62359619140625
88.22370787878788 798.48828125 657.5792236328125
88.25703757575758 805.5593872070312 672.9854736328125
88.29036727272727 814.4022216796875 687.699462890625
88.32369696969697 822.3257446289062 700.9080810546875
88.35702666666667 832.8534545898438 713.3905029296875
88.39035636363636 843.6953125 726.35693359375
88.65699393939394 940.9541015625 821.0216674804688
88.72365333333333 958.8724975585938 849.8281860351562
88.82364242424242 978.1598510742188 901.9965209960938
88.85697212121212 982.8532104492188 920.98828125
88.95696121212121 989.2277221679688 977.1245727539062
88.9902909090909 988.2371826171875 993.2772216796875
89.0236206060606 986.0637817382812 1006.2346801757812
89.09027999999999 977.416015625 1032.46142578125
89.1569393939394 965.7101440429688 1055.2783203125
89.45690666666667 880.1188354492188 1156.491943359375
89.49023636363636 877.2552490234375 1170.8472900390625
89.55689575757576 873.8971557617188 1203.8028564453125
95.85620848484848 886.72119140625 432.4667663574219
95.88953818181818 890.9948120117188 421.01226806640625
95.92286787878787 897.8145141601562 413.4547424316406
95.95619757575757 903.54833984375 409.4222412109375
95.98952727272727 908.9581298828125 403.87359619140625
96.02285696969696 912.7791137695312 401.07513427734375
96.05618666666666 917.1157836914062 399.5767517089844
96.08951636363636 920.694580078125 398.2913513183594
96.12284606060607 923.7404174804688 399.3314208984375
96.15617575757575 927.0439453125 402.6670227050781
96.18950545454545 928.2159423828125 408.4418029785156
96.22283515151516 928.501220703125 416.8656921386719
96.25616484848484 929.1140747070312 427.39178466796875
96.28949454545455 928.8617553710938 439.3780517578125
96.32282424242425 926.6454467773438 455.57427978515625
96.35615393939393 925.5092163085938 469.89910888671875
96.38948363636364 926.426025390625 483.0596618652344
96.42281333333334 927.8583374023438 494.92523193359375
96.45614303030302 930.6048583984375 505.5794372558594
96.48947272727273 933.8402709960938 515.877197265625
96.52280242424243 937.6341552734375 525.2589721679688
96.55613212121212 942.4050903320312 534.5802001953125
96.58946181818182 946.7733764648438 543.0712890625
96.62279151515152 952.6218872070312 551.9768676757812
96.6561212121212 958.5211791992188 559.4686279296875
96.68945090909091 964.466796875 567.7286376953125
96.72278060606061 971.2327880859375 574.3986206054688
96.7561103030303 976.6851196289062 581.6677856445312
96.78944 982.2346801757812 591.7984008789062
96.8227696969697 986.5635375976562 602.317626953125
96.85609939393939 991.630615234375 615.64111328125
96.88942909090909 995.5328369140625 628.927490234375
96.92275878787879 999.2271118164062 644.0728759765625
96.95608848484848 1002.1318359375 660.1116943359375
97.02274787878788 1003.3917846679688 696.7154541015625
97.08940727272727 1002.994384765625 738.3118286132812
97.15606666666666 999.174072265625 781.206298828125
97.18939636363636 996.8421630859375 799.1336059570312
97.22272606060606 992.9366455078125 817.4783935546875
97.25605575757575 989.801513671875 833.15087890625
97.28938545454545 986.4208374023438 848.6148071289062
97.32271515151515 983.7816162109375 864.98828125
97.35604484848484 981.7100830078125 879.7345581054688
97.38937454545454 980.6012573242188 896.2002563476562
97.42270424242425 980.6798706054688 911.7239990234375
97.45603393939393 981.7357788085938 928.0519409179688
97.48936363636363 984.30419921875 945.0824584960938
98.18928727272727 1000.5230712890625 1380.5753173828125
98.52258424242424 1020.3427734375 1571.442626953125
103.12208242424242 1045.0198974609375 1543.4427490234375
103.18874181818181 1034.973876953125 1520.56640625
103.25540121212121 1024.1021728515625 1500.98486328125
103.2887309090909 1018.4652099609375 1492.498779296875
103.3553903030303 1007.2689208984375 1473.2596435546875
103.38871999999999 1000.8404541015625 1463.373291015625
103.4220496969697 994.400634765625 1451.2061767578125
103.62202787878788 952.1282348632812 1370.12158203125
103.72201696969697 937.35205078125 1328.3642578125
104.52192969696969 878.3099975585938 842.8369750976562
104.85522666666667 868.0082397460938 629.8347778320312
105.02187515151515 868.4229125976562 518.2412719726562
105.12186424242424 870.0030517578125 468.0224304199219
105.15519393939394 871.623046875 454.7915344238281
105.18852363636363 874.8370361328125 444.31634521484375
105.22185333333333 877.9036865234375 436.1632995605469
105.25518303030303 882.2291870117188 429.8348083496094
105.28851272727272 887.313232421875 425.1795349121094
105.32184242424242 893.298583984375 422.5621337890625
105.35517212121212 897.255859375 420.7742919921875
105.38850181818181 901.3534545898438 419.08636474609375
105.42183151515151 905.4140014648438 417.6050109863281
105.45516121212121 908.131591796875 417.5448303222656
105.48849090909091 912.0538940429688 419.0295715332031
105.5218206060606 915.7616577148438 418.96539306640625
105.5551503030303 918.132080078125 418.71875
105.58848 921.3461303710938 419.5581970214844
105.62180969696969 923.23193359375 419.4521789550781
105.6551393939394 925.259521484375 420.16082763671875
105.6884690909091 925.7998657226562 429.64849853515625
105.72179878787878 924.3380126953125 443.9423828125
105.75512848484848 924.3937377929688 455.2670593261719
105.78845818181819 924.1571044921875 467.0078430175781
105.82178787878787 925.8323974609375 478.7906799316406
105.85511757575757 927.7900390625 489.7401428222656
105.88844727272728 930.121826171875 499.2287292480469
105.92177696969696 932.8154296875 508.3314514160156
105.95510666666667 936.4168090820312 517.7571411132812
105.98843636363637 938.6788940429688 526.9559326171875
106.02176606060605 941.4901123046875 537.3092041015625
106.05509575757576 944.5844116210938 547.7359008789062
106.08842545454546 947.362060546875 557.7289428710938
106.12175515151515 951.979248046875 568.5985717773438
106.15508484848485 956.5739135742188 580.7151489257812
106.18841454545455 961.0940551757812 593.1417846679688
106.22174424242424 966.5750122070312 606.62060546875
106.25507393939394 970.8572998046875 622.514404296875
106.28840363636364 975.0119018554688 640.3130493164062
106.6550303030303 1019.12841796875 881.0281982421875
106.72168969696969 1022.471923828125 923.9443359375
106.75501939393939 1024.001220703125 947.8363037109375
106.88833818181818 1029.8909912109375 1031.20263671875
106.98832727272728 1038.1591796875 1085.709228515625
107.02165696969696 1040.4609375 1106.20703125
107.22163515151514 1050.9532470703125 1244.920166015625
113.95423393939393 956.1679077148438 23.895837783813477
113.98756363636363 958.551513671875 12.010757446289062
114.02089333333333 962.199951171875 2.9630424976348877
114.05422303030302 965.4522094726562 -3.656386613845825
114.08755272727272 968.9035034179688 -8.498087882995605
114.12088242424242 970.2776489257812 -12.873640060424805
114.15421212121211 972.5248413085938 -15.306730270385742
114.18754181818181 973.8714599609375 -16.94316291809082
114.22087151515152 975.2489013671875 -17.46677589416504
114.2542012121212 974.8967895507812 -16.196035385131836
114.2875309090909 975.7050170898438 -12.108582496643066
114.3208606060606 974.5003662109375 -5.437006950378418
114.3541903030303 971.9098510742188 4.5194292068481445
114.38752 968.0516967773438 18.74681854248047
114.4208496969697 962.4788208007812 37.91151809692383
123.0199115151515 679.9240112304688 463.5126647949219
123.05324121212121 685.8738403320312 451.53887939453125
123.08657090909091 689.9236450195312 438.7951965332031
123.1199006060606 691.8267211914062 428.79083251953125
123.1532303030303 694.0634155273438 419.873779296875
123.18656 696.2316284179688 413.5303649902344
123.21988969696969 697.4807739257812 407.6839599609375
123.25321939393939 699.0299682617188 403.5425720214844
123.28654909090909 700.1807861328125 401.1810302734375
123.31987878787878 700.445068359375 400.287841796875
123.35320848484848 700.5355834960938 400.4629211425781
123.38653818181818 700.4373168945312 400.364990234375
123.41986787878787 699.7164306640625 401.6501159667969
123.45319757575757 697.484375 401.6983947753906
123.48652727272727 697.0802001953125 403.0784606933594
123.51985696969696 696.9777221679688 404.5413513183594
123.55318666666666 696.7247314453125 405.4267883300781
123.58651636363636 696.7479858398438 407.3432922363281
123.61984606060605 696.0220947265625 410.3349304199219
123.65317575757575 696.4216918945312 415.53900146484375
123.68650545454545 697.1180419921875 424.25872802734375
123.71983515151514 697.712890625 435.2940673828125
123.75316484848484 700.2388305664062 449.3618469238281
123.98647272727273 710.9818725585938 570.3128051757812
132.11891878787878 719.5172119140625 753.6879272460938
132.45221575757574 712.9010009765625 571.1918334960938
132.75218303030303 706.4910888671875 413.0403747558594
132.78551272727273 705.5520629882812 400.9971923828125
132.81884242424243 704.2159423828125 391.8451232910156
132.8521721212121 702.940673828125 385.4905090332031
132.8855018181818 700.9171752929688 380.4033203125
132.9188315151515 697.7894287109375 377.12457275390625
132.9521612121212 694.4334716796875 375.4261779785156
132.9854909090909 688.6638793945312 374.7050476074219
133.01882060606061 683.6517333984375 373.2189636230469
133.0521503030303 680.6575317382812 372.3450012207031
133.08548 678.8788452148438 371.9302978515625
133.1188096969697 677.3670654296875 372.44287109375
133.1521393939394 677.5816040039062 374.6671447753906
133.1854690909091 679.0792846679688 377.7778015136719
133.2187987878788 680.5750122070312 383.3564147949219
133.25212848484847 683.2630615234375 390.93475341796875
133.28545818181817 685.5593872070312 399.55987548828125
133.31878787878787 690.0643310546875 410.8753662109375
133.35211757575757 694.0746459960938 422.9128112792969
133.38544727272728 697.7257080078125 434.4620666503906
133.41877696969698 701.9365844726562 446.5754699707031
133.45210666666665 706.1038208007812 459.17510986328125
133.48543636363635 709.9249877929688 471.9410705566406
133.51876606060605 713.854736328125 485.5976867675781
133.55209575757576 717.4819946289062 500.32464599609375
134.0520412121212 749.5706787109375 845.3619384765625
134.0853709090909 757.2979125976562 856.1863403320312
134.18536 787.1787719726562 869.962890625
134.2186896969697 792.4524536132812 877.2393188476562
134.25201939393938 798.0593872070312 885.0777587890625
134.28534909090908 802.2218017578125 893.2731323242188
134.31867878787878 805.990478515625 902.0361328125
134.35200848484848 809.52587890625 911.3674926757812
134.38533818181818 811.5231323242188 921.9295043945312
134.4186678787879 812.426025390625 933.9959716796875
134.45199757575756 812.6906127929688 945.7119140625
134.48532727272726 811.282958984375 959.3783569335938
134.51865696969696 807.3521118164062 973.3992309570312
134.55198666666666 802.3010864257812 986.120849609375
134.58531636363637 796.2166748046875 998.6524658203125
134.65197575757574 782.847412109375 1019.8905029296875
134.75196484848485 758.3662109375 1049.941162109375
135.0519321212121 678.8304443359375 1149.158203125
136.21847151515152 884.1632080078125 1649.2176513671875
141.8178606060606 859.054443359375 569.8185424804688
141.8511903030303 861.3121337890625 554.9664306640625
141.88452 865.5321655273438 544.174560546875
141.91784969696968 871.2089233398438 535.847412109375
141.95117939393938 877.7439575195312 531.0384521484375
141.98450909090909 882.7874755859375 526.4991455078125
142.0178387878788 888.4293823242188 524.7572021484375
142.0511684848485 892.48779296875 522.658203125
142.0844981818182 896.6541137695312 522.23583984375
142.11782787878786 899.869384765625 521.5907592773438
142.15115757575757 903.2167358398438 521.0753173828125
142.18448727272727 906.267578125 522.026123046875
142.21781696969697 908.4124145507812 523.0822143554688
142.25114666666667 911.048583984375 523.9315185546875
142.28447636363637 913.5114135742188 522.799072265625
142.31780606060605 915.025390625 522.06591796875
142.35113575757575 915.0634765625 520.8438110351562
142.38446545454545 916.4696044921875 520.0350341796875
142.41779515151515 918.4593505859375 520.0405883789062
142.45112484848485 921.1795654296875 520.725341796875
142.48445454545455 925.3271484375 524.6187133789062
142.51778424242423 929.4125366210938 529.67041015625
142.55111393939393 934.3534545898438 536.6597290039062
142.58444363636363 939.0307006835938 545.7923583984375
142.61777333333333 944.869140625 558.2278442382812
142.65110303030303 952.1815795898438 573.8956909179688
142.68443272727274 959.9390258789062 591.7078857421875
142.7177624242424 967.5257568359375 613.5185546875
142.7510921212121 973.52783203125 632.2078247070312
142.8177515151515 979.7559814453125 667.1063842773438
142.85108121212122 980.814208984375 682.2687377929688
142.88441090909092 980.0852661132812 695.6956176757812
142.9177406060606 978.2947387695312 709.5027465820312
142.9510703030303 974.8845825195312 722.0763549804688
142.9844 969.8641357421875 733.914794921875
143.0177296969697 963.1666870117188 744.7840576171875
143.21770787878788 914.8699340820312 808.5322265625
143.25103757575758 911.3868408203125 822.1124267578125
143.28436727272728 909.5928955078125 836.9551391601562
143.31769696969695 909.7649536132812 851.0641479492188
143.35102666666666 910.3471069335938 867.3970947265625
143.38435636363636 911.3656616210938 884.671142578125
143.55100484848484 924.587890625 975.620849609375
143.61766424242424 937.8483276367188 1005.551025390625
143.65099393939394 945.3228149414062 1018.5501098632812
143.68432363636364 950.783447265625 1032.043212890625
150.68356 1263.28759765625 419.8962097167969
150.7502193939394 1250.40283203125 416.3289794921875
150.85020848484848 1224.156982421875 415.63916015625
151.78343999999998 922.0101928710938 433.182373046875
151.8167696969697 915.30126953125 438.9166259765625
151.8500993939394 909.0292358398438 447.67083740234375
151.8834290909091 901.7932739257812 459.5191345214844
151.9167587878788 899.1583251953125 472.2192077636719
152.01674787878787 883.7225341796875 512.8117065429688
152.05007757575757 880.9174194335938 525.1768188476562
152.08340727272727 877.516357421875 537.6290893554688
152.11673696969697 874.7821044921875 549.443603515625
152.15006666666667 872.1229248046875 561.7252807617188
152.18339636363635 869.1054077148438 574.655517578125
152.21672606060605 864.9207763671875 589.3238525390625
152.25005575757575 861.4031982421875 604.738525390625
152.28338545454545 855.8779296875 622.42138671875
152.31671515151515 850.3438110351562 642.48486328125
152.35004484848486 844.6204223632812 659.9994506835938
152.41670424242423 837.0442504882812 692.71044921875
152.45003393939393 834.0872192382812 707.138671875
152.48336363636363 831.266357421875 721.080078125
152.51669333333334 827.225341796875 735.6605224609375
152.55002303030304 823.3753051757812 750.4471435546875
152.5833527272727 818.1835327148438 766.9610595703125
152.6166824242424 813.594482421875 783.724365234375
152.68334181818182 800.6945190429688 819.0242919921875
152.71667151515152 795.2428588867188 836.39208984375
152.75000121212122 790.3701782226562 852.2474365234375
152.8166606060606 783.7634887695312 881.5978393554688
152.8499903030303 781.068115234375 895.876953125
152.88332 779.2718505859375 910.20654296875
152.9166496969697 776.1290893554688 924.7105712890625
152.9499793939394 773.4556884765625 940.0377197265625
152.98330909090907 770.6087036132812 956.6402587890625
153.04996848484848 762.1588134765625 996.8644409179688
153.08329818181818 757.9102172851562 1014.9566040039062
153.11662787878788 755.7083740234375 1031.453369140625
153.14995757575758 753.2229614257812 1045.593994140625
153.18328727272726 752.1281127929688 1060.1842041015625
153.24994666666666 747.6245727539062 1088.6944580078125
153.28327636363636 745.58837890625 1102.442138671875
153.31660606060606 741.24755859375 1117.71728515625
153.41659515151514 727.6934814453125 1168.5267333984375
153.48325454545454 720.4813842773438 1200.36279296875
153.54991393939395 716.3851318359375 1228.52490234375
153.58324363636362 715.46435546875 1241.325439453125
153.61657333333332 714.810791015625 1254.5081787109375
153.64990303030302 713.5905151367188 1268.2611083984375
153.7832218181818 705.19287109375 1336.93212890625
153.8165515151515 703.29931640625 1353.6612548828125
154.01652969696968 697.6520385742188 1432.985107421875
154.04985939393939 694.971435546875 1447.1729736328125
154.1498484848485 685.0245971679688 1495.225341796875
154.21650787878787 680.9799194335938 1523.6414794921875
154.24983757575757 680.0481567382812 1536.5164794921875
154.31649696969697 679.368408203125 1560.5146484375
154.58313454545453 673.3251342773438 1666.821044921875
154.68312363636363 672.078369140625 1694.36181640625
154.74978303030304 667.8599853515625 1714.5582275390625
154.8164424242424 663.129150390625 1733.1322021484375
155.0164206060606 652.577880859375 1803.76806640625
160.01587515151516 569.7032470703125 533.5050048828125
160.04920484848483 569.318603515625 520.6509399414062
160.08253454545454 569.5421752929688 510.0223388671875
160.11586424242424 569.2972412109375 500.86737060546875
160.14919393939394 569.28173828125 494.22930908203125
160.18252363636364 569.2579345703125 488.4290771484375
160.21585333333334 568.9468994140625 484.7828674316406
160.24918303030302 567.7750244140625 481.5769348144531
160.28251272727272 565.9829711914062 480.83062744140625
160.31584242424242 565.3012084960938 481.07977294921875
160.34917212121212 562.906982421875 485.3589172363281
160.38250181818182 558.4443969726562 493.0447082519531
160.41583151515152 555.9517211914062 499.719482421875
160.4491612121212 555.0741577148438 505.85772705078125
160.4824909090909 555.41064453125 512.0542602539062
160.5158206060606 557.4736938476562 518.8760986328125
160.5491503030303 559.8108520507812 525.0275268554688
160.58248 563.2228393554688 530.9920043945312
160.6158096969697 567.3711547851562 537.5233154296875
160.64913939393938 571.4213256835938 543.4991455078125
160.68246909090908 575.8145751953125 549.4116821289062
160.71579878787878 581.03466796875 555.6040649414062
160.74912848484848 586.8062744140625 561.9953002929688
160.78245818181819 591.3221435546875 569.5592651367188
160.8157878787879 596.104248046875 576.7293701171875
160.84911757575756 600.271728515625 586.0371704101562
160.88244727272726 603.587890625 596.8316040039062
160.91577696969696 607.6680297851562 608.4693603515625
160.94910666666667 610.2197265625 620.4937133789062
160.98243636363637 612.7081298828125 632.9423828125
161.01576606060607 613.8828735351562 646.7623291015625
161.04909575757574 614.7977294921875 662.239501953125
161.08242545454544 615.5670166015625 677.6084594726562
161.11575515151515 614.3051147460938 695.0702514648438
161.18241454545455 609.8203125 729.598388671875
161.21574424242425 607.51416015625 743.6170654296875
161.24907393939392 605.0940551757812 756.085693359375
161.28240363636363 602.4369506835938 766.8706665039062
161.31573333333333 599.2320556640625 776.880615234375
161.34906303030303 595.2955322265625 785.5901489257812
161.4823818181818 569.3286743164062 812.52294921875
161.5823709090909 540.0828857421875 824.8211059570312
161.6157006060606 531.0989379882812 831.7964477539062
161.6490303030303 525.2216186523438 838.18408203125
161.68236 521.314697265625 845.292724609375
161.7156896969697 518.5881958007812 853.8165283203125
161.7490193939394 517.6245727539062 862.80908203125
161.7823490909091 516.8192138671875 873.4848022460938
161.8156787878788 516.1268310546875 885.3482055664062
161.84900848484847 516.5006103515625 897.8981323242188
161.88233818181817 517.0166625976562 911.8768310546875
162.08231636363635 513.7420654296875 1006.91455078125
163.11553696969696 540.9520263671875 1557.4371337890625
171.71459878787877 556.0642700195312 488.16583251953125
171.74792848484847 559.5748901367188 477.3355712890625
171.78125818181817 563.3504638671875 470.6259765625
171.81458787878788 566.8889770507812 463.6626281738281
171.84791757575758 568.5142822265625 458.90057373046875
171.88124727272728 570.3389282226562 456.12188720703125
171.91457696969695 572.2196655273438 453.16693115234375
171.94790666666665 573.5931396484375 451.50872802734375
171.98123636363636 574.8750610351562 450.17333984375
172.01456606060606 575.9088745117188 449.64801025390625
172.04789575757576 576.4700927734375 452.1424255371094
172.08122545454546 576.7921752929688 457.50665283203125
172.11455515151513 574.5473022460938 465.14892578125
172.14788484848484 571.8939819335938 474.75421142578125
172.18121454545454 570.1947631835938 483.6073303222656
172.21454424242424 570.3378295898438 492.2113952636719
172.24787393939394 571.6546630859375 499.32763671875
172.28120363636364 574.4883422851562 506.0857238769531
172.31453333333332 577.3695678710938 512.8079223632812
172.34786303030302 580.8462524414062 518.8950805664062
172.38119272727272 584.5799560546875 524.5895385742188
172.41452242424242 588.4769897460938 530.542724609375
172.44785212121212 593.076904296875 535.6197509765625
172.48118181818182 597.82421875 540.3075561523438
172.5145115151515 602.5944213867188 546.0646362304688
172.5478412121212 607.2066040039062 552.1092529296875
172.5811709090909 612.0463256835938 558.0867919921875
172.6145006060606 615.7527465820312 566.0013427734375
172.6478303030303 619.6226196289062 575.3609619140625
172.68116 622.8717041015625 585.4035034179688
172.71448969696968 626.3463134765625 597.9111938476562
172.74781939393938 629.00146484375 611.0991821289062
172.78114909090908 631.9156494140625 628.4107055664062
173.04778666666667 618.341796875 785.451171875
173.08111636363637 618.0783081054688 801.735107421875
173.11444606060604 613.8003540039062 814.9677734375
173.14777575757574 610.066162109375 827.5007934570312
173.24776484848485 591.2484741210938 861.9676513671875
173.28109454545455 582.9500732421875 873.777099609375
173.38108363636363 557.539794921875 907.872802734375
173.41441333333333 552.83935546875 917.9847412109375
173.44774303030303 550.7448120117188 926.1679077148438
173.48107272727273 550.5859375 932.3922729492188
173.51440242424243 550.619384765625 938.6915893554688
173.5477321212121 550.435302734375 945.46435546875
173.5810618181818 549.9086303710938 952.0220947265625
173.6143915151515 550.45751953125 959.0101928710938
173.6477212121212 550.4169921875 966.6797485351562
173.6810509090909 550.4275512695312 975.0308227539062
173.71438060606062 550.9082641601562 984.20263671875
173.7477103030303 550.4381103515625 995.8412475585938
173.78104 550.3049926757812 1006.9949951171875
173.8143696969697 551.0662231445312 1021.6124267578125
173.8476993939394 548.8635864257812 1037.8388671875
173.8810290909091 547.5645141601562 1052.0908203125
173.9143587878788 547.5294189453125 1066.3843994140625
173.94768848484847 547.74462890625 1079.054931640625
173.98101818181817 548.2896118164062 1091.9227294921875
174.01434787878787 549.498291015625 1104.8514404296875
174.04767757575758 550.947021484375 1118.0858154296875
174.11433696969698 553.3801879882812 1150.005859375
175.38086545454544 658.3714599609375 1773.92724609375
175.64750303030303 678.4873046875 1792.922607421875
175.7808218181818 685.333251953125 1814.890625
175.8141515151515 688.1996459960938 1815.248779296875
176.0141296969697 691.4785766601562 1814.84716796875
176.1141187878788 692.5089721679688 1809.8128662109375
176.14744848484847 692.7505493164062 1808.3133544921875
176.18077818181817 692.1537475585938 1808.6094970703125
176.28076727272727 693.0745239257812 1801.1405029296875
176.38075636363635 693.1463012695312 1796.593994140625
176.41408606060605 693.0159912109375 1795.0731201171875
176.54740484848483 693.1754760742188 1789.9822998046875
176.81404242424242 693.6421508789062 1783.0567626953125
176.88070181818182 693.7950439453125 1781.5775146484375
177.34731757575756 694.5177001953125 1775.4830322265625
177.38064727272726 694.4505004882812 1775.4029541015625
177.81393333333332 695.7461547851562 1775.3515625
177.84726303030303 695.821533203125 1775.412353515625
177.88059272727273 695.917724609375 1775.4654541015625
178.41386787878787 692.3004760742188 1749.087646484375
180.2136715151515 369.5639343261719 122.52257537841797
180.2803309090909 352.0251770019531 116.1549072265625
180.41364969696969 309.7791748046875 143.80148315429688
180.4469793939394 302.3379821777344 152.81300354003906
180.4803090909091 295.54815673828125 164.13906860351562
186.67963272727272 874.7908325195312 1432.0941162109375
186.9129406060606 904.0923461914062 1405.97509765625
186.9796 906.0455322265625 1403.380859375
187.04625939393938 909.2810668945312 1398.6102294921875
187.11291878787878 912.7355346679688 1395.43408203125
187.14624848484848 914.48486328125 1394.2685546875
187.1795781818182 915.3473510742188 1394.5892333984375
187.21290787878786 915.3896484375 1395.202392578125
187.24623757575756 918.2684936523438 1399.7060546875
187.27956727272726 914.8295288085938 1397.99462890625
187.47954545454544 912.282958984375 1400.7313232421875
187.51287515151515 913.22216796875 1398.857666015625
187.54620484848485 913.8494262695312 1397.4881591796875
187.57953454545455 914.301025390625 1395.204345703125
187.61286424242425 915.2018432617188 1393.2520751953125
187.64619393939392 916.2293701171875 1391.7840576171875
187.77951272727273 919.8538818359375 1385.529296875
187.81284242424243 920.9208374023438 1384.0390625
187.8461721212121 921.7831420898438 1382.9864501953125
187.8795018181818 924.6720581054688 1384.74853515625
187.9794909090909 924.9837036132812 1378.7952880859375
188.01282060606061 925.5946655273438 1377.7144775390625
188.0461503030303 926.4017944335938 1376.6014404296875
188.07948 926.9165649414062 1376.283447265625
188.34611757575757 929.70849609375 1371.6507568359375
188.41277696969698 930.0734252929688 1370.9466552734375
188.54609575757576 933.7044067382812 1372.067138671875
188.57942545454546 931.4456176757812 1369.1065673828125
188.61275515151516 931.748779296875 1368.642822265625
188.64608484848483 931.9732666015625 1368.5631103515625
188.67941454545453 932.4393920898438 1368.804931640625
188.71274424242424 934.9443969726562 1370.97705078125
188.74607393939394 932.7544555664062 1367.9696044921875
188.77940363636364 932.7880249023438 1367.7301025390625
188.81273333333334 932.8120727539062 1367.638671875
188.84606303030301 932.8811645507812 1367.3446044921875
188.87939272727272 932.7984008789062 1367.2904052734375
188.91272242424242 932.8295288085938 1367.151611328125
188.97938181818182 933.1233520507812 1367.25341796875
189.2126896969697 933.4036254882812 1366.686279296875
189.31267878787878 933.46435546875 1366.5250244140625
189.34600848484848 933.481201171875 1366.5499267578125
189.37933818181818 933.49658203125 1366.484130859375
189.4126678787879 933.5186767578125 1366.463134765625
189.44599757575756 933.505615234375 1366.43115234375
189.47932727272726 933.550537109375 1366.552734375
189.51265696969696 933.5487670898438 1366.5550537109375
189.54598666666666 933.5451049804688 1366.511962890625
189.57931636363637 933.55859375 1366.509033203125
189.61264606060607 933.60888671875 1366.5186767578125
189.64597575757574 933.6004638671875 1366.50244140625
189.67930545454544 933.6204833984375 1366.516357421875
189.71263515151514 933.6123657226562 1366.5087890625
189.74596484848485 933.6466674804688 1366.471923828125
189.77929454545455 933.7039794921875 1366.427734375
189.81262424242425 933.7212524414062 1366.5120849609375
189.84595393939392 933.744140625 1366.5263671875
189.91261333333333 933.7119140625 1366.4873046875
189.94594303030303 933.8267822265625 1366.6234130859375
189.97927272727273 933.9667358398438 1366.6004638671875
190.01260242424243 933.8680419921875 1366.9730224609375
190.0459321212121 933.8959350585938 1366.976318359375
190.0792618181818 934.0158081054688 1366.9285888671875
190.1459212121212 934.0701293945312 1366.908447265625
190.1792509090909 934.0867919921875 1366.9056396484375
190.2125806060606 934.1351318359375 1366.98681640625
190.24591030303029 934.20751953125 1367.0126953125
190.27924 934.2481689453125 1367.11572265625
190.3125696969697 934.3602905273438 1367.1080322265625
190.3458993939394 934.338134765625 1367.0992431640625
190.3792290909091 934.3626708984375 1367.0511474609375
190.4125587878788 934.4437866210938 1367.0777587890625
190.44588848484847 934.4899291992188 1367.060791015625
190.47921818181817 934.49072265625 1367.1031494140625
190.51254787878787 934.567138671875 1367.073974609375
190.54587757575757 934.599853515625 1367.015869140625
190.57920727272727 934.6812744140625 1367.2169189453125
190.61253696969698 934.6907348632812 1367.19482421875
190.64586666666665 934.8021240234375 1367.268798828125
190.67919636363635 934.8863525390625 1367.0972900390625
190.71252606060605 934.931640625 1367.1854248046875
190.74585575757575 934.9635009765625 1367.1998291015625
190.77918545454546 935.00146484375 1367.248046875
190.81251515151516 935.0245971679688 1367.14697265625
190.84584484848483 935.0192260742188 1367.151611328125
190.87917454545453 935.0277099609375 1367.1273193359375
190.91250424242423 935.0263061523438 1367.11328125
190.94583393939394 935.0464477539062 1367.0623779296875
190.97916363636364 935.0570068359375 1367.049560546875
191.01249333333334 935.052734375 1367.041259765625
191.045823030303 935.0577392578125 1367.07568359375
191.0791527272727 935.0529174804688 1367.1064453125
191.11248242424242 935.0515747070312 1367.128173828125
191.14581212121212 935.039794921875 1367.0489501953125
191.17914181818182 935.0558471679688 1366.9993896484375
191.21247151515152 935.0249633789062 1366.99267578125
191.2458012121212 935.0234985351562 1366.995361328125
191.2791309090909 935.0648803710938 1367.003173828125
191.3124606060606 935.00390625 1367.103759765625
191.3457903030303 935.0021362304688 1367.096923828125
191.37912 935.0238037109375 1367.1351318359375
191.4124496969697 935.0902709960938 1367.010498046875
191.44577939393938 934.9690551757812 1367.106201171875
191.47910909090908 935.0828857421875 1367.0977783203125
191.51243878787878 935.1018676757812 1367.0567626953125
191.54576848484848 935.0988159179688 1367.083984375
191.57909818181818 935.1199951171875 1367.1060791015625
191.61242787878788 934.9736328125 1367.2415771484375
191.64575757575756 934.968017578125 1367.250244140625
191.67908727272726 934.957763671875 1367.2430419921875
191.71241696969696 934.9482421875 1367.262451171875
191.74574666666666 934.9488525390625 1367.261474609375
191.77907636363636 935.0751342773438 1367.1895751953125
191.81240606060607 935.049560546875 1367.200439453125
191.84573575757574 935.0073852539062 1367.1331787109375
191.87906545454544 935.0094604492188 1367.1160888671875
191.91239515151514 935.0089721679688 1367.1329345703125
191.94572484848484 935.0044555664062 1367.1357421875
191.97905454545455 935.0 1367.180419921875
192.01238424242425 935.0078735351562 1367.1466064453125
192.04571393939392 935.01611328125 1367.174072265625
192.07904363636362 935.0151977539062 1367.1729736328125
192.11237333333332 935.0020751953125 1367.1541748046875
192.14570303030303 935.0020751953125 1367.1541748046875
192.17903272727273 935.0020751953125 1367.1541748046875
192.21236242424243 935.0093383789062 1367.151123046875
192.24569212121213 934.9928588867188 1367.108642578125
192.2790218181818 934.9979858398438 1367.1207275390625
192.3123515151515 934.9879760742188 1367.109619140625
192.3456812121212 934.9876708984375 1367.109619140625
