1.6330573415961072 580.5076293945312 -82.78551483154297
1.8330235466895082 579.8556518554688 -94.03844451904297
1.9996620509340088 560.288818359375 -105.14337158203125
2.4662498628186107 476.1043395996094 -159.88818359375
2.5995606662142117 469.9007263183594 -168.96185302734375
3.799357896774617 553.122802734375 -204.27403259277344
3.9993241018680177 559.3943481445312 -193.71987915039062
11.56471219456835 355.47442626953125 -161.8985595703125
35.227379797287455 534.5031127929688 -168.5680694580078
36.46050472869676 561.164306640625 -150.49371337890625
38.360183677084066 446.3716735839844 -194.77198791503906
39.260031600004375 441.40802001953125 -185.62486267089844
39.293359300853275 441.5401306152344 -185.1608123779297
40.65979503565818 427.9118957519531 -173.4772491455078
40.89308894160048 428.5829162597656 -170.01368713378906
41.29302135178728 396.8335266113281 -173.97604370117188
41.35967675348508 392.5545349121094 -176.05189514160156
41.426332155182884 391.3675231933594 -177.3365478515625
41.559642958578486 385.93731689453125 -182.14614868164062
41.59297065942739 385.5650634765625 -183.74685668945312
41.62629836027629 385.1668701171875 -184.3540802001953
41.99290306961419 366.0416259765625 -185.89376831054688
42.59280168489439 361.0276184082031 -182.76377868652344
42.95940639423229 360.8061218261719 -182.4619598388672
43.09271719762789 366.7446594238281 -183.33607482910156
45.5589670604465 385.1991882324219 -167.92498779296875
45.5922947612954 386.2355651855469 -165.2464599609375
45.858916368086604 374.7793273925781 -150.83038330078125
45.892244068935504 374.7152404785156 -148.6252899169922
46.6254534876113 356.60394287109375 -143.76983642578125
46.792091991855806 361.68194580078125 -155.32904052734375
48.32516623090521 397.87603759765625 -176.1944580078125
48.591787837696415 387.20819091796875 -135.7396240234375
49.75825736740792 376.5753173828125 -113.94880676269531
49.85824046995462 376.4039001464844 -118.4098129272461
49.99155127335022 369.48809814453125 -128.8083953857422
50.25817288014142 375.0648193359375 -141.03712463378906
53.29099365739133 494.4833679199219 -141.50814819335938
67.9551820309074 511.0911865234375 -215.3377227783203
75.52057012360774 531.077880859375 -166.37632751464844
75.92050253379453 502.57867431640625 -152.05758666992188
76.68703965331923 446.5708923339844 -132.03439331054688
76.88700585841264 441.53857421875 -126.49555206298828
78.02014768727524 354.75067138671875 -106.55269622802734
78.12013078982194 352.2289123535156 -106.07903289794922
78.42008009746205 357.7159729003906 -124.38561248779297
78.48673549915985 356.9465026855469 -130.2432861328125
78.72002940510215 349.92730712890625 -154.0562744140625
78.75335710595105 350.0216064453125 -156.44166564941406
86.75200530968708 659.3143310546875 -118.72978973388672
87.68518093345628 653.8700561523438 -86.94689178466797
88.25175184788759 635.8470458984375 -103.53767395019531
110.18137900646389 440.9737243652344 -157.90757751464844
110.31468980985949 441.02557373046875 -163.13563537597656
110.7479499208952 458.80548095703125 -161.53269958496094
110.814605322593 458.765869140625 -163.2020263671875
110.84793302344188 458.92620849609375 -165.47386169433594
110.88126072429078 458.3721923828125 -166.8057861328125
111.11455463023309 458.2225646972656 -173.0654296875
111.38117623702429 476.41314697265625 -174.92926025390625
115.2805172363456 447.6069030761719 -191.35643005371094
116.18036515926592 409.2843322753906 -172.6705780029297
116.24702056096372 404.3641662597656 -169.3805694580078
116.48031446690601 399.55902099609375 -151.3091583251953
116.51364216775491 399.5085144042969 -149.40625
117.61345629576861 370.5809631347656 -164.03695678710938
118.11337180850212 393.7200012207031 -166.01010131835938
118.37999341529333 398.05615234375 -172.6710205078125
118.41332111614223 398.4813537597656 -173.00897216796875
121.87940200442783 488.01904296875 -151.21229553222656
125.17884438846895 500.4638671875 -146.27964782714844
129.74473940476827 500.6512756347656 -141.39508056640625
131.91103995994678 367.0611877441406 -182.68138122558594
132.04435076334238 361.54864501953125 -181.90525817871094
132.07767846419128 361.0585021972656 -182.26551818847656
132.24431696843578 354.81634521484375 -171.6451873779297
132.31097237013358 349.6412658691406 -167.10899353027344
132.4442831735292 343.5279846191406 -160.3811492919922
132.4776108743781 343.0041809082031 -160.18777465820312
132.6442493786226 343.0946350097656 -158.11868286132812
133.0108540879605 338.1423034667969 -151.62965393066406
133.0441817888094 337.9768981933594 -148.47215270996094
133.0775094896583 337.38751220703125 -146.69615173339844
134.01068511342748 333.15313720703125 -120.42606353759766
134.4439452244632 352.51336669921875 -114.99861907958984
134.5439283270099 352.87603759765625 -112.35710144042969
135.510431651628 400.39208984375 -107.98629760742188
137.2767997966197 483.4896545410156 -131.97718811035156
137.71005990765542 471.5340576171875 -147.7129364013672
137.81004301020212 470.9708557128906 -152.095458984375
137.84337071105102 470.68896484375 -154.306884765625
137.8766984118999 470.3229675292969 -155.2039031982422
137.9100261127488 470.5889587402344 -155.83531188964844
137.9433538135977 470.6489562988281 -156.7835693359375
137.9766815144466 470.49322509765625 -157.74581909179688
138.0100092152955 471.6495056152344 -159.85134887695312
138.17664771954 464.4499816894531 -163.99534606933594
138.3766139246334 458.227294921875 -167.85714721679688
138.4099416254823 458.39044189453125 -168.5705108642578
138.6765632322735 453.6134338378906 -175.12709045410156
138.7098909331224 452.5097961425781 -175.82891845703125
138.7432186339713 452.21197509765625 -176.38380432128906
138.8765294373669 447.2996826171875 -175.45985412597656
138.9098571382158 447.51226806640625 -175.0110626220703
139.00984024076251 440.4314880371094 -175.53353881835938
139.04316794161142 440.3082580566406 -175.02003479003906
139.37644495010042 434.4062805175781 -173.9071502685547
139.40977265094932 434.22381591796875 -173.85720825195312
139.44310035179822 434.2557373046875 -173.36668395996094
139.60973885604272 429.1073913574219 -170.6748504638672
139.70972195858943 422.78778076171875 -168.27500915527344
139.97634356538063 416.6488342285156 -166.4954376220703
140.00967126622953 417.5708923339844 -164.7834930419922
140.3429482747185 404.6565856933594 -161.6726837158203
140.67622528320751 393.1795959472656 -151.40939331054688
141.20946849678992 375.58331298828125 -136.6509552001953
160.3728964849075 284.877685546875 -119.677490234375
167.23840285978093 672.3673706054688 55.182430267333984
167.73831837251444 732.961181640625 100.97111511230469
183.3690100706486 240.03729248046875 -149.69122314453125
