0.19996983097289156 970.3228149414062 1283.48193359375
0.23329813613504016 967.6105346679688 1281.58837890625
0.26662644129718877 967.6206665039062 1281.4693603515625
0.29995474645933734 969.6574096679688 1282.5675048828125
0.3332830516214859 969.7222900390625 1280.6934814453125
0.36661135678363455 967.1212768554688 1278.9534912109375
0.3999396619457831 967.0482788085938 1278.192138671875
0.4332679671079317 967.1807861328125 1277.2279052734375
0.6332377980808233 968.9172973632812 1272.709716796875
0.6998944084051205 966.5462036132812 1269.286376953125
1.066505765188755 959.0599365234375 1280.2083740234375
1.0998340703509035 958.4418334960938 1282.02880859375
1.1331623755130522 958.1836547851562 1284.73974609375
1.2998039013237952 961.8517456054688 1291.8175048828125
1.3331322064859437 962.5048217773438 1291.989501953125
1.5331020374588353 965.515380859375 1298.224365234375
1.6330869529452812 964.7391357421875 1303.3731689453125
1.8330567839181726 955.2153930664062 1320.725830078125
1.8663850890803213 955.5928955078125 1323.4212646484375
1.8997133942424698 954.7056884765625 1326.501708984375
1.9330416994046185 953.520263671875 1328.3519287109375
2.0330266148910643 954.1024780273438 1335.49853515625
2.0663549200532128 954.4954223632812 1337.5115966796875
2.099683225215361 955.1910400390625 1339.761474609375
2.13301153037751 956.29443359375 1342.8726806640625
2.1663398355396586 956.555908203125 1343.0244140625
2.232996445863956 963.1278686523438 1351.8779296875
2.3663096665125503 970.0294799804688 1370.8612060546875
2.866234243944779 1008.6677856445312 1351.9822998046875
2.9995474645933733 1026.57470703125 1315.9835205078125
3.099532380079819 1039.677978515625 1278.416015625
3.199517295566265 1047.50048828125 1228.8173828125
3.2328456007284134 1048.6937255859375 1213.69580078125
3.3994871265391566 1053.177001953125 1134.4993896484375
3.432815431701305 1053.8072509765625 1118.7342529296875
3.4661437368634536 1052.26708984375 1100.9765625
6.932287473726907 1267.5972900390625 1959.0179443359375
9.098627309266567 216.8026123046875 1084.995849609375
9.49856697121235 217.456787109375 1148.1634521484375
9.598551886698795 223.18777465820312 1161.79296875
10.398431210590362 372.6727294921875 1168.582763671875
27.929119725880522 319.4617919921875 1240.1085205078125
34.09485618087801 859.415283203125 680.6490478515625
34.161512791202306 849.2364501953125 647.6428833007812
34.22816940152661 842.6142578125 617.6851806640625
34.26149770668876 836.9077758789062 607.6341552734375
34.2948260118509 835.1920166015625 599.4992065429688
34.32815431701305 833.9102783203125 592.8082275390625
34.3614826221752 832.3051147460938 588.740234375
34.394810927337346 830.2393798828125 587.9153442382812
34.4281392324995 828.8618774414062 586.8407592773438
34.46146753766165 827.1715087890625 585.8995971679688
34.52812414798594 834.6786499023438 585.67529296875
34.56145245314809 838.71240234375 586.0263061523438
34.59478075831024 843.4740600585938 587.5081176757812
34.62810906347239 848.36376953125 586.637939453125
34.66143736863454 853.1419067382812 586.3369140625
34.69476567379669 859.55908203125 585.28173828125
34.76142228412098 868.135009765625 580.830078125
34.82807889444528 873.358154296875 578.3223876953125
34.86140719960743 873.8588256835938 572.9187622070312
34.89473550476958 876.633056640625 565.8074340820312
34.96139211509387 882.6693725585938 550.2582397460938
35.16136194606677 894.0781860351562 618.9000854492188
35.19469025122891 891.8392333984375 636.2212524414062
35.261346861553214 885.516845703125 673.1981201171875
64.92353845586545 262.17584228515625 308.8505554199219
64.99019506618976 250.535888671875 315.20574951171875
65.19016489716265 213.30711364746094 342.0644226074219
65.2234932023248 212.4451904296875 344.4767761230469
65.29014981264909 211.20533752441406 347.2213439941406
65.32347811781125 208.94580078125 348.7064514160156
65.35680642297339 208.8576202392578 348.7182312011719
65.49011964362198 210.15191650390625 338.955322265625
65.52344794878414 211.6514434814453 333.52056884765625
65.55677625394628 213.09054565429688 327.551025390625
65.62343286427058 212.81787109375 316.0503234863281
65.65676116943273 210.89564514160156 310.25860595703125
65.69008947459488 207.62945556640625 305.63958740234375
65.72341777975703 200.91714477539062 301.302734375
65.92338761072992 132.1122589111328 276.7290954589844
65.95671591589206 124.61141204833984 277.9242858886719
66.02337252621636 114.47064208984375 285.2200012207031
66.09002913654066 99.06710052490234 308.023681640625
80.7211551027239 1011.6290283203125 176.9446563720703
80.75448340788604 1011.5921020507812 176.96554565429688
80.78781171304819 1014.0294799804688 177.59942626953125
81.02110984918323 1034.7283935546875 213.2867889404297
81.08776645950753 1042.55517578125 232.657958984375
90.95294478750351 898.2445678710938 1579.3062744140625
91.85280902688153 1047.992919921875 929.4454345703125
92.28607699398945 994.8289184570312 611.0299072265625
92.3194052991516 988.8858032226562 592.649169921875
92.61936004561095 984.9524536132812 383.2994689941406
92.65268835077309 988.6660766601562 365.264404296875
94.28577530371837 1140.921875 590.5023803710938
94.55240174501556 1157.55712890625 649.4679565429688
96.11883208763655 740.3715209960938 1260.4378662109375
107.15050109630772 829.3121948242188 654.0108642578125
107.41712753760491 827.374755859375 637.8952026367188
107.45045584276707 826.5410766601562 632.0567016601562
107.48378414792921 825.4136962890625 626.8059692382812
107.58376906341566 819.7349243164062 623.279052734375
107.6170973685778 818.535400390625 625.5419921875
107.65042567373996 818.3870239257812 631.3599243164062
107.6837539789021 819.8201293945312 639.6925659179688
107.71708228406425 820.9578247070312 651.5817260742188
107.7504105892264 822.7962646484375 667.7091064453125
114.71602636811546 983.2622680664062 1063.0682373046875
114.81601128360191 969.9690551757812 1030.5936279296875
134.9129792963775 983.8740844726562 737.828857421875
134.94630760153964 982.2208251953125 728.2039794921875
134.97963590670182 983.0071411132812 718.9148559570312
135.01296421186396 986.45263671875 710.9850463867188
135.07962082218825 996.4214477539062 694.6950073242188
135.1129491273504 1002.2160034179688 690.6324462890625
135.34624726348545 1024.0440673828125 670.4144287109375
135.41290387380974 1028.9744873046875 655.2506103515625
135.51288878929617 1027.5631103515625 646.1859741210938
135.71285862026906 1036.586181640625 631.665283203125
135.74618692543123 1036.9794921875 628.7698364257812
135.8795001460798 1044.0006103515625 646.2322998046875
136.5460662493228 1060.2755126953125 1255.9171142578125
136.61272285964708 1056.44287109375 1285.7872314453125
136.64605116480922 1050.79296875 1297.34423828125
136.97933421643071 958.2857055664062 1369.200927734375
137.11264743707932 965.1091918945312 1406.3662109375
143.61166694369828 419.43585205078125 551.5720825195312
143.64499524886043 416.20684814453125 537.0186767578125
143.6783235540226 411.6659851074219 525.677734375
143.71165185918474 408.67840576171875 518.6038208007812
143.74498016434688 403.74371337890625 515.1676635742188
143.81163677467117 393.37152099609375 513.4650268554688
143.84496507983332 390.9725341796875 511.8352966308594
143.8782933849955 390.453125 512.2259521484375
143.97827830048192 392.203369140625 510.1376953125
144.01160660564406 393.6099548339844 507.176513671875
144.04493491080623 392.16595458984375 504.2189025878906
144.14491982629266 384.5255126953125 495.3119201660156
144.1782481314548 373.3108215332031 497.56951904296875
144.24490474177912 356.4275817871094 506.1168518066406
144.27823304694127 348.5139465332031 512.3594970703125
144.3115613521034 341.479736328125 520.6809692382812
144.3782179624277 323.6426696777344 544.0266723632812
162.4088310551501 596.2061767578125 935.9832153320312
164.17523122874397 258.0294494628906 2035.6644287109375
169.70772988566063 1079.1234130859375 1101.9014892578125
170.50760920955221 1157.0830078125 730.3406982421875
173.20720192768624 288.3941955566406 1315.888427734375
173.30718684317267 273.1136779785156 1292.22412109375
173.34051514833484 268.1282653808594 1285.6614990234375
173.373843453497 261.2607116699219 1281.64404296875
173.70712650511848 204.06683349609375 1299.99755859375
187.87165619903163 1191.1392822265625 1858.4345703125
188.0049694196802 1163.873046875 1805.335205078125
188.03829772484235 1158.9293212890625 1793.67431640625
188.37158077646384 1084.4036865234375 1684.1434326171875
188.43823738678816 1062.865478515625 1666.8887939453125
188.8048487435718 960.2362670898438 1605.4532470703125
188.83817704873394 958.1443481445312 1605.3880615234375
188.87150535389608 957.5546264648438 1605.203369140625
188.90483365905823 961.4668579101562 1607.130126953125
188.93816196422037 961.9801635742188 1607.44287109375
188.9714902693825 967.6004028320312 1607.3330078125
