4.865888069986219 123.22335052490234 -20.660621643066406
5.399136077655941 168.12200927734375 -63.32463073730469
5.899056084846306 181.8114471435547 -95.6271743774414
5.965712085805022 187.72695922851562 -96.91790008544922
6.532288093954102 251.94503784179688 -126.98518371582031
6.732256096830247 264.9856262207031 -149.00982666015625
16.897296243034333 322.55950927734375 -304.33245849609375
17.163920246869196 347.3604431152344 -293.2853698730469
18.13043226077057 378.93377685546875 -268.0907897949219
18.163760261249926 379.1823425292969 -267.32086181640625
21.296592306309545 496.74505615234375 -266.58001708984375
22.39641632212835 521.4943237304688 -217.18093872070312
23.36292833602972 265.4915466308594 -236.78536987304688
23.39625633650908 264.2374572753906 -235.89801025390625
23.596224339385223 265.2572021484375 -225.8973846435547
23.62955233986458 265.6689758300781 -225.01800537109375
23.79619234226137 271.44097900390625 -224.28750610351562
23.9295043441788 283.41888427734375 -223.90679931640625
24.62939235424531 353.60589599609375 -259.1296081542969
26.129152375816407 358.8595886230469 -292.4156188964844
26.762384384924204 460.6943664550781 -272.30352783203125
27.49560039547007 465.9625244140625 -279.14642333984375
27.795552399784288 430.7488708496094 -289.0917663574219
28.36212840793337 413.1434020996094 -292.52825927734375
28.695408412726945 396.9954528808594 -301.8821105957031
28.862048415123734 380.3548889160156 -307.9186706542969
28.895376415603092 379.35650634765625 -308.03961181640625
28.995360417041166 373.6549377441406 -307.1773986816406
29.06201641799988 367.65032958984375 -306.09014892578125
29.32864042183474 325.349365234375 -303.5203857421875
29.428624423272815 312.6029968261719 -302.7518005371094
29.79523242854575 281.91485595703125 -294.7627868652344
31.79491245730721 311.75787353515625 -285.6260681152344
32.09486446162143 305.7444152832031 -285.21881103515625
32.128192462100785 305.2555847167969 -284.02593994140625
33.39465648031638 243.40457153320312 -277.0625
34.06121648990353 223.34571838378906 -254.15469360351562
34.69444849901132 287.5575866699219 -246.9182586669922
34.89441650188747 294.5470275878906 -252.0435028076172
35.06105650428426 299.5591735839844 -262.32208251953125
35.16104050572233 305.2940979003906 -266.2865905761719
35.4276645095572 323.8563537597656 -277.2777099609375
38.22721654982324 437.701904296875 -256.6315002441406
38.32720055126131 431.225830078125 -263.0333557128906
38.660480556054885 430.7904357910156 -278.4951477050781
38.993760560848465 470.6112365722656 -322.702880859375
39.09374456228654 475.7131042480469 -332.81622314453125
39.160400563245254 476.7178649902344 -333.39111328125
39.89361657379112 386.1773376464844 -346.2982482910156
41.093424591048 163.44931030273438 -216.11988830566406
41.12675259152736 157.70497131347656 -214.25962829589844
41.160080592006715 151.3280487060547 -210.98394775390625
41.22673659296542 144.93112182617188 -205.939453125
48.02564869075439 502.9125061035156 -261.902099609375
48.392256696027324 507.5724792480469 -266.3377685546875
48.75886470130026 509.04534912109375 -275.3673095703125
48.85884870273833 507.55999755859375 -273.9236145019531
48.892176703217686 508.6288757324219 -273.8536376953125
49.225456708011265 490.78564453125 -274.418701171875
49.692048714722276 448.7082214355469 -282.3562927246094
49.725376715201634 449.20855712890625 -282.0089416503906
50.32528072383007 441.9542236328125 -292.6283264160156
50.49192072622686 447.760009765625 -296.54315185546875
51.058496734375936 517.9551391601562 -289.9557189941406
51.15848073581401 523.7277221679688 -284.7920837402344
51.3251207382108 529.5390625 -275.8410339355469
51.49176074060759 529.9903564453125 -274.9112854003906
51.62507274252502 523.9351196289062 -278.2606506347656
52.02500874827731 459.6326599121094 -270.4263916015625
52.82488075978189 359.10382080078125 -255.90115356445312
52.95819276169932 353.1600341796875 -248.83309936523438
53.258144766013544 347.3831787109375 -242.6614990234375
53.45811276888969 347.7673645019531 -242.35821533203125
54.05801677751813 352.8742370605469 -258.8980407714844
54.624592785667204 351.9576721191406 -267.8771667480469
54.85788878902271 358.4678039550781 -269.1218566894531
54.89121678950207 358.37823486328125 -269.23468017578125
55.35780879621308 363.66888427734375 -281.0660705566406
56.091024806758945 369.1427917480469 -302.1063537597656
56.1243528072383 365.7392272949219 -301.1285705566406
56.29099280963509 369.4232177734375 -296.83154296875
56.32432081011445 369.7547607421875 -296.636962890625
56.457632812031875 369.7665710449219 -297.024658203125
56.924224818742886 368.9955139160156 -302.5644226074219
57.15752082209839 368.9434509277344 -298.6405334472656
57.19084882257775 369.22906494140625 -298.44561767578125
57.22417682305711 369.12310791015625 -298.5534973144531
57.39081682545389 357.4453125 -300.0796813964844
57.52412882737132 351.3298034667969 -301.3273010253906
57.790752831206184 333.9231872558594 -296.593017578125
57.82408083168554 332.9695739746094 -296.379150390625
57.957392833602974 327.6295471191406 -293.5063781738281
58.05737683504105 321.8014221191406 -289.77099609375
58.12403283599976 315.53375244140625 -289.11053466796875
58.257344837917195 309.1423645019531 -289.0091857910156
58.290672838396546 308.3759460449219 -290.3627624511719
58.324000838875904 308.29937744140625 -289.5633544921875
58.457312840793335 303.369384765625 -285.9753723144531
58.49064084127269 303.6893310546875 -284.7631530761719
58.52396884175205 303.4759826660156 -286.6431884765625
58.55729684223141 303.6806945800781 -286.84698486328125
58.59062484271077 303.9242248535156 -285.8990478515625
58.89057684702499 303.3365478515625 -278.50341796875
58.923904847504346 300.0741882324219 -281.4203186035156
59.123872850380494 297.4935302734375 -278.6139221191406
59.15720085085985 297.4012145996094 -278.05029296875
59.19052885133921 296.6029357910156 -277.6407775878906
59.323840853256634 288.5610656738281 -284.7836608886719
59.52380885613278 285.10479736328125 -278.9438171386719
59.55713685661214 281.65936279296875 -279.0906066894531
59.72377685900893 273.3665466308594 -274.64825439453125
59.75710485948829 272.8954162597656 -275.0434265136719
59.790432859967645 270.0640869140625 -275.4648132324219
60.19036886571993 269.64581298828125 -275.5552062988281
60.22369686619929 273.02471923828125 -272.8038330078125
60.623632871951585 280.301025390625 -269.8430480957031
61.490160884414884 304.89410400390625 -268.568359375
61.69012888729103 311.2128601074219 -270.3803405761719
61.92342489064654 323.7388916015625 -256.8447265625
62.156720894002035 336.3688049316406 -250.765625
62.72329690215112 384.990966796875 -260.70880126953125
62.789952903109835 385.4761657714844 -262.1767272949219
62.82328090358919 384.1357727050781 -262.24407958984375
62.88993690454791 385.4412841796875 -262.3218078613281
62.92326490502727 385.4405822753906 -262.4004211425781
62.956592905506625 385.43658447265625 -262.3895568847656
62.98992090598598 385.3265686035156 -262.5541687011719
63.023248906465334 383.9234924316406 -263.2749328613281
63.05657690694469 383.9463195800781 -264.51361083984375
63.58982491461442 365.5795593261719 -278.41571044921875
63.82312091796992 359.382568359375 -280.87078857421875
63.85644891844928 359.6642150878906 -282.4354553222656
63.88977691892864 359.58636474609375 -283.12939453125
64.05641692132542 360.5832214355469 -284.80859375
64.58966492899515 366.5726013183594 -289.4228210449219
65.38953694049972 371.3780822753906 -279.7821960449219
65.75614494577266 371.2155456542969 -284.9820861816406
66.02276894960752 359.0268859863281 -291.8524475097656
66.3560489544011 365.062255859375 -300.71038818359375
66.48936095631854 370.9712829589844 -301.28448486328125
66.58934495775661 371.5846862792969 -304.1209411621094
66.65600095871532 370.64013671875 -304.731689453125
66.7559849601534 370.602783203125 -305.81396484375
66.82264096111211 371.2081604003906 -306.6627197265625
67.12259296542634 376.5652160644531 -311.7955017089844
67.4558729702199 388.3460998535156 -312.1714172363281
67.55585697165797 395.1869201660156 -309.0083923339844
67.58918497213733 395.1004638671875 -308.42694091796875
67.78915297501348 404.5537414550781 -299.7570495605469
67.82248097549284 407.18670654296875 -297.40350341796875
67.88913697645155 413.4097900390625 -295.5736389160156
67.95579297741027 419.3455810546875 -291.9420166015625
68.22241698124513 438.3172912597656 -282.2379455566406
68.35572898316256 437.62628173828125 -277.5375061035156
68.38905698364192 437.5562438964844 -276.0071105957031
68.48904098508 437.1493835449219 -274.0132141113281
68.65568098747679 431.4288330078125 -275.86370849609375
68.68900898795614 431.3704833984375 -276.3155822753906
68.7223369884355 432.29266357421875 -276.0214538574219
68.75566498891486 431.69879150390625 -275.8782043457031
69.15560099466715 388.0160827636719 -274.7084045410156
69.45555299898136 342.5491943359375 -295.3139343261719
69.52220899994008 337.1399230957031 -295.7276916503906
69.72217700281622 313.9460754394531 -280.5558166503906
69.92214500569237 283.10125732421875 -277.3885498046875
71.3885770267841 298.6181945800781 -272.5232849121094
71.42190502726346 298.60247802734375 -271.9327697753906
73.08830505123134 357.3861389160156 -292.62420654296875
73.22161705314878 353.5749816894531 -293.2410888671875
73.25494505362813 353.4393615722656 -292.4240417480469
73.38825705554557 356.9786071777344 -293.91900634765625
73.58822505842171 359.38262939453125 -293.23260498046875
73.62155305890107 359.3603820800781 -293.6724853515625
73.95483306369465 365.5870361328125 -292.3677978515625
73.98816106417401 364.0954284667969 -293.603271484375
74.28811306848823 384.0362548828125 -285.6539306640625
75.28795308286895 395.506103515625 -282.8104553222656
75.62123308766253 383.90155029296875 -285.56744384765625
75.95451309245611 378.58282470703125 -287.61712646484375
76.45443309964648 365.2225341796875 -294.8000183105469
76.55441710108455 365.2106628417969 -296.05023193359375
76.95435310683683 345.00885009765625 -303.55902099609375
77.28763311163041 333.56634521484375 -305.8404541015625
77.42094511354784 329.13201904296875 -302.6653747558594
77.75422511834142 308.8426818847656 -305.3431701660156
79.15400113847444 365.23052978515625 -287.5588073730469
79.65392114566481 383.5350036621094 -285.42437744140625
80.4537931571694 413.8379211425781 -277.2801208496094
80.9203851638804 413.1690368652344 -275.6576843261719
81.32032116963269 401.46173095703125 -275.8874816894531
81.95355317874049 365.6546325683594 -287.6564636230469
82.55345718736892 371.59393310546875 -298.36199951171875
83.32000119839415 400.05078125 -307.7972412109375
83.55329720174966 406.2421875 -308.8846435546875
83.58662520222902 407.7125244140625 -307.9795837402344
83.68660920366709 406.694580078125 -309.4285888671875
83.9199052070226 401.256103515625 -304.0600891113281
84.88641722092396 315.4150695800781 -286.09027099609375
85.38633722811433 272.59454345703125 -270.8914794921875
86.25286524057762 330.63995361328125 -262.1089782714844
86.5861452453712 314.703125 -294.6778869628906
87.05273725208221 292.732666015625 -305.9297790527344
87.08606525256157 290.8084716796875 -307.4809875488281
87.11939325304093 290.1287536621094 -307.7291564941406
87.4526732578345 292.0780334472656 -307.02490234375
87.55265725927258 292.938720703125 -306.9216613769531
87.58598525975194 292.7608947753906 -307.08026123046875
87.68596926119001 289.5747375488281 -313.22662353515625
87.75262526214873 290.0786437988281 -313.6365051269531
87.78595326262808 291.95361328125 -313.072509765625
87.81928126310744 291.9228820800781 -313.3220520019531
87.88593726406616 291.40447998046875 -312.83831787109375
87.95259326502487 292.6927185058594 -310.19073486328125
87.98592126550423 292.2883605957031 -309.2649841308594
88.01924926598359 289.9616394042969 -311.04095458984375
88.3192012702978 296.1250305175781 -305.50054931640625
88.45251327221523 293.2879333496094 -305.5867614746094
88.61915327461202 286.74420166015625 -303.1124572753906
88.88577727844688 274.09368896484375 -295.3194580078125
88.91910527892624 274.3503723144531 -295.305908203125
89.51900928755468 293.04296875 -277.9585876464844
89.95227329378633 299.0826110839844 -269.5273132324219
90.01892929474504 293.5196838378906 -272.53948974609375
90.41886530049733 262.0218811035156 -269.3165588378906
90.6854893043322 249.9941864013672 -258.8002014160156
90.98544130864641 231.78074645996094 -254.1865997314453
91.48536131583678 222.58958435058594 -249.19935607910156
91.5520173167955 226.6641845703125 -248.1892852783203
91.65200131823357 222.27490234375 -254.6407012939453
91.98528132302714 212.96420288085938 -254.51480102539062
100.25062544190784 445.5184326171875 -193.12274169921875
109.91574558092157 359.6288146972656 -268.6089782714844
111.31552160105458 492.9838562011719 -265.2899475097656
111.7821136077656 471.1229248046875 -290.26922607421875
111.88209760920367 464.9303283691406 -293.04296875
112.28203361495596 459.9492492675781 -298.3347473144531
112.31536161543532 459.4737548828125 -300.2273864746094
112.51532961831147 461.0367736816406 -302.4090576171875
112.58198561927018 458.9922790527344 -304.51776123046875
112.68196962070826 453.39306640625 -304.5105895996094
113.21521762837797 459.33489990234375 -300.8739929199219
113.3485296302954 459.4806213378906 -300.6173095703125
113.38185763077476 459.3839416503906 -301.9061584472656
113.78179363652706 459.0988464355469 -301.0010681152344
114.11507364132063 476.1612548828125 -305.3930969238281
114.24838564323807 481.3105773925781 -311.677001953125
114.28171364371742 482.4829406738281 -312.2130126953125
114.71497764994906 499.32867431640625 -304.7529602050781
114.81496165138714 500.1825866699219 -302.4171447753906
114.98160165378393 487.7447509765625 -305.56463623046875
115.58150566241237 453.77801513671875 -289.8358154296875
124.41342578944214 428.8287353515625 -316.2174377441406
124.88001779615315 405.49700927734375 -300.930419921875
124.91334579663251 405.20196533203125 -299.0742492675781
124.94667379711187 405.7352294921875 -295.78997802734375
124.98000179759123 405.2795104980469 -292.97442626953125
125.01332979807059 405.6002502441406 -289.1808776855469
125.11331379950866 400.5154724121094 -276.9179382324219
125.21329780094673 388.5057678222656 -269.0505676269531
128.57942584936185 414.4837341308594 -261.4320983886719
142.7771540535682 425.40728759765625 -251.75970458984375
144.14360207322187 584.4295043945312 -263.7665710449219
163.24054634789383 535.0877685546875 -154.42947387695312
163.5738263526874 596.1167602539062 -90.11656188964844
169.6395224399305 479.6020812988281 -297.5592956542969
171.07262646054286 503.1217041015625 -301.1629638671875
171.47256246629516 494.92523193359375 -279.2157287597656
176.27179453532267 263.7130432128906 -278.79583740234375
179.20465857750614 268.3550720214844 -231.54803466796875
181.50429061058182 545.2574462890625 -201.4754638671875
181.6042746120199 549.7115478515625 -215.2317657470703
181.63760261249925 549.273193359375 -220.9970245361328
181.67093061297862 548.8084106445312 -225.49917602539062
190.26955473665288 123.2198715209961 -20.59375
190.7361467433639 162.4632110595703 -59.778480529785156
190.8028027443226 168.0450439453125 -62.94499969482422
191.302722751513 181.7938232421875 -95.6690444946289
191.93595476062077 252.23025512695312 -126.99551391601562
192.13592276349692 264.9685363769531 -148.99227905273438
202.300962909701 322.5539855957031 -304.3501281738281
202.56758691353588 347.3625183105469 -293.2297058105469
202.96752291928814 403.5189514160156 -257.51922607421875
203.53409892743724 378.9323425292969 -268.1560974121094
203.56742692791659 379.1810302734375 -267.3255310058594
206.7002589729762 496.89605712890625 -265.2861328125
207.80008298879503 521.4951171875 -217.17002868652344
208.7665950026964 265.4929504394531 -236.80496215820312
208.79992300317573 264.2247314453125 -235.8691864013672
208.99989100605188 265.272705078125 -225.8765869140625
209.03321900653125 265.6619873046875 -224.96710205078125
209.19985900892803 271.4563293457031 -224.31007385253906
210.033059020912 353.689697265625 -259.0574951171875
211.53281904248308 358.8297119140625 -292.3701477050781
212.16605105159087 460.6796569824219 -272.22802734375
212.89926706213674 466.07720947265625 -279.31756591796875
213.06590706453352 443.31915283203125 -283.6820983886719
214.09907507939363 396.7969665527344 -301.9561462402344
214.2657150817904 380.3702697753906 -307.8507385253906
214.29904308226975 379.3639221191406 -308.02984619140625
214.39902708370784 373.66363525390625 -307.13372802734375
214.46568308466655 367.671630859375 -306.0740661621094
214.73230708850141 325.7996520996094 -303.4869079589844
214.83229108993947 312.59857177734375 -302.7328186035156
215.19889909521243 281.966552734375 -295.3419189453125
217.19857912397387 311.70428466796875 -285.5484924316406
218.79832314698305 243.21209716796875 -276.8603820800781
219.4648831565702 224.90554809570312 -252.9775848388672
220.098115165678 287.6961669921875 -246.9278106689453
220.29808316855414 294.6081237792969 -252.1103515625
220.46472317095092 299.4471740722656 -262.48016357421875
220.564707172389 305.25360107421875 -266.32672119140625
220.83133117622387 323.8595275878906 -277.2547607421875
223.6308832164899 437.4862060546875 -256.7117614746094
223.73086721792797 431.2181701660156 -263.03558349609375
223.8641792198454 425.6993408203125 -268.193603515625
224.06414722272154 430.97576904296875 -278.37469482421875
224.39742722751512 470.6198425292969 -322.697021484375
224.4974112289532 475.7106018066406 -332.8192443847656
224.56406722991193 476.76214599609375 -333.33892822265625
225.2972832404578 386.15472412109375 -346.3412780761719
225.36393924141652 381.1243896484375 -336.780029296875
226.49709125771466 163.4443359375 -216.14273071289062
226.53041925819403 157.73829650878906 -214.29202270507812
226.56374725867337 151.31752014160156 -211.00784301757812
226.6304032596321 144.94325256347656 -205.8962860107422
233.42931535742105 502.9294738769531 -261.82012939453125
233.795923362694 507.6075744628906 -266.318115234375
234.16253136796692 509.0021667480469 -275.5472412109375
234.262515369405 507.5327453613281 -273.8597717285156
234.29584336988435 508.69793701171875 -273.85736083984375
234.62912337467793 490.6989440917969 -274.4461669921875
235.12904338186829 449.272705078125 -281.9576416015625
235.72894739049673 441.9550476074219 -292.619873046875
235.7622753909761 442.0742492675781 -293.3848571777344
235.89558739289353 447.77703857421875 -296.563232421875
236.4621634010426 517.9841918945312 -289.9241943359375
236.5621474024807 523.728759765625 -284.7483215332031
236.72878740487747 529.5877075195312 -275.8003234863281
236.89542740727424 529.7378540039062 -275.18182373046875
237.02873940919167 523.9503784179688 -278.1865539550781
237.42867541494397 459.5948486328125 -270.4240417480469
238.16189142548984 363.6764221191406 -260.12896728515625
238.22854742644856 359.10797119140625 -255.9241485595703
238.361859428366 353.23760986328125 -248.76715087890625
238.66181143268022 347.3826599121094 -242.65638732910156
238.86177943555634 347.7433166503906 -242.23744201660156
239.46168344418479 352.9112548828125 -258.9022216796875
240.02825945233388 351.9072265625 -267.7693786621094
240.26155545568938 358.36578369140625 -269.2079162597656
240.29488345616875 358.3255920410156 -269.28533935546875
240.76147546287973 363.747802734375 -281.0601806640625
241.4946914734256 369.13018798828125 -302.2452087402344
241.69465947630175 369.3446960449219 -297.0741882324219
241.72798747678112 369.64569091796875 -296.67401123046875
241.86129947869856 369.7790222167969 -296.9594421386719
242.32789148540957 368.9300231933594 -302.56475830078125
242.5278594882857 368.8211669921875 -298.71484375
242.56118748876506 369.007080078125 -298.48699951171875
242.5945154892444 369.4782409667969 -298.2278747558594
242.62784348972377 369.1556091308594 -298.4329528808594
242.79448349212055 357.4549560546875 -300.1170349121094
242.92779549403798 351.3399658203125 -301.2297058105469
243.19441949787284 333.9001159667969 -296.54913330078125
243.22774749835222 332.8919372558594 -296.35662841796875
243.36105950026965 327.29241943359375 -294.498046875
243.394387500749 327.1385192871094 -293.0728454589844
243.4610435017077 321.6681213378906 -290.3358459472656
243.52769950266642 315.5641784667969 -289.0387878417969
243.66101150458385 309.213623046875 -288.8895263671875
243.69433950506323 308.4427795410156 -290.3555908203125
243.72766750554257 308.29046630859375 -289.5780944824219
243.86097950746 303.3819274902344 -285.935791015625
243.92763550841872 303.4797058105469 -286.667236328125
243.9609635088981 303.58135986328125 -286.809326171875
243.99429150937743 303.95770263671875 -285.82293701171875
244.29424351369167 303.3258056640625 -278.5618591308594
244.52753951704716 297.5052490234375 -278.61981201171875
244.5608675175265 297.37774658203125 -277.99371337890625
244.7275075199233 288.5708312988281 -284.7411193847656
244.92747552279945 285.1264953613281 -278.9177551269531
244.9608035232788 281.67327880859375 -279.0914306640625
245.1274435256756 273.3760070800781 -274.5835876464844
245.16077152615495 273.45684814453125 -276.42938232421875
245.19409952663432 270.16650390625 -275.64080810546875
245.5940355323866 269.6136779785156 -275.54351806640625
245.62736353286596 273.0623779296875 -272.7554931640625
246.02729953861825 280.35284423828125 -269.80120849609375
246.89382755108156 304.9147033691406 -268.6138000488281
247.0937955539577 311.22125244140625 -270.40692138671875
248.12696356881779 385.0081481933594 -261.1015930175781
248.1936195697765 385.4677734375 -262.144287109375
248.22694757025587 384.1386413574219 -262.2115783691406
248.29360357121456 385.4541931152344 -262.3652648925781
248.32693157169393 385.4707946777344 -262.411865234375
248.36025957217328 385.4658203125 -262.4154968261719
248.39358757265265 385.3672790527344 -262.6492614746094
248.426915573132 383.9589538574219 -263.263671875
248.46024357361136 384.08380126953125 -264.5271911621094
248.9934915812811 365.5767822265625 -278.4136657714844
249.22678758463658 359.27752685546875 -280.80706787109375
249.26011558511595 359.7307434082031 -282.32177734375
249.2934435855953 359.58636474609375 -283.1298828125
249.4600835879921 360.3221130371094 -285.4011535644531
249.99333159566183 366.5459289550781 -289.39349365234375
250.7932036071664 371.3609619140625 -279.7956237792969
251.15981161243934 371.2294921875 -284.9228210449219
251.4264356162742 359.03314208984375 -291.8668212890625
251.75971562106778 365.1090393066406 -300.9672546386719
251.89302762298522 370.9533386230469 -301.3076171875
251.99301162442327 371.5716857910156 -304.1522216796875
252.059667625382 370.6863098144531 -304.7625427246094
252.22630762777877 371.19580078125 -306.6686096191406
252.526259632093 376.5655822753906 -311.8054504394531
252.85953963688658 388.33331298828125 -312.17193603515625
252.95952363832464 395.1385803222656 -309.1343994140625
252.992851638804 395.0989074707031 -308.39752197265625
253.29280364311822 413.4627380371094 -295.3892822265625
253.35945964407694 419.3316955566406 -291.94500732421875
253.6260836479118 438.3203430175781 -282.3466491699219
253.6927396488705 437.0016784667969 -280.36370849609375
253.75939564982923 437.61199951171875 -277.47991943359375
253.89270765174666 437.16070556640625 -274.00970458984375
254.05934765414344 431.4393310546875 -275.8396911621094
254.0926756546228 431.3274841308594 -276.33233642578125
254.25931565701958 425.6300048828125 -273.943603515625
254.55926766133382 388.1173400878906 -274.890380859375
254.85921966564803 342.5105895996094 -295.3077087402344
254.92587566660674 337.13250732421875 -295.7450866699219
255.1258436694829 313.3507995605469 -282.034423828125
255.25915567140032 288.0947570800781 -279.7405700683594
255.32581167235904 283.061767578125 -277.33575439453125
256.79224369345076 298.5632629394531 -272.50811767578125
256.82557169393016 298.5298156738281 -271.99200439453125
257.22550769968245 306.0548095703125 -273.2862548828125
258.491971717898 357.3852233886719 -292.72705078125
258.62528371981546 353.58746337890625 -293.1262512207031
258.6586117202948 353.70245361328125 -292.9444885253906
258.79192372221223 357.1152038574219 -293.9761047363281
258.9918917250884 359.3695068359375 -293.1383972167969
259.02521972556775 359.40313720703125 -293.709228515625
259.3584997303613 365.52996826171875 -292.3788757324219
259.3918277308407 364.1377868652344 -293.54718017578125
259.6917797351549 383.9817810058594 -285.6497497558594
260.6916197495356 395.5102844238281 -282.79998779296875
261.3581797591228 378.58001708984375 -287.6188659667969
261.5581477619989 371.6888427734375 -288.9707946777344
261.85809976631316 365.2447814941406 -294.80291748046875
261.8914277667925 365.5111389160156 -294.6632995605469
262.1913797711067 353.1154479980469 -298.3695068359375
262.3580197735035 344.862060546875 -303.4609375
262.6912997782971 333.59716796875 -305.8354187011719
262.8246117802145 329.11956787109375 -302.5387878417969
263.1578917850081 308.9060974121094 -305.2899475097656
264.55766780514114 365.2469177246094 -287.5159912109375
265.05758781233146 383.71014404296875 -285.6818542480469
265.85745982383605 413.91278076171875 -277.2448425292969
266.3240518305471 413.1667175292969 -275.88330078125
266.7239878362994 401.4476623535156 -275.9020690917969
267.9571238540356 371.6148681640625 -298.4163513183594
268.7236678650608 400.0732116699219 -307.795166015625
268.7569958655402 400.9114685058594 -309.238037109375
268.9569638684163 406.6373291015625 -309.2518310546875
269.09027587033376 406.71112060546875 -309.3563232421875
269.3235718736893 401.12860107421875 -303.6692810058594
270.29008388759064 315.3990173339844 -286.0970153808594
270.790003894781 272.589599609375 -270.8988037109375
271.6565319072443 330.64013671875 -262.0637512207031
271.98981191203785 314.6059875488281 -294.719482421875
272.4564039187489 292.7237243652344 -306.00738525390625
272.48973191922823 290.882568359375 -307.5853271484375
272.5230599197076 290.16094970703125 -307.7986145019531
272.8563399245012 292.1323547363281 -307.04241943359375
272.9563239259392 291.175537109375 -307.9549560546875
272.9896519264186 292.7843017578125 -307.1366882324219
273.08963592785665 289.2330322265625 -313.3872375488281
273.1562919288154 290.12933349609375 -313.6390686035156
273.18961992929474 292.0159606933594 -313.3530578613281
273.2229479297741 292.19091796875 -313.68017578125
273.2896039307328 291.42437744140625 -312.8743591308594
273.32293193121217 291.36334228515625 -310.92352294921875
273.3562599316915 292.67626953125 -310.24725341796875
273.3895879321709 292.48956298828125 -309.305908203125
273.42291593265026 290.11279296875 -311.33807373046875
273.72286793696446 296.14300537109375 -305.57220458984375
273.8561799388819 293.3802490234375 -305.7599792480469
274.02281994127867 286.75604248046875 -303.08270263671875
274.28944394511353 274.15142822265625 -295.2036437988281
274.32277194559293 274.32818603515625 -295.3140563964844
274.92267595422135 293.0762939453125 -277.8990783691406
275.355939960453 299.08685302734375 -269.50836181640625
275.42259596141173 293.4932861328125 -272.5347595214844
275.822531967164 262.0141906738281 -269.2720642089844
276.0891559709989 250.06854248046875 -258.6316223144531
276.3891079753131 231.78494262695312 -254.13922119140625
276.82237198154473 224.70648193359375 -250.71604919433594
276.8890279825034 222.59217834472656 -249.29344177246094
276.95568398346217 226.73585510253906 -248.2853240966797
277.05566798490025 222.03565979003906 -255.17869567871094
277.3889479896938 213.11328125 -254.48020935058594
277.4889319911319 206.75811767578125 -258.27880859375
285.6542921085745 445.47686767578125 -193.10633850097656
295.3194122475882 359.63299560546875 -268.6047058105469
295.45272424950565 365.7961120605469 -259.35040283203125
296.7191882677213 493.042724609375 -265.14764404296875
297.18578027443226 471.1253967285156 -290.1653137207031
297.28576427587035 464.8722839355469 -293.0369873046875
297.6190442806639 460.0904846191406 -299.9136047363281
297.65237228114324 459.923583984375 -298.8794250488281
297.68570028162264 459.8836669921875 -298.3371887207031
297.719028282102 459.49652099609375 -300.2793273925781
297.9189962849781 461.0069885253906 -302.3609619140625
297.98565228593685 459.0241394042969 -304.47314453125
298.61888429504467 459.1878662109375 -300.6782531738281
298.7521962969621 459.4628601074219 -300.69482421875
299.18546030319374 459.1033630371094 -300.9674072265625
299.3521003055905 465.02587890625 -300.82098388671875
299.5187403079873 476.1578369140625 -305.3890380859375
299.6187243094254 481.65130615234375 -310.6751708984375
299.6520523099047 481.3150329589844 -311.6742248535156
299.68538031038406 482.4742736816406 -312.1808776855469
300.11864431661576 499.2563171386719 -304.8369445800781
300.2186283180538 500.2084655761719 -302.3844299316406
300.3852683204506 487.83026123046875 -305.5966796875
300.98517232907903 453.5232849121094 -290.01983642578125
301.1518123314758 459.3631286621094 -284.1489562988281
301.81837234106297 538.5115966796875 -296.57684326171875
309.8170924561088 428.7568664550781 -316.261962890625
310.3170124632992 405.6322937011719 -298.9010009765625
310.35034046377854 405.5172424316406 -295.94775390625
310.3836684642579 405.14129638671875 -293.4969787597656
310.4169964647373 405.5653076171875 -289.35638427734375
310.5169804661753 400.1807556152344 -276.7369384765625
310.6169644676134 388.5772399902344 -269.0133972167969
313.98309251602853 414.3498840332031 -261.66668701171875
314.58299652465695 456.6296691894531 -296.7691650390625
327.7142287135239 426.538330078125 -246.19570922851562
328.08083671879683 425.0738830566406 -254.08132934570312
329.3473007370124 576.6239624023438 -251.01077270507812
329.5472687398886 584.7888793945312 -264.17083740234375
333.779924800767 546.6688842773438 -210.55120849609375
348.6442130145605 535.09521484375 -154.447509765625
348.9774930193541 596.084228515625 -90.03203582763672
356.47629312720954 503.7311706542969 -300.2296142578125
356.7429171310444 491.4629821777344 -286.984375
356.87622913296184 495.4115295410156 -279.2613830566406
357.27616513871413 528.0089111328125 -280.9491271972656
360.90891719096413 314.2342529296875 -219.0177001953125
361.6754612019893 263.6811828613281 -278.8138427734375
364.6083252441728 268.3792724609375 -231.62319946289062
366.9079572772485 545.2559814453125 -201.39088439941406
367.0079412786866 549.767333984375 -215.18528747558594
367.04126927916593 549.3087158203125 -220.69290161132812
367.0745972796453 548.8844604492188 -225.59402465820312
