0.033328315473153035 969.8026733398438 1286.128662109375
0.2999548392583773 967.5550537109375 1281.5794677734375
0.3332831547315303 969.658203125 1282.6356201171875
0.3999397856778364 967.092529296875 1279.0509033203125
0.6332379939899077 968.6367797851562 1273.6435546875
0.6665663094630606 966.3955688476562 1270.406005859375
0.7332229404093666 966.3822631835938 1269.14501953125
0.7998795713556728 967.4678955078125 1270.00146484375
1.033177779667744 961.6762084960938 1275.9537353515625
1.09983441061405 959.0077514648438 1280.28564453125
1.133162726087203 958.384765625 1281.9864501953125
1.3331326189261212 961.8755493164062 1292.32763671875
1.3664609343992744 962.47216796875 1292.1717529296875
1.7997290355502638 959.0230102539062 1315.3487548828125
1.8997139819697229 955.4512329101562 1323.4268798828125
1.9663706129160288 955.9073486328125 1330.5655517578125
2.066355559335488 954.2002563476562 1334.6844482421875
2.099683874808641 953.2183837890625 1334.49560546875
2.1330121902817942 955.1890258789062 1339.5206298828125
2.1996688212281 956.5936279296875 1343.1419677734375
2.266325452174406 963.062744140625 1351.317626953125
2.7995784997448547 998.7598266601562 1372.287353515625
2.8329068152180077 1002.590087890625 1366.907958984375
2.8995634461643136 1008.6216430664062 1351.6885986328125
3.032876708056926 1026.654541015625 1315.4381103515625
3.099533339003232 1034.0379638671875 1293.0872802734375
3.1328616544763848 1039.84765625 1278.6756591796875
3.199518285422691 1045.197265625 1246.1837158203125
3.232846600895844 1047.32861328125 1230.226806640625
3.266174916368997 1048.7249755859375 1213.49462890625
3.332831547315303 1048.949951171875 1183.2784423828125
3.4661448092079152 1053.7264404296875 1118.9378662109375
3.499473124681068 1051.6021728515625 1101.6707763671875
6.965617933888984 1267.6451416015625 1959.6759033203125
8.865331915858706 268.21240234375 1071.18798828125
9.131958439643931 216.93006896972656 1084.9444580078125
9.23194338606339 219.71124267578125 1087.1070556640625
9.531898225321767 217.37982177734375 1148.08203125
9.631883171741226 223.15000915527344 1161.7039794921875
10.431762743096899 372.6203308105469 1168.597900390625
33.561613681465104 912.466552734375 1035.521240234375
33.96155346714294 883.3795776367188 788.3767700195312
34.12819504450871 859.6129150390625 680.8359985351562
34.26150830640132 842.6311645507812 617.8843383789062
34.29483662187447 836.6944580078125 607.8306274414062
34.32816493734762 834.88916015625 599.2184448242188
34.36149325282078 833.8099975585938 592.7785034179688
34.39482156829393 832.1865844726562 588.1468505859375
34.428149883767084 830.4779663085938 587.861572265625
34.46147819924023 828.8700561523438 586.9146118164062
34.49480651471339 827.1559448242188 585.8140258789062
34.52813483018654 830.80322265625 585.7511596679688
34.561463145659694 834.710205078125 585.5704345703125
34.59479146113285 838.5819091796875 585.9414672851562
34.628119776606 843.3731689453125 587.17919921875
34.694776407552304 853.0829467773438 585.7412719726562
34.794761353971765 868.1812133789062 580.8135375976562
34.86141798491807 873.5443115234375 578.1276245117188
34.894746300391226 873.8607177734375 572.783935546875
34.928074615864375 876.5728759765625 565.7644653320312
34.99473124681068 882.735595703125 550.3623046875
35.1947011396496 893.9803466796875 619.0420532226562
35.22802945512275 891.977783203125 636.2556762695312
35.29468608606906 885.7514038085938 673.188720703125
64.9235585417021 262.16900634765625 308.9728088378906
64.9902151726484 250.64199829101562 315.1973571777344
65.02354348812156 244.2632598876953 319.5809326171875
65.19018506548733 213.31878662109375 342.1596984863281
65.22351338096048 212.4169921875 344.4952392578125
65.2901700119068 211.1732635498047 347.2314758300781
65.4234832737994 209.17462158203125 344.9470520019531
65.4901399047457 209.85906982421875 339.183837890625
65.52346822021886 211.6678924560547 333.58673095703125
65.55679653569202 213.11984252929688 327.4801940917969
65.62345316663831 212.74380493164062 315.9085388183594
65.65678148211147 210.88400268554688 310.4687805175781
65.69010979758463 207.67584228515625 305.5044860839844
65.72343811305778 200.76275634765625 301.26568603515625
65.89007969042355 140.72686767578125 278.9068298339844
65.92340800589669 132.07286071777344 276.752685546875
65.95673632136985 124.9041748046875 277.84906005859375
65.990064636843 119.80204772949219 280.9240417480469
66.02339295231616 114.43740844726562 285.154052734375
66.09004958326246 99.53015899658203 308.1422119140625
80.68785176050349 1010.6876831054688 176.87518310546875
80.72118007597665 1011.7066650390625 176.8202362060547
80.75450839144979 1011.7243041992188 177.04730224609375
80.78783670692295 1014.1366577148438 177.44540405273438
80.85449333786926 1017.6353149414062 182.3692169189453
81.02113491523502 1034.5460205078125 213.59921264648438
90.95297292623462 897.9910278320312 1579.8109130859375
91.78618081306345 1044.16748046875 969.19140625
91.85283744400975 1048.229248046875 929.5031127929688
92.18612059874128 1011.9122924804688 663.5200805664062
92.21944891421444 1004.6849975585938 648.122314453125
92.28610554516075 994.47265625 610.9578247070312
92.3194338606339 988.4850463867188 591.8174438476562
92.61938869989227 984.8074951171875 383.33831787109375
94.15249121165732 1137.9415283203125 563.5704956054688
94.28580447354993 1140.9215087890625 590.6589965820312
94.55243099733515 1157.5054931640625 648.978515625
95.88556361626127 721.5411987304688 1221.810791015625
95.95222024720758 727.3650512695312 1235.4786376953125
96.11886182457334 740.100830078125 1260.5697021484375
107.41716076997223 827.4153442382812 637.9482421875
107.45048908544537 826.5346069335938 632.1737670898438
107.48381740091853 825.3844604492188 627.0307006835938
107.51714571639168 822.54931640625 623.89306640625
107.55047403186484 820.8161010742188 622.8400268554688
107.58380234733798 819.8372192382812 623.4546508789062
107.61713066281114 818.5718383789062 625.4572143554688
107.65045897828429 818.224609375 631.4834594726562
107.68378729375745 819.9733276367188 639.8388061523438
107.7171156092306 821.2664184570312 651.56396484375
107.75044392470375 822.9181518554688 667.729736328125
107.7837722401769 826.1044311523438 686.4510498046875
114.71606185859274 983.3810424804688 1063.1114501953125
114.81604680501219 970.0092163085938 1030.5753173828125
134.91302103532348 984.2228393554688 737.9422607421875
134.94634935079662 982.27490234375 728.2625732421875
134.97967766626977 982.941162109375 718.888671875
135.01300598174294 986.40576171875 710.8220825195312
135.04633429721608 990.6215209960938 702.29296875
135.1129909281624 1001.9707641601562 691.133056640625
135.34628913647447 1023.5950317382812 669.2306518554688
135.3796174519476 1026.2498779296875 663.3731079101562
135.41294576742078 1029.02392578125 655.07177734375
135.51293071384023 1027.3924560546875 645.7769165039062
135.679572291206 1034.748291015625 633.9398193359375
135.71290060667914 1036.1025390625 631.8316650390625
135.74622892215228 1036.890869140625 629.1597290039062
135.8795421840449 1044.0882568359375 646.4075927734375
136.54610849350797 1060.60205078125 1255.3658447265625
136.64609343992743 1050.503662109375 1297.4892578125
136.97937659465896 958.2550659179688 1369.483642578125
137.11268985655158 965.0969848632812 1406.51611328125
143.6117113738164 419.1672058105469 551.4998779296875
143.64503968928958 416.1308898925781 536.826171875
143.67836800476272 411.90972900390625 525.707275390625
143.71169632023586 408.6328430175781 518.359130859375
143.74502463570903 403.7571105957031 515.1423950195312
143.81168126665534 393.42437744140625 513.44580078125
143.84500958212848 390.9083251953125 511.8062438964844
143.87833789760163 390.4903259277344 512.08447265625
143.9783228440211 392.310546875 509.858642578125
144.01165115949425 393.6508483886719 507.3264465332031
144.0449794749674 392.1694030761719 504.1824951171875
144.1116361059137 389.26708984375 495.7574157714844
144.14496442138687 384.3829650878906 495.10345458984375
144.17829273686002 373.25164794921875 497.6023864746094
144.24494936780633 356.3789367675781 506.268798828125
144.27827768327947 348.5644226074219 512.4111328125
144.37826262969892 323.5530700683594 544.188720703125
162.30889635425527 580.249267578125 894.760009765625
162.40888130067472 596.1548461914062 935.8980712890625
164.10862538980552 257.9323425292969 2012.9017333984375
164.17528202075184 257.87310791015625 2035.66845703125
170.20770712139253 1150.905517578125 854.85205078125
170.30769206781198 1154.7315673828125 800.9340209960938
170.4410053297046 1154.649169921875 747.5575561523438
173.30724046039578 273.269287109375 1291.904541015625
173.34056877586892 268.0882568359375 1285.624755859375
173.37389709134206 261.2869873046875 1281.6337890625
173.7071802460736 204.0443115234375 1300.1990966796875
187.87171432216363 1191.141357421875 1857.4056396484375
188.37163905426092 1084.1033935546875 1683.3231201171875
188.70492220899246 972.9323120117188 1608.9046630859375
188.77157883993877 962.19091796875 1602.3076171875
188.8049071554119 960.026611328125 1605.26318359375
188.83823547088508 958.460205078125 1605.2926025390625
188.87156378635822 957.6265869140625 1605.1954345703125
188.9048921018314 961.3477783203125 1606.7996826171875
188.93822041730454 961.7745361328125 1607.6431884765625
188.97154873277768 967.3192749023438 1607.550048828125
191.37118744684471 1459.296142578125 1723.6922607421875
195.03730214889154 663.6725463867188 1254.1610107421875
195.10395877983785 671.832763671875 1259.0283203125
196.23712150592505 967.5967407226562 1281.689453125
196.30377813687136 969.318603515625 1282.5205078125
196.3371064523445 966.9911499023438 1279.0848388671875
197.00367276180756 960.7523193359375 1277.101806640625
197.03700107728073 959.2719116210938 1280.5999755859375
197.10365770822702 958.4227294921875 1284.942626953125
197.1369860237002 958.6937255859375 1285.8447265625
197.30362760106595 962.5965576171875 1292.17333984375
197.87020896410954 954.3909912109375 1326.388671875
198.0368505414753 953.1600341796875 1334.2554931640625
198.07017885694847 955.24951171875 1339.51220703125
198.20349211884107 963.0006103515625 1351.4833984375
198.63676021999206 986.6447143554688 1389.424560546875
198.70341685093837 994.3464965820312 1378.956787109375
198.73674516641154 998.6860961914062 1372.3583984375
198.77007348188468 1002.8356323242188 1365.764892578125
198.836730112831 1008.6448364257812 1352.4986572265625
198.9700433747236 1026.6632080078125 1315.947021484375
199.0367000056699 1033.8758544921875 1294.05859375
199.17001326756252 1047.779541015625 1230.5093994140625
204.96914015989114 237.65591430664062 1077.278076171875
205.0691251063106 216.6541748046875 1085.1162109375
205.16911005273008 219.71278381347656 1087.17529296875
205.20243836820322 221.20289611816406 1090.612060546875
206.36892940976358 372.71417236328125 1168.59033203125
221.9665810511992 1070.261962890625 932.09375
229.8987201338096 884.0643920898438 788.3037109375
229.96537676475592 876.17919921875 742.2713623046875
230.06536171117537 859.2007446289062 680.6773071289062
230.13201834212168 849.1306762695312 647.8893432617188
230.198674973068 842.6920166015625 617.9110107421875
230.23200328854114 836.82470703125 607.9790649414062
230.2653316040143 835.34375 599.0440673828125
230.29865991948745 833.693359375 592.75537109375
230.3319882349606 832.230712890625 588.300048828125
230.36531655043376 830.1884155273438 587.8932495117188
230.3986448659069 828.7593994140625 587.196533203125
230.43197318138007 827.0519409179688 586.0717163085938
230.49862981232636 834.6809692382812 585.5515747070312
230.53195812779953 838.5489501953125 586.425537109375
230.63194307421898 852.98974609375 585.8593139648438
230.66527138969212 859.6145629882812 585.1681518554688
230.73192802063843 868.1846923828125 580.7918701171875
230.79858465158475 873.5116577148438 578.053466796875
230.8319129670579 873.8274536132812 572.9186401367188
230.86524128253106 876.4400024414062 565.6510620117188
230.93189791347734 882.668701171875 550.2653198242188
231.13186780631628 894.0875854492188 619.2763061523438
231.16519612178942 892.048828125 636.3903198242188
231.23185275273573 885.8603515625 673.4143676757812
260.9273818393151 250.54769897460938 315.40142822265625
260.9607101547882 244.57028198242188 319.2459411621094
261.127351732154 213.29222106933594 342.1651306152344
261.1606800476272 212.1814727783203 344.46173095703125
261.1940083631003 211.59048461914062 345.65704345703125
261.22733667857347 211.17129516601562 347.254150390625
261.26066499404664 209.19085693359375 348.6224060058594
261.29399330951975 209.1653289794922 348.7411804199219
261.3606499404661 209.19952392578125 345.0307312011719
261.46063488688554 211.669677734375 333.27630615234375
261.4939632023587 213.09181213378906 327.2713928222656
261.560619833305 212.89060974121094 315.96331787109375
261.59394814877817 210.84808349609375 310.3087463378906
261.6272764642513 207.62210083007812 305.5349426269531
261.66060477972445 200.80508422851562 301.149169921875
261.8272463570902 140.9125213623047 278.8935241699219
261.86057467256336 132.17604064941406 276.8394775390625
261.89390298803653 124.56222534179688 277.91845703125
261.9272313035097 119.96556854248047 280.88275146484375
261.9605596189828 114.44071960449219 285.0475769042969
276.49170516527755 1013.729248046875 188.92666625976562
276.591690111697 1010.0855712890625 179.38475036621094
276.6250184271702 1010.8021240234375 176.7611541748047
276.69167505811646 1011.6221313476562 177.04440307617188
276.72500337358963 1013.97021484375 177.298095703125
276.7916600045359 1018.12451171875 182.46185302734375
277.024958212848 1042.23974609375 232.39588928222656
287.69001916425697 1040.405517578125 990.6968383789062
287.72334747973014 1044.762451171875 968.3505249023438
287.7900041106764 1048.15283203125 929.672607421875
287.8233324261496 1047.5439453125 910.89599609375
288.1566155808811 1004.4444580078125 647.9881591796875
288.2232722118274 994.30029296875 611.138427734375
288.2566005273006 988.9732055664062 593.3086547851562
288.4232421046663 980.5523071289062 477.3121643066406
288.52322705108577 981.3858642578125 403.8081970214844
288.55655536655894 985.0075073242188 383.77227783203125
288.5898836820321 989.0748291015625 366.14874267578125
290.2229711402166 1140.8905029296875 590.8179321289062
292.05602849124 740.2664794921875 1260.520263671875
303.12102922832685 827.78759765625 655.48095703125
303.18768585927313 828.838623046875 653.6004028320312
303.2210141747463 829.7084350585938 651.1571044921875
303.35432743663887 827.36376953125 637.9462890625
303.38765575211204 826.6277465820312 632.0016479492188
303.4209840675852 825.4871826171875 626.9925537109375
303.4543123830584 822.6756591796875 624.1895751953125
303.4876406985315 820.7763061523438 622.7955322265625
303.52096901400466 819.6141357421875 623.140625
303.55429732947783 818.41259765625 625.1148681640625
303.58762564495095 818.2230834960938 631.09765625
303.6209539604241 819.8140869140625 639.8984375
303.6542822758973 821.3245239257812 651.6441650390625
303.6876105913704 822.9701538085938 667.6788330078125
303.72093890684357 825.9793090820312 686.7393188476562
310.5865718943131 991.969482421875 1087.27392578125
310.6532285252594 983.2332763671875 1063.287841796875
310.75321347167886 969.8798828125 1030.2806396484375
330.85018770199014 984.1713256835938 737.5780639648438
330.8835160174633 982.29150390625 727.8052368164062
330.9501726484096 986.2513427734375 710.403564453125
330.98350096388276 990.4931030273438 702.3340454101562
331.01682927935593 996.3001708984375 694.6351928710938
331.05015759482905 1001.9999389648438 691.3223876953125
331.2834558031411 1023.5859985351562 669.4798583984375
331.35011243408746 1029.1436767578125 655.2816772460938
331.5500823269264 1030.740234375 639.4558715820312
331.6500672733458 1035.802734375 632.160400390625
331.683395588819 1036.5921630859375 629.4823608398438
331.78338053523845 1040.8685302734375 636.1809692382812
331.81670885071156 1043.8026123046875 646.644287109375
332.4832751601746 1060.747802734375 1254.9091796875
332.5832601065941 1050.8201904296875 1297.675537109375
332.9165432613256 958.3921508789062 1369.3675537109375
333.04985652321824 965.0508422851562 1406.81787109375
339.5488780404831 419.5263671875 551.4404907226562
339.6155346714294 411.87823486328125 525.6595458984375
339.64886298690254 408.7402648925781 518.326904296875
339.6821913023757 403.5320129394531 514.9827270507812
339.78217624879517 391.08026123046875 511.8694152832031
339.81550456426834 390.5412292480469 511.96917724609375
339.84883287974145 392.1968688964844 511.6297302246094
339.9154895106878 392.1798095703125 510.0488586425781
339.9488178261609 393.6921081542969 507.0448303222656
339.9821461416341 392.2207336425781 504.06036376953125
340.04880277258036 389.0635070800781 495.7231750488281
340.08213108805353 384.2535705566406 495.0878601074219
340.1154594035267 373.3372497558594 497.49664306640625
340.182116034473 356.5377197265625 506.1260681152344
340.21544434994615 348.6005554199219 512.4512939453125
340.3154292963656 323.5802917480469 543.83203125
357.44618344956626 699.9100952148438 491.7089538574219
358.04609312808304 570.4198608398438 791.5103149414062
358.5793461756535 600.603515625 1044.7781982421875
360.0457920564722 257.8593444824219 2013.2432861328125
366.24485873447867 1154.005615234375 802.3623046875
369.1777504961161 282.86102294921875 1310.592529296875
369.24440712706246 273.2934265136719 1291.7056884765625
369.2777354425356 268.18890380859375 1285.587158203125
369.31106375800874 261.2632141113281 1281.877685546875
369.6443469127403 204.49195861816406 1299.901123046875
383.94219425072293 1162.949951171875 1804.8990478515625
384.3754623518739 1063.01318359375 1666.6650390625
384.4754472982934 1030.8018798828125 1643.087646484375
384.57543224471283 993.9869995117188 1623.94140625
384.70874550660545 962.9893188476562 1604.3909912109375
384.8753870839712 961.6143798828125 1607.1343994140625
390.9078121846119 664.3914794921875 1257.720947265625
390.9744688155582 663.7800903320312 1254.08203125
391.0411254465045 671.3727416992188 1258.860107421875
