0.06665863032844165 732.1041259765625 1279.011474609375
0.09998794549266247 731.8628540039062 1280.737060546875
0.2666345213137666 737.8063354492188 1284.122802734375
0.2999638364779874 738.240966796875 1284.1217041015625
1.1998553459119496 730.438720703125 1271.0994873046875
1.299843291404612 719.0404052734375 1277.54150390625
1.3665019217330538 706.202392578125 1284.542236328125
1.4331605520614954 699.580810546875 1287.27392578125
4.83275069881202 74.5357666015625 1137.389892578125
5.999276729559749 250.11973571777344 1147.256591796875
7.099144129979035 291.5895080566406 1130.5836181640625
21.79737211740042 645.73681640625 1153.363525390625
22.19732389937107 591.1798706054688 1170.8941650390625
22.463958420684836 581.137939453125 1203.9813232421875
24.53037596086653 169.44212341308594 1382.1771240234375
26.830098707197763 781.0250244140625 1173.76953125
27.563343640810622 966.3228149414062 1128.4857177734375
27.596672955974842 971.2384033203125 1127.1339111328125
27.663331586303286 977.845947265625 1126.9954833984375
27.796648846960167 989.6395874023438 1132.123291015625
27.829978162124387 990.9054565429688 1136.3245849609375
27.92996610761705 995.9926147460938 1147.4254150390625
28.063283368273936 1007.6643676757812 1156.6251220703125
36.028989692522714 45.224369049072266 1274.2445068359375
36.12897763801537 30.21267318725586 1261.91162109375
37.295503668763104 52.1743278503418 1446.6400146484375
50.69388836477987 332.3634948730469 1712.5709228515625
63.15905223619846 720.327392578125 1402.6136474609375
67.59185115303983 1062.9871826171875 1469.5186767578125
71.691356918239 284.3733825683594 1444.1988525390625
74.15772624039134 132.287109375 1711.1636962890625
74.22438487071977 125.81153869628906 1711.89013671875
74.35770213137666 114.55439758300781 1710.260009765625
74.62433665269043 100.55757141113281 1718.830078125
74.72432459818309 98.44267272949219 1742.9571533203125
89.02260080363382 203.87744140625 1253.4468994140625
89.05593011879805 210.28997802734375 1257.741943359375
89.08925943396227 210.7891387939453 1265.5755615234375
89.55586984626136 183.64572143554688 1323.7227783203125
89.62252847658979 182.4916534423828 1320.6126708984375
90.1224682040531 210.0896453857422 1287.8568115234375
90.42243204053109 259.7728576660156 1308.33349609375
92.12222711390636 1009.1024780273438 1086.4234619140625
92.15555642907059 1011.6998291015625 1079.5809326171875
92.1888857442348 1016.843017578125 1072.20556640625
92.25554437456324 1020.0973510742188 1055.90185546875
92.28887368972747 1019.4166259765625 1050.8909912109375
92.38886163522012 1024.73876953125 1033.647705078125
92.42219095038435 1027.51806640625 1028.4456787109375
92.45552026554857 1027.77294921875 1027.2252197265625
92.4888495807128 1030.4031982421875 1026.11767578125
92.55550821104123 1036.882080078125 1029.2252197265625
92.58883752620545 1039.676025390625 1033.67041015625
92.6554961565339 1045.4676513671875 1042.3355712890625
92.72215478686233 1050.10302734375 1049.79736328125
92.75548410202656 1051.0771484375 1052.185791015625
92.82214273235499 1056.1231689453125 1054.7587890625
92.85547204751921 1058.4456787109375 1055.7445068359375
93.05544793850454 1088.3692626953125 1042.3814697265625
93.08877725366877 1095.245849609375 1037.93310546875
93.12210656883299 1103.87744140625 1034.6951904296875
93.1554358839972 1113.7647705078125 1032.730712890625
93.25542382948987 1145.3201904296875 1030.0911865234375
100.58787316561845 878.3932495117188 1132.2222900390625
102.5876320754717 793.0860595703125 1272.2161865234375
102.88759591194969 794.9749145507812 1289.3018798828125
102.98758385744235 806.5228271484375 1278.82275390625
126.41809241788958 868.827880859375 1572.3165283203125
126.4514217330538 868.8704833984375 1570.23974609375
126.75138556953179 892.4102172851562 1544.369873046875
126.9180321453529 894.8104248046875 1503.904052734375
128.08455817610064 340.02215576171875 1110.2998046875
128.15121680642906 325.7101135253906 1087.044677734375
128.18454612159329 318.32476806640625 1078.6787109375
128.41785132774285 283.8115539550781 1041.4681396484375
128.55116858839972 254.81846618652344 1032.24365234375
128.58449790356394 248.6845703125 1030.40771484375
128.81780310971348 207.74444580078125 1036.3359375
129.28441352201258 129.9456787109375 1040.0052490234375
129.3177428371768 129.99473571777344 1030.535888671875
129.38440146750523 128.5279998779297 1009.664306640625
134.6171039482879 287.8284912109375 1308.3846435546875
140.48306341719078 882.5801391601562 875.9561157226562
140.58305136268345 864.3152465820312 886.7273559570312
140.6830393081761 852.7622680664062 891.7362060546875
140.74969793850454 843.5347290039062 891.2820434570312
141.84956533892384 594.9639892578125 782.4454956054688
142.68279821802935 392.4830322265625 732.8607788085938
149.9485889238295 1128.6610107421875 1107.890869140625
150.34854070580013 1097.861328125 1127.8966064453125
150.41519933612858 1103.3267822265625 1121.9002685546875
150.4485286512928 1106.2166748046875 1119.175048828125
150.48185796645703 1109.142822265625 1118.1370849609375
151.51506673654788 1043.1666259765625 1099.1551513671875
151.5483960517121 1043.3074951171875 1105.480224609375
151.5817253668763 1041.8587646484375 1117.83642578125
151.61505468204052 1038.126953125 1128.58349609375
151.68171331236897 1032.8951416015625 1146.1090087890625
151.78170125786164 1024.5281982421875 1158.2415771484375
153.74813085255067 609.5809326171875 1050.259765625
158.1476004542278 412.8990478515625 1067.0673828125
176.97866352201257 170.65533447265625 905.0420532226562
177.04532215234101 148.2857208251953 921.7728271484375
177.11198078266946 133.08299255371094 936.2260131835938
177.1453100978337 129.47434997558594 941.2345581054688
177.1786394129979 128.0513153076172 947.2674560546875
177.21196872816213 127.95183563232422 951.7095947265625
177.24529804332636 130.70787048339844 954.2158203125
177.27862735849055 134.97308349609375 957.4642944335938
182.74463504542277 41.584449768066406 982.9187622070312
184.5110887491265 490.3923645019531 1202.6005859375
184.77772327044025 493.4040222167969 1249.7540283203125
187.2774219077568 555.775634765625 1365.8597412109375
187.71070300489168 561.6358642578125 1379.4698486328125
187.81069095038436 563.3314819335938 1381.6197509765625
187.84402026554858 562.8294067382812 1382.7034912109375
187.8773495807128 564.2388916015625 1381.9498291015625
188.11065478686234 570.4354248046875 1380.7012939453125
188.2439720475192 574.6329345703125 1376.5107421875
188.27730136268343 575.569091796875 1375.7261962890625
188.31063067784766 576.2056274414062 1375.0025634765625
188.44394793850455 581.8702392578125 1369.4356689453125
188.510606568833 582.6610717773438 1367.8216552734375
188.5439358839972 581.5296020507812 1367.6201171875
188.64392382948986 582.779296875 1364.3428955078125
188.6772531446541 582.6358642578125 1363.31640625
188.7105824598183 584.0115356445312 1359.1591796875
188.74391177498254 582.6119384765625 1360.8978271484375
189.31051013277428 582.0426025390625 1345.5831298828125
189.3438394479385 581.5277709960938 1345.208740234375
189.41049807826695 580.774658203125 1347.0137939453125
189.5104860237596 575.18212890625 1353.514892578125
189.54381533892382 573.81103515625 1355.8875732421875
189.71046191474494 568.9591674804688 1370.7347412109375
189.74379122990916 568.9735107421875 1372.4390869140625
189.7771205450734 570.6060791015625 1374.549560546875
190.04375506638715 583.1729125976562 1386.2337646484375
190.2770602725367 595.5567016601562 1386.27099609375
