1.533209442332066 856.4549560546875 1607.3045654296875
1.5665400823827629 855.9873046875 1608.0894775390625
1.59987072243346 856.26611328125 1607.275634765625
1.633201362484157 855.9862060546875 1607.24951171875
1.6665320025348542 856.406005859375 1606.5274658203125
1.7665239226869454 856.5485229492188 1605.8741455078125
3.0330882446134346 862.4774780273438 1603.7913818359375
3.066418884664132 862.5775756835938 1603.9862060546875
3.099749524714829 865.3929443359375 1603.3502197265625
3.166410804816223 864.6178588867188 1603.0797119140625
3.19974144486692 863.0839233398438 1603.0523681640625
6.39948288973384 856.7239990234375 1606.5457763671875
6.5994667300380225 843.240966796875 1605.5791015625
6.732789290240811 833.9495849609375 1605.2730712890625
7.19941825095057 733.8641357421875 1582.1346435546875
7.932692332065906 559.4925537109375 1560.5301513671875
8.23266809252218 489.3706359863281 1563.8502197265625
9.065934093789608 328.1177062988281 1536.8350830078125
9.332579214195183 330.182373046875 1535.609619140625
9.432571134347274 337.6369934082031 1550.4849853515625
9.565893694550063 343.0195617675781 1557.0775146484375
9.59922433460076 342.87091064453125 1557.112060546875
9.732546894803548 336.81890869140625 1555.5418701171875
9.765877534854246 336.091064453125 1554.4351806640625
9.932530735107731 329.0320129394531 1545.1986083984375
9.965861375158429 327.86102294921875 1543.619140625
10.099183935361216 322.36114501953125 1537.7520751953125
10.16584521546261 320.6060485839844 1535.283935546875
10.39915969581749 315.91748046875 1528.2149658203125
10.432490335868188 315.6224365234375 1527.8543701171875
10.465820975918884 314.9073181152344 1526.8004150390625
10.499151615969582 314.2835998535156 1526.599365234375
10.532482256020279 314.21337890625 1525.611572265625
10.565812896070975 313.8098449707031 1524.688720703125
10.63247417617237 313.3087463378906 1523.947998046875
10.665804816223067 312.7697448730469 1523.6304931640625
10.832458016476552 313.0635070800781 1521.404541015625
12.565651299112801 312.0286560058594 1518.27294921875
12.632312579214195 307.5844421386719 1516.2218017578125
12.665643219264892 307.0729064941406 1516.32373046875
12.69897385931559 306.8305358886719 1516.27978515625
12.732304499366286 306.6182556152344 1516.361572265625
12.765635139416982 306.6182556152344 1516.361572265625
12.79896577946768 306.2572937011719 1516.076171875
12.865627059569075 306.2908630371094 1515.9859619140625
12.898957699619771 306.06280517578125 1516.0140380859375
12.93228833967047 305.68658447265625 1515.8519287109375
12.965618979721166 307.06842041015625 1515.494384765625
13.098941539923954 305.5303955078125 1515.2735595703125
13.13227217997465 305.41009521484375 1514.971435546875
13.198933460076045 305.35711669921875 1514.485107421875
13.232264100126743 305.2478332519531 1514.4681396484375
13.532239860583017 306.7297668457031 1513.9544677734375
13.698893060836502 303.3438720703125 1511.1341552734375
13.932207541191381 300.81524658203125 1508.8468017578125
13.965538181242078 300.6100158691406 1508.5849609375
13.998868821292776 300.6278381347656 1508.33251953125
14.06553010139417 300.2055969238281 1507.3671875
14.098860741444867 300.19818115234375 1507.3043212890625
14.132191381495563 300.14288330078125 1507.337890625
14.165522021546261 300.0587158203125 1507.238037109375
14.198852661596957 300.13885498046875 1507.220458984375
14.232183301647655 300.3206787109375 1506.929931640625
14.265513941698352 300.0982360839844 1506.804931640625
14.29884458174905 300.1142883300781 1506.8369140625
14.365505861850444 300.1656799316406 1506.3828125
14.432167141951837 299.801025390625 1505.187744140625
14.465497782002535 299.77618408203125 1505.8897705078125
15.032118662864384 305.1099548339844 1503.4439697265625
15.065449302915082 304.9950256347656 1501.99462890625
15.198771863117871 300.8537292480469 1499.7611083984375
15.232102503168568 300.8461608886719 1499.859375
15.265433143219264 301.05633544921875 1499.419189453125
15.43208634347275 300.45684814453125 1498.361083984375
15.465416983523447 300.1856994628906 1498.11328125
15.498747623574145 300.332763671875 1498.099609375
15.532078263624841 300.33050537109375 1497.7919921875
15.565408903675538 300.5051574707031 1497.3194580078125
15.598739543726236 300.4018859863281 1497.1610107421875
15.632070183776932 300.5386657714844 1497.1011962890625
15.66540082382763 300.7822570800781 1496.9188232421875
15.698731463878326 300.8299865722656 1496.9393310546875
16.398674904942965 304.4709777832031 1495.4671630859375
16.498666825095057 304.7611389160156 1495.362060546875
16.531997465145754 304.7357177734375 1495.3857421875
16.56532810519645 304.8614196777344 1495.505859375
16.59865874524715 304.8919372558594 1495.6519775390625
16.631989385297846 304.87908935546875 1495.488525390625
16.665320025348542 305.14947509765625 1495.587158203125
16.69865066539924 305.1701965332031 1495.662353515625
16.731981305449935 305.04376220703125 1495.6932373046875
16.765311945500635 306.4748229980469 1495.260498046875
16.865303865652724 307.0614318847656 1491.037353515625
16.89863450570342 306.8539733886719 1490.9180908203125
16.93196514575412 305.8325500488281 1495.8800048828125
16.965295785804816 306.0597229003906 1496.3153076171875
16.998626425855512 306.2781982421875 1496.4266357421875
17.03195706590621 306.7003479003906 1496.380615234375
17.06528770595691 306.70404052734375 1496.3897705078125
17.098618346007605 306.9345703125 1496.135986328125
17.1319489860583 307.4207458496094 1496.4271240234375
17.165279626108997 306.90008544921875 1496.7149658203125
17.198610266159694 306.88446044921875 1496.81689453125
17.231940906210394 306.9456481933594 1496.830078125
17.26527154626109 307.02838134765625 1497.011962890625
17.46525538656527 306.7775573730469 1497.6287841796875
17.498586026615968 307.0977478027344 1497.7904052734375
17.531916666666667 307.0745544433594 1497.7529296875
17.59857794676806 307.3039855957031 1498.0389404296875
17.631908586818756 307.35443115234375 1497.9527587890625
17.665239226869456 307.3700256347656 1498.45654296875
17.698569866920153 307.16571044921875 1498.77294921875
17.73190050697085 307.1257019042969 1499.08349609375
17.765231147021545 307.01336669921875 1499.5758056640625
17.79856178707224 306.9876708984375 1499.468017578125
17.83189242712294 306.4071960449219 1500.1861572265625
17.865223067173638 306.5144958496094 1499.9698486328125
17.898553707224334 306.5168151855469 1499.9805908203125
17.93188434727503 306.1931457519531 1500.543701171875
17.96521498732573 306.6347961425781 1500.8084716796875
17.998545627376426 306.60260009765625 1501.04638671875
18.031876267427123 306.536376953125 1501.219970703125
18.06520690747782 306.5032958984375 1501.4022216796875
18.098537547528515 306.8997497558594 1501.717529296875
18.131868187579215 307.23321533203125 1501.71240234375
18.16519882762991 307.2129211425781 1501.9012451171875
18.198529467680608 307.0541687011719 1502.7386474609375
18.231860107731304 307.0775451660156 1502.8607177734375
18.265190747782004 306.9670715332031 1503.045654296875
18.2985213878327 307.0421142578125 1503.7213134765625
18.331852027883397 307.0863342285156 1504.57958984375
18.365182667934093 306.81573486328125 1504.9481201171875
18.43184394803549 307.39825439453125 1505.6806640625
18.465174588086185 307.3362731933594 1506.2220458984375
18.49850522813688 307.61187744140625 1506.4879150390625
18.531835868187578 307.806640625 1506.561767578125
18.665158428390367 308.2808532714844 1507.95947265625
19.265109949302914 308.283935546875 1512.650146484375
19.29844058935361 308.2482604980469 1513.0972900390625
19.33177122940431 307.80487060546875 1513.302734375
19.365101869455007 307.66607666015625 1513.490234375
19.398432509505703 307.7185974121094 1513.779541015625
19.4317631495564 307.61328125 1513.8983154296875
19.465093789607096 307.9525146484375 1514.324951171875
19.498424429657796 308.0318298339844 1514.8380126953125
19.531755069708492 310.7905578613281 1515.958740234375
20.33169043092522 313.7896728515625 1522.490966796875
21.098295152091254 313.3608703613281 1525.0069580078125
21.13162579214195 313.3984375 1525.0638427734375
21.16495643219265 313.395263671875 1525.0653076171875
21.198287072243346 312.8315124511719 1525.679443359375
23.298117395437263 314.4465637207031 1524.5701904296875
23.33144803548796 313.57122802734375 1530.6558837890625
23.364778675538656 313.4172668457031 1530.0926513671875
23.398109315589352 313.6651916503906 1530.023681640625
23.43143995564005 313.72344970703125 1529.662841796875
23.631423795944233 318.26495361328125 1528.5552978515625
23.698085076045626 314.1568603515625 1527.48486328125
23.731415716096325 314.1761779785156 1527.2008056640625
23.764746356147022 314.50494384765625 1526.8868408203125
23.798076996197718 314.2419738769531 1526.6490478515625
23.831407636248414 314.3744201660156 1526.4266357421875
23.86473827629911 314.2762756347656 1526.3245849609375
23.89806891634981 313.7590637207031 1526.193359375
23.931399556400507 313.893798828125 1525.6700439453125
23.964730196451203 313.80535888671875 1525.837890625
23.9980608365019 313.6878967285156 1525.7596435546875
24.0313914765526 313.58270263671875 1525.786376953125
24.064722116603296 313.4094543457031 1525.610595703125
24.098052756653992 313.3065490722656 1525.5216064453125
24.13138339670469 313.2867736816406 1525.3162841796875
25.36461707858048 316.0877685546875 1534.1136474609375
25.431278358681876 322.339111328125 1532.8753662109375
25.531270278833965 334.852783203125 1536.7274169921875
25.564600918884665 341.2080078125 1538.6246337890625
46.36292031051964 198.5494384765625 1687.3731689453125
71.49422290874524 1223.983642578125 1760.2161865234375
80.69347956273764 76.89582061767578 1869.1859130859375
87.59292205323193 243.6847381591797 1954.25
94.25905006337135 160.90371704101562 1898.8900146484375
107.55797544359949 193.3595428466797 1878.5576171875
113.65748257287706 146.20863342285156 1711.5361328125
113.72414385297846 136.30027770996094 1713.6494140625
113.85746641318124 131.51979064941406 1702.3922119140625
113.92412769328263 136.6505584716797 1694.5479736328125
113.95745833333334 139.14553833007812 1690.789306640625
122.3901102661597 197.9270477294922 1402.057861328125
122.72341666666667 264.7713623046875 1259.0831298828125
122.95673114702154 301.5502624511719 1173.317626953125
123.09005370722433 319.2065124511719 1150.856201171875
123.15671498732573 325.4332275390625 1135.282958984375
123.22337626742713 330.313720703125 1116.447265625
123.25670690747782 332.32965087890625 1104.433837890625
123.29003754752851 333.2691650390625 1092.15625
123.3900294676806 330.5331726074219 1049.10791015625
123.4233601077313 328.290283203125 1035.4998779296875
123.62334394803548 325.6881408691406 988.777587890625
123.65667458808618 327.0023498535156 987.51513671875
123.72333586818758 333.6532287597656 990.728271484375
123.75666650823827 334.12005615234375 994.0953369140625
123.78999714828898 336.54205322265625 995.785400390625
123.88998906844107 342.8331604003906 994.1935424804688
123.98998098859316 346.9579772949219 981.8124389648438
124.02331162864385 348.5411071777344 974.0906372070312
124.15663418884664 349.8968811035156 930.5665283203125
124.22329546894804 351.0508117675781 912.7069091796875
124.25662610899873 352.5353088378906 904.9960327148438
124.28995674904942 354.5580139160156 898.182373046875
124.32328738910013 357.64306640625 893.4688110351562
124.72325506970849 411.08172607421875 886.2109375
124.85657762991127 424.1950378417969 850.3818359375
157.85391128010139 1247.1121826171875 1783.784912109375
157.98723384030419 1291.9779052734375 1767.7440185546875
158.08722576045628 1318.3939208984375 1773.1495361328125
175.85245690747783 154.21424865722656 1760.99267578125
175.8857875475285 148.23634338378906 1758.408447265625
189.31803548795943 260.6429748535156 1396.6312255859375
189.41802740811153 232.19166564941406 1388.3238525390625
189.6180112484157 181.64715576171875 1366.388671875
189.8179950887199 139.56106567382812 1356.6190185546875
189.98464828897337 116.32001495361328 1390.216552734375
190.01797892902408 111.939697265625 1401.45166015625
190.05130956907476 111.49056243896484 1411.193603515625
190.08464020912547 112.55284118652344 1418.71923828125
190.11797084917617 116.44536590576172 1425.483154296875
190.15130148922685 124.23225402832031 1430.4207763671875
195.95083285804816 85.6707992553711 1373.6915283203125
196.11748605830164 78.5157699584961 1392.09619140625
196.15081669835234 81.9241943359375 1392.76318359375
196.18414733840305 87.0677490234375 1391.4635009765625
207.34991175538656 486.3215637207031 1191.308837890625
207.54989559569074 439.9580993652344 1154.4190673828125
207.58322623574145 436.0643310546875 1150.961181640625
207.61655687579213 432.51605224609375 1148.85400390625
207.64988751584283 431.9341125488281 1146.6015625
207.68321815589354 430.7792053222656 1146.0926513671875
207.71654879594422 430.7059326171875 1146.1575927734375
207.74987943599493 431.2994384765625 1147.898681640625
207.78321007604563 434.185791015625 1149.774169921875
207.8165407160963 435.950439453125 1151.7874755859375
207.88320199619773 441.4538879394531 1155.449462890625
207.9498632762991 453.41680908203125 1156.4354248046875
208.78312927756653 788.9461669921875 1023.0294799804688
208.88312119771862 802.6546020507812 1017.8106689453125
208.94978247782 807.2929077148438 1012.6177978515625
209.2164275982256 801.5698852539062 1013.2941284179688
209.283088878327 794.6453857421875 1020.8074340820312
209.3164195183777 789.5122680664062 1025.6492919921875
209.34975015842838 782.8424072265625 1031.9759521484375
209.38308079847909 777.0596313476562 1036.767578125
209.4164114385298 773.9784545898438 1040.364990234375
209.44974207858047 771.3673095703125 1041.281494140625
209.48307271863118 769.914794921875 1041.141357421875
209.54973399873256 771.8919067382812 1040.3619384765625
209.58306463878327 773.68701171875 1038.810302734375
209.64972591888466 779.2193603515625 1034.86865234375
209.71638719898604 784.7568359375 1029.306884765625
209.81637911913813 795.7598266601562 1020.157958984375
209.88304039923955 802.3977661132812 1014.7498779296875
209.94970167934093 808.9099731445312 1010.9379272460938
209.98303231939164 812.2166137695312 1008.5697631835938
210.01636295944232 815.2289428710938 1007.2213134765625
210.04969359949303 818.9315795898438 1004.5359497070312
210.1163548795944 824.6826171875 1001.2792358398438
210.18301615969582 830.9947509765625 998.3692626953125
210.2496774397972 836.8743286132812 995.7932739257812
210.28300807984792 840.235107421875 994.7706909179688
210.3163387198986 842.5274658203125 993.7478637695312
210.383 848.3416137695312 992.0958862304688
