3.066666666666667 309.67669677734375 332.6871337890625
13.8 309.08978271484375 309.0705871582031
13.833333333333334 308.9140319824219 308.9544372558594
15.133333333333333 296.1819763183594 309.87115478515625
15.166666666666666 296.0030212402344 310.6814270019531
15.2 295.9764099121094 310.5888671875
16.9 296.2779541015625 308.9712829589844
18.433333333333334 315.3717041015625 314.2647399902344
22.833333333333332 297.1565246582031 339.4761657714844
35.46666666666667 280.14105224609375 260.9725341796875
58.233333333333334 288.24786376953125 309.8844909667969
67.8 301.7762145996094 304.65301513671875
71.4 308.8822937011719 308.9358825683594
72.83333333333333 313.98468017578125 304.21429443359375
77.5 281.8367614746094 309.3984069824219
77.53333333333333 281.86273193359375 309.7445983886719
77.56666666666666 281.84967041015625 309.7362060546875
78.03333333333333 289.5892333984375 298.2386474609375
83.46666666666667 302.77410888671875 303.40478515625
87.06666666666666 308.5348205566406 310.0926513671875
95.03333333333333 256.3642272949219 293.5787658691406
97.7 287.6015930175781 300.1239318847656
97.73333333333333 288.01727294921875 298.40509033203125
99.86666666666666 347.0661926269531 301.9383239746094
108.7 288.7297668457031 298.3907165527344
108.73333333333333 288.8277587890625 298.2287292480469
108.76666666666667 288.6156311035156 298.5054626464844
108.8 288.5435485839844 298.6695556640625
110.13333333333334 301.39678955078125 303.8839111328125
139.03333333333333 309.2314147949219 302.59881591796875
146.2 287.89276123046875 292.97100830078125
172.8 294.091796875 292.1870422363281
