1.6663868438379124 580.4810180664062 -82.82801055908203
1.8663532650984618 579.859619140625 -94.10798645019531
2.032991949482253 560.2789916992188 -105.17216491699219
2.4995802657568684 476.1108093261719 -159.7292022705078
2.6328912132639015 470.0421447753906 -169.16424560546875
2.699546687017418 469.7059631347656 -170.831787109375
3.8326897408271985 553.0523681640625 -204.29624938964844
3.932672951457473 558.6223754882812 -199.71632385253906
3.9993284252109897 559.6207885742188 -194.5704803466797
4.032656162087748 559.4248046875 -193.77378845214844
11.431413748728078 370.3114318847656 -163.50405883789062
11.598052433111869 355.4106750488281 -161.880126953125
35.22741787873347 534.4348754882812 -168.4844207763672
36.46054414317352 561.0663452148438 -150.3734588623047
38.36022514514874 446.3865051269531 -194.7887420654297
39.260074040821216 441.4373474121094 -185.56796264648438
40.65983898964506 427.862060546875 -173.46728515625
40.893133147782365 428.55908203125 -169.98851013183594
41.29306599030347 397.8133544921875 -174.85067749023438
41.35972146405698 392.4920349121094 -176.0173797607422
41.4263769378105 391.34490966796875 -177.40188598632812
41.55968788531753 385.9486389160156 -182.091064453125
41.593015622194294 385.5840759277344 -183.74656677246094
41.62634335907105 384.90924072265625 -184.70458984375
41.99294846471539 366.0196838378906 -185.8687744140625
42.59284772849704 361.1460876464844 -182.6526336669922
42.95945283414138 360.840087890625 -182.4810333251953
45.55901631052852 385.3718566894531 -168.16957092285156
45.592344047405284 385.7335205078125 -165.4558868408203
45.858965942419346 374.7713928222656 -150.87698364257812
45.8922936792961 374.76007080078125 -148.54608154296875
46.62550389058479 356.6101379394531 -143.72393798828125
46.79214257496858 361.7116394042969 -155.2926788330078
46.825470311845336 362.30328369140625 -159.38070678710938
48.2918907344227 397.10638427734375 -178.5271453857422
48.32521847129946 397.83770751953125 -176.44236755371094
48.59184036631352 387.2237243652344 -135.71568298339844
49.75831115700006 376.4434509277344 -113.92719268798828
49.858294367630336 376.423095703125 -118.41288757324219
49.99160531513737 369.64068603515625 -128.9603729248047
53.257723529059675 494.5440673828125 -141.61337280273438
53.29105126593644 494.48974609375 -141.52536010742188
67.95525549171006 511.0528564453125 -215.3885040283203
75.52065176273419 531.0730590820312 -166.4045867919922
75.92058460525529 502.5383605957031 -152.0842742919922
75.95391234213204 502.75360107421875 -153.2339324951172
75.9872400790088 502.5661315917969 -151.10304260253906
76.88708897468128 441.5382995605469 -126.50072479248047
77.25369408032562 406.75482177734375 -116.9061508178711
77.38700502783264 399.8326110839844 -114.06571960449219
78.02023202849105 354.7486877441406 -106.56085205078125
78.42016487101215 357.7236633300781 -124.39476776123047
78.48682034476568 357.4085998535156 -130.4949951171875
78.72011450290297 349.9510192871094 -154.11935424804688
78.75344223977973 349.9772644042969 -156.30474853515625
87.68527572275094 653.914306640625 -86.97179412841797
88.25184724965584 635.8421020507812 -103.59870910644531
110.18149811456276 440.9602966308594 -157.90504455566406
110.3148090620698 441.0087890625 -163.17132568359375
110.74806964146765 458.7601623535156 -161.51348876953125
110.78139737834441 458.5805969238281 -162.01922607421875
110.81472511522117 458.7629699707031 -163.1810760498047
110.84805285209792 458.9311828613281 -165.42828369140625
110.88138058897468 458.4026184082031 -166.804443359375
111.11467474711199 458.2217712402344 -173.03985595703125
111.38129664212606 476.4322814941406 -174.9339141845703
115.28064185670678 447.586181640625 -191.36338806152344
116.18049075237924 409.2314453125 -172.78038024902344
116.24714622613276 404.440185546875 -169.52386474609375
116.48044038427007 399.57464599609375 -151.33876037597656
116.51376812114682 399.6313171386719 -149.10662841796875
118.11349949123122 393.7045593261719 -165.91717529296875
118.34679364936854 399.43975830078125 -169.9036865234375
118.38012138624529 398.068359375 -172.63992309570312
118.41344912312205 398.4761657714844 -172.9832763671875
121.8795337583049 488.0052490234375 -151.18136596679688
121.97951696893519 479.265625 -156.7969512939453
125.17897970910397 500.4297180175781 -146.26416015625
129.74487966121984 500.6635437011719 -141.33807373046875
131.91118255820913 367.4141540527344 -182.50303649902344
132.04449350571616 361.4906311035156 -181.968994140625
132.24445992697673 354.8384094238281 -171.75192260742188
132.31111540073024 349.6394348144531 -167.0930938720703
132.44442634823727 343.5471496582031 -160.42041015625
132.47775408511401 343.03778076171875 -160.1063690185547
132.6443927694978 343.23699951171875 -158.851806640625
133.01099787514215 338.1420593261719 -151.66065979003906
133.04432561201892 337.9341125488281 -148.46388244628906
133.07765334889567 337.3785705566406 -146.6976776123047
134.0108299814449 333.1501770019531 -120.39781188964844
134.44409056084277 352.48236083984375 -114.96746063232422
134.54407377147305 352.80426025390625 -112.44700622558594
135.51057814089904 400.40631103515625 -107.98458099365234
137.27694819536723 483.4867858886719 -132.00540161132812
137.71020877476508 471.5125732421875 -147.73439025878906
137.81019198539533 470.95648193359375 -152.067626953125
137.8435197222721 470.6258239746094 -154.28884887695312
137.87684745914888 470.3282470703125 -155.23751831054688
137.91017519602562 470.5695495605469 -155.8866424560547
137.9435029329024 470.6522521972656 -156.7506103515625
137.97683066977913 470.5262145996094 -157.74148559570312
138.0101584066559 471.6385803222656 -159.8533935546875
138.1767970910397 464.4337463378906 -164.0290985107422
138.34343577542347 458.9348449707031 -167.406005859375
138.37676351230024 458.25616455078125 -167.8614501953125
138.410091249177 458.3890686035156 -168.58856201171875
138.67671314419107 453.61773681640625 -175.05892944335938
138.7100408810678 452.51751708984375 -175.82296752929688
138.74336861794458 452.2160339355469 -176.41773986816406
138.8766795654516 447.2840881347656 -175.4641876220703
138.91000730232838 447.4563293457031 -174.996826171875
139.00999051295864 440.4463806152344 -175.4949493408203
139.0433182498354 440.3092956542969 -175.03506469726562
139.37659561860298 434.41412353515625 -173.907470703125
139.40992335547975 434.24920654296875 -173.89671325683594
139.4432510923565 434.2673034667969 -173.38629150390625
139.6098897767403 429.12176513671875 -170.6468048095703
139.70987298737057 422.78424072265625 -168.2654571533203
139.97649488238463 416.6588134765625 -166.482421875
140.34309998802897 404.6316833496094 -161.65321350097656
140.67637735679656 393.14208984375 -151.47035217285156
141.2096211468247 375.5815734863281 -136.63015747070312
160.3730698509607 284.8785400390625 -119.64405059814453
167.23858364757288 672.3037109375 55.70330047607422
167.73849970072425 732.6995849609375 101.15084838867188
183.36920829592387 240.0159912109375 -149.67745971679688
187.20189803675106 573.4202880859375 -78.0595703125
187.26855351050457 580.4267578125 -82.7844467163086
187.46851993176514 579.8712768554688 -93.91236877441406
187.6351586161489 560.2811279296875 -105.21544647216797
188.10174693242354 475.99383544921875 -159.75978088378906
188.23505787993057 470.13116455078125 -168.05746459960938
188.30171335368408 469.674560546875 -170.8179931640625
189.43485640749387 553.0656127929688 -204.3041534423828
189.6348228287544 559.3873291015625 -193.57513427734375
197.20021909977854 354.66314697265625 -162.04244995117188
220.82958454540014 534.3375854492188 -168.81471252441406
222.06271080984018 561.0572509765625 -150.6199493408203
222.09603854671695 560.7417602539062 -149.96788024902344
223.96239181181542 446.4110107421875 -194.75250244140625
224.8622407074879 441.3418273925781 -185.60850524902344
226.26200565631174 427.8995361328125 -173.4277801513672
226.32866113006526 428.6302490234375 -172.23171997070312
226.49529981444903 428.5921630859375 -169.9444580078125
226.89523265697014 397.7834777832031 -174.827392578125
226.96188813072365 392.45166015625 -176.0226593017578
227.02854360447716 391.42047119140625 -177.25119018554688
227.1618545519842 385.93902587890625 -182.13160705566406
227.22851002573773 384.4800720214844 -184.3000946044922
227.59511513138207 366.0086669921875 -185.86419677734375
228.19501439516372 361.16156005859375 -182.7682342529297
228.56161950080806 360.8617248535156 -182.4181671142578
228.6949304483151 366.7466735839844 -183.19677734375
231.16118297719518 385.36773681640625 -168.2806854248047
231.19451071407195 385.7532653808594 -165.45411682128906
231.29449392470224 380.66424560546875 -157.78700256347656
231.461132609086 374.776123046875 -150.84536743164062
231.49446034596278 374.76666259765625 -148.56539916992188
232.22767055725146 356.6102600097656 -143.70240783691406
232.39430924163526 361.795654296875 -155.32284545898438
233.89405740108938 397.1006774902344 -178.43125915527344
233.92738513796613 397.89337158203125 -175.49691772460938
234.1940070329802 387.2362976074219 -135.75674438476562
235.36047782366674 376.5201721191406 -113.80766296386719
235.460461034297 376.40679931640625 -118.41011047363281
235.59377198180405 369.47760009765625 -128.8105926513672
238.85989019572634 494.5402526855469 -141.59329223632812
238.8932179326031 494.4549865722656 -141.54701232910156
253.55742215837674 511.0541076660156 -215.4969024658203
261.12281842940087 530.9521484375 -166.44216918945312
261.5894067456755 502.6021728515625 -151.09011840820312
262.9891716944993 399.7962341308594 -114.09333038330078
263.58907095828096 357.4892272949219 -105.69181060791016
263.6223986951577 354.4761047363281 -106.45597839355469
263.722381905788 352.1612243652344 -106.3044204711914
264.02233153767884 357.7530822753906 -124.40644073486328
264.0556592745556 357.43743896484375 -127.3688735961914
264.0889870114323 356.8269958496094 -130.1699676513672
264.1889702220626 355.6448974609375 -139.82945251464844
264.32228116956964 349.8863220214844 -154.09242248535156
264.35560890644643 349.7434997558594 -156.2337646484375
273.2874423894176 654.0171508789062 -87.05191802978516
273.8540139163225 635.8314819335938 -103.49127960205078
295.78366478122945 440.97119140625 -157.8176727294922
295.9169757287365 440.99322509765625 -163.1565704345703
296.3502363081343 458.78955078125 -161.50326538085938
296.41689178188784 458.76031494140625 -163.16641235351562
296.4502195187646 458.865234375 -165.4702606201172
296.4835472556414 458.3620910644531 -166.75311279296875
296.71684141377864 458.23974609375 -173.04092407226562
296.98346330879275 476.4139404296875 -174.97865295410156
300.88280852337346 447.5321960449219 -191.45249938964844
301.44938005027836 422.696044921875 -192.06304931640625
301.7826574190459 409.23675537109375 -172.62062072753906
301.84931289279945 404.1932067871094 -169.4087371826172
302.1159347878135 399.627197265625 -149.1381378173828
303.2157501047465 370.45721435546875 -164.27685546875
303.7156661578979 393.8690185546875 -165.93724060058594
303.9489603160352 399.3892517089844 -169.96112060546875
303.98228805291194 398.0622253417969 -172.67404174804688
307.48170042497156 488.0075988769531 -151.21005249023438
315.3470463278865 500.67041015625 -141.33892822265625
317.5133492248758 367.0382080078125 -182.7296905517578
317.64666017238284 361.4902038574219 -181.9044952392578
317.8466265936434 354.8176574707031 -171.7096710205078
317.9132820673969 349.6151428222656 -167.08709716796875
318.0465930149039 343.6129150390625 -159.96762084960938
318.0799207517807 343.0403137207031 -160.23745727539062
318.2465594361645 342.8779296875 -157.95265197753906
318.6131645418088 338.141357421875 -151.64804077148438
318.64649227868557 337.92181396484375 -148.47288513183594
318.67982001556237 337.2081604003906 -146.60519409179688
319.61299664811156 333.15264892578125 -120.4228515625
320.04625722750944 352.5237731933594 -115.00235748291016
320.1462404381397 352.73504638671875 -112.48711395263672
320.51284554378407 370.15496826171875 -107.50261688232422
320.67948422816784 382.0956726074219 -106.421875
323.31237544143175 471.5130310058594 -147.76434326171875
323.41235865206204 470.9604797363281 -152.11917114257812
323.4456863889388 470.9336853027344 -154.05853271484375
323.4790141258155 470.3575744628906 -155.1426544189453
323.51234186269227 470.5637512207031 -155.81649780273438
323.54566959956907 470.67156982421875 -156.7343292236328
323.5789973364458 470.5372009277344 -157.79266357421875
323.61232507332255 471.6213073730469 -159.83377075195312
323.7789637577064 464.429443359375 -164.09100341796875
323.94560244209015 458.95050048828125 -167.44302368164062
323.9789301789669 458.2568054199219 -167.86854553222656
324.0122579158437 458.3779296875 -168.57310485839844
324.3122075477345 452.53009033203125 -175.7825164794922
324.34553528461123 452.20330810546875 -176.38450622558594
324.47884623211826 447.1062927246094 -176.13833618164062
324.51217396899506 447.52252197265625 -174.98965454101562
324.57882944274854 440.9733581542969 -175.14134216308594
324.61215717962534 440.3768310546875 -175.38983154296875
324.6454849165021 440.3419189453125 -175.03695678710938
324.9787622852697 434.3975524902344 -173.93138122558594
325.0120900221464 434.2327880859375 -173.99237060546875
325.04541775902317 434.27606201171875 -173.46530151367188
325.212056443407 429.10418701171875 -170.6367645263672
325.3120396540372 422.765380859375 -168.2738494873047
325.57866154905133 416.6694030761719 -166.52308654785156
325.9452666546957 404.6359558105469 -161.6221160888672
326.2785440234632 393.1260070800781 -151.38755798339844
326.8117878134914 375.60302734375 -136.6087646484375
345.97523651762737 284.8990478515625 -119.74861907958984
352.84075031423953 672.1798706054688 55.33822250366211
368.9713749625905 240.01785278320312 -149.52407836914062
