1.6666666666666667 391.7958984375 1262.2625732421875
1.7333333333333334 392.3683776855469 1264.0487060546875
1.7666666666666666 392.3722229003906 1264.3389892578125
1.8 392.6934814453125 1264.9693603515625
5.966666666666667 431.91943359375 1218.8724365234375
7.433333333333334 440.6448974609375 1235.620849609375
7.566666666666666 441.62109375 1238.5394287109375
11.233333333333333 446.62921142578125 1230.039306640625
16.933333333333334 636.8875732421875 1238.21826171875
17.533333333333335 600.3955688476562 1252.2523193359375
17.566666666666666 600.2562255859375 1252.2457275390625
17.6 600.22265625 1251.6275634765625
18.433333333333334 574.0802612304688 1219.67431640625
19.166666666666668 521.19580078125 1216.8267822265625
19.666666666666668 505.28863525390625 1207.2132568359375
22.2 439.5348815917969 1235.131103515625
22.233333333333334 439.6353759765625 1235.73291015625
24.633333333333333 371.8821105957031 1203.233642578125
25.733333333333334 366.240966796875 1203.07568359375
25.933333333333334 363.49224853515625 1202.5679931640625
25.966666666666665 363.75518798828125 1202.1448974609375
26.0 363.2120056152344 1201.86328125
26.1 363.0703430175781 1200.083984375
26.166666666666668 364.8791809082031 1198.3192138671875
26.466666666666665 378.58416748046875 1189.3536376953125
26.733333333333334 382.7220153808594 1184.5438232421875
26.833333333333332 383.9131774902344 1182.2421875
27.966666666666665 392.0924377441406 1194.6710205078125
28.3 398.7038269042969 1198.1741943359375
28.6 400.25482177734375 1204.3709716796875
28.933333333333334 399.33258056640625 1218.6973876953125
29.6 423.1374816894531 1219.5469970703125
29.633333333333333 423.7697448730469 1219.5091552734375
29.7 425.71856689453125 1216.78564453125
31.2 419.5318908691406 1233.902587890625
31.566666666666666 426.01666259765625 1226.309814453125
34.06666666666667 409.3584899902344 1206.4798583984375
34.166666666666664 405.06195068359375 1209.409423828125
34.53333333333333 392.6449279785156 1216.6798095703125
34.63333333333333 390.20623779296875 1217.3563232421875
35.4 383.6064147949219 1222.3414306640625
35.53333333333333 389.9551696777344 1219.975830078125
35.56666666666667 391.9166564941406 1218.8270263671875
35.666666666666664 402.24578857421875 1216.2325439453125
36.4 422.6144714355469 1192.044677734375
36.46666666666667 423.3315124511719 1190.4404296875
37.06666666666667 411.1968688964844 1188.1243896484375
37.266666666666666 397.16131591796875 1200.6246337890625
37.6 396.7953796386719 1207.5294189453125
37.766666666666666 405.3132629394531 1203.3114013671875
38.03333333333333 419.5800476074219 1192.2843017578125
38.5 410.8637390136719 1192.5401611328125
38.7 405.8307189941406 1201.4130859375
38.93333333333333 404.9615173339844 1210.2625732421875
39.03333333333333 403.949951171875 1212.442138671875
39.06666666666667 403.552490234375 1212.9869384765625
39.1 403.94207763671875 1213.5267333984375
39.13333333333333 403.93170166015625 1213.7291259765625
39.63333333333333 417.8600769042969 1210.5218505859375
40.03333333333333 417.91741943359375 1205.2265625
40.06666666666667 418.9121398925781 1208.6298828125
40.36666666666667 405.1369323730469 1219.3089599609375
40.46666666666667 403.3900146484375 1223.8458251953125
41.63333333333333 412.30987548828125 1221.673095703125
41.666666666666664 412.6657409667969 1221.4005126953125
41.8 413.5247802734375 1219.855224609375
41.833333333333336 414.631103515625 1221.2015380859375
42.46666666666667 410.3055419921875 1209.587646484375
44.36666666666667 424.634765625 1223.2916259765625
44.6 426.78594970703125 1222.572021484375
44.733333333333334 426.2680969238281 1221.5186767578125
45.03333333333333 411.9404602050781 1227.9891357421875
45.2 404.43707275390625 1235.1380615234375
45.233333333333334 405.1841735839844 1235.695068359375
45.266666666666666 405.10113525390625 1236.0157470703125
45.3 405.2635498046875 1236.6514892578125
45.333333333333336 405.37091064453125 1237.0037841796875
45.733333333333334 416.1193542480469 1230.0723876953125
46.2 411.8380126953125 1226.6431884765625
46.333333333333336 409.7420654296875 1227.7742919921875
46.666666666666664 403.0175476074219 1228.793701171875
46.7 403.0721740722656 1227.9539794921875
46.733333333333334 403.06182861328125 1227.7496337890625
47.03333333333333 404.5820007324219 1224.9171142578125
47.233333333333334 419.11297607421875 1216.3233642578125
47.3 424.5356750488281 1213.6646728515625
48.03333333333333 429.4483642578125 1208.3458251953125
48.2 424.4049072265625 1214.1400146484375
48.266666666666666 424.60516357421875 1216.0406494140625
48.36666666666667 423.3127746582031 1218.654541015625
48.5 424.32110595703125 1221.8631591796875
48.63333333333333 424.9800720214844 1224.891357421875
48.766666666666666 426.2012939453125 1228.6705322265625
48.8 426.8533935546875 1229.3890380859375
51.233333333333334 409.77667236328125 1245.22119140625
51.4 412.13482666015625 1245.850830078125
53.733333333333334 440.23046875 1231.3740234375
54.56666666666667 416.1428527832031 1223.9285888671875
54.6 416.1626281738281 1223.9554443359375
55.36666666666667 411.56610107421875 1222.3809814453125
55.4 411.5483093261719 1222.3594970703125
56.06666666666667 443.68841552734375 1202.2108154296875
56.13333333333333 445.3020324707031 1200.403564453125
56.4 450.69207763671875 1193.878662109375
56.63333333333333 444.775634765625 1194.3807373046875
56.9 425.5746154785156 1208.005126953125
56.93333333333333 426.825439453125 1212.4771728515625
57.0 421.3109436035156 1211.0753173828125
57.03333333333333 421.0610046386719 1211.7371826171875
57.1 419.4461975097656 1213.195068359375
57.13333333333333 419.4954833984375 1213.334716796875
57.166666666666664 419.768798828125 1213.8173828125
57.36666666666667 424.69989013671875 1211.13818359375
58.06666666666667 457.7886047363281 1183.6925048828125
58.53333333333333 454.5400695800781 1180.789794921875
59.03333333333333 430.3568420410156 1196.5615234375
59.06666666666667 428.7716064453125 1197.815185546875
59.233333333333334 427.9870910644531 1199.7581787109375
59.7 444.93023681640625 1189.833251953125
60.666666666666664 448.7442626953125 1171.8929443359375
61.266666666666666 450.63238525390625 1166.6177978515625
61.5 438.29986572265625 1173.77978515625
62.1 408.6376953125 1194.6646728515625
62.233333333333334 401.8931884765625 1196.0980224609375
62.266666666666666 401.799560546875 1196.1014404296875
62.3 400.3127746582031 1195.7813720703125
62.36666666666667 397.1062316894531 1195.5447998046875
62.43333333333333 397.65618896484375 1193.9473876953125
62.5 396.1383361816406 1193.2694091796875
63.233333333333334 394.26397705078125 1185.7291259765625
63.53333333333333 402.4189147949219 1183.681884765625
63.56666666666667 402.3507080078125 1183.5753173828125
63.6 404.3116149902344 1186.27392578125
64.13333333333334 391.4273986816406 1199.0107421875
64.16666666666667 388.2557067871094 1200.77734375
64.5 370.77276611328125 1216.0406494140625
64.56666666666666 371.06854248046875 1221.6781005859375
64.66666666666667 364.6456604003906 1220.441162109375
64.83333333333333 361.75836181640625 1222.2972412109375
64.86666666666666 361.8060302734375 1222.4556884765625
64.9 361.8585510253906 1222.3240966796875
65.16666666666667 372.36151123046875 1213.4686279296875
65.26666666666667 377.2824401855469 1209.9710693359375
65.4 382.78656005859375 1205.769775390625
65.43333333333334 383.9817810058594 1204.7823486328125
65.46666666666667 383.9415588378906 1204.5484619140625
65.5 385.80615234375 1203.64453125
66.2 405.90838623046875 1193.1121826171875
66.56666666666666 397.97808837890625 1203.3409423828125
66.93333333333334 390.5039978027344 1211.2923583984375
67.5 384.99676513671875 1215.1685791015625
67.56666666666666 386.2335510253906 1214.197998046875
67.6 386.2718200683594 1213.47314453125
67.63333333333334 388.0467834472656 1212.26806640625
67.66666666666667 390.3104553222656 1211.068603515625
67.73333333333333 391.903564453125 1208.3631591796875
68.03333333333333 403.4081726074219 1198.408935546875
68.06666666666666 406.296142578125 1200.8848876953125
68.46666666666667 402.4452819824219 1195.406494140625
68.5 402.57586669921875 1195.545654296875
68.73333333333333 394.4342041015625 1199.7529296875
68.9 389.9246826171875 1202.534423828125
69.23333333333333 383.4244079589844 1204.588623046875
69.26666666666667 382.8335876464844 1204.1927490234375
69.53333333333333 378.2793273925781 1203.4122314453125
70.43333333333334 382.5989685058594 1206.9593505859375
70.63333333333334 389.3287353515625 1206.58056640625
70.86666666666666 396.8921813964844 1205.5843505859375
70.9 397.0023498535156 1205.5980224609375
71.16666666666667 404.30267333984375 1205.6375732421875
71.53333333333333 408.6271057128906 1205.9808349609375
71.63333333333334 408.5732116699219 1205.9927978515625
71.73333333333333 408.7601013183594 1205.5963134765625
72.83333333333333 412.35205078125 1197.503173828125
73.03333333333333 418.3297119140625 1198.78466796875
73.06666666666666 416.84967041015625 1195.71533203125
73.1 416.8818054199219 1195.7008056640625
73.33333333333333 418.4980773925781 1196.1209716796875
74.26666666666667 408.4637451171875 1192.4593505859375
74.4 407.73126220703125 1189.9652099609375
74.56666666666666 407.99407958984375 1186.41015625
74.76666666666667 408.1044006347656 1181.9306640625
75.2 404.97967529296875 1176.47216796875
75.3 405.0525817871094 1175.57958984375
75.33333333333333 404.958740234375 1175.4447021484375
75.36666666666666 404.8170471191406 1175.078125
75.43333333333334 403.0685729980469 1174.7861328125
75.53333333333333 404.833984375 1176.189697265625
75.56666666666666 402.6784973144531 1173.53125
75.6 402.6461181640625 1173.2470703125
75.63333333333334 402.8821716308594 1172.588134765625
75.8 404.5939636230469 1174.09521484375
75.93333333333334 400.8128662109375 1172.1485595703125
76.1 398.7918395996094 1175.287109375
76.16666666666667 396.3514404296875 1173.8575439453125
76.23333333333333 399.9932861328125 1177.884765625
76.3 394.4222106933594 1176.168701171875
76.4 395.2178649902344 1176.9158935546875
76.5 393.6472473144531 1178.3787841796875
77.96666666666667 396.64276123046875 1216.9375
78.16666666666667 397.45794677734375 1220.9603271484375
78.2 398.1592712402344 1222.1270751953125
78.26666666666667 398.3768615722656 1223.315185546875
78.66666666666667 392.1339111328125 1231.09765625
79.13333333333334 386.21630859375 1238.7015380859375
79.33333333333333 385.5355529785156 1242.2862548828125
79.76666666666667 387.0330505371094 1247.0953369140625
80.36666666666666 384.6953430175781 1244.404541015625
80.4 384.6351318359375 1243.3828125
80.46666666666667 383.67535400390625 1241.144775390625
80.5 383.3597412109375 1240.1649169921875
80.66666666666667 378.348876953125 1235.05859375
80.7 377.69354248046875 1234.5289306640625
81.26666666666667 374.11712646484375 1220.0396728515625
81.7 384.12451171875 1211.0491943359375
82.26666666666667 398.9717102050781 1197.4525146484375
82.3 397.37628173828125 1193.9173583984375
83.4 404.4143981933594 1189.2215576171875
83.93333333333334 404.3717956542969 1198.1875
84.06666666666666 407.1295166015625 1202.552734375
84.6 398.4330749511719 1202.3980712890625
84.63333333333334 397.3547668457031 1202.635498046875
84.66666666666667 396.65704345703125 1202.524658203125
84.7 396.6585693359375 1202.3902587890625
85.13333333333334 390.16064453125 1205.4466552734375
85.16666666666667 390.03363037109375 1205.0235595703125
85.3 383.5628356933594 1201.6572265625
85.4 380.1287841796875 1202.5225830078125
85.8 362.8909912109375 1204.1536865234375
86.5 334.6476745605469 1212.8399658203125
86.6 329.8746337890625 1215.7802734375
86.83333333333333 324.40179443359375 1220.0533447265625
86.86666666666666 324.44769287109375 1220.072509765625
87.43333333333334 315.8038635253906 1233.88427734375
88.23333333333333 314.8445739746094 1257.4827880859375
88.36666666666666 316.9491271972656 1264.0106201171875
88.4 312.8639221191406 1263.097412109375
88.86666666666666 317.8192138671875 1285.138671875
88.93333333333334 319.2447509765625 1287.3017578125
89.26666666666667 328.14227294921875 1296.77978515625
89.3 328.1484375 1297.542724609375
89.36666666666666 329.94329833984375 1298.236083984375
89.4 330.05242919921875 1299.166748046875
89.6 331.5260009765625 1301.3846435546875
89.8 336.6268310546875 1302.1202392578125
89.83333333333333 337.0233154296875 1302.0596923828125
89.86666666666666 336.95947265625 1302.06103515625
90.5 347.5865783691406 1303.12158203125
90.86666666666666 351.9398498535156 1296.7506103515625
90.9 351.5696105957031 1296.0390625
90.96666666666667 352.936767578125 1293.1724853515625
93.2 427.3477783203125 1273.488037109375
93.9 447.46466064453125 1249.6884765625
94.3 449.98590087890625 1242.7113037109375
97.43333333333334 485.8075256347656 1232.8621826171875
98.43333333333334 466.9189758300781 1238.6982421875
100.33333333333333 418.873046875 1251.2520751953125
101.53333333333333 448.02093505859375 1251.585205078125
102.7 481.89215087890625 1240.14599609375
102.73333333333333 481.4530334472656 1238.96728515625
102.76666666666667 481.4970397949219 1238.4840087890625
102.8 481.28839111328125 1237.6729736328125
102.83333333333333 481.0915832519531 1236.7125244140625
104.43333333333334 452.95941162109375 1218.015869140625
104.46666666666667 452.9522705078125 1218.0047607421875
104.5 453.2774658203125 1218.3974609375
110.7 466.33624267578125 1186.297119140625
117.63333333333334 478.4244689941406 1220.3238525390625
120.6 494.0162658691406 1194.0196533203125
120.66666666666667 492.1460876464844 1195.095703125
127.13333333333334 481.4917297363281 1216.5972900390625
128.16666666666666 508.56109619140625 1214.0938720703125
129.33333333333334 491.9095764160156 1245.6859130859375
130.86666666666667 503.0821838378906 1230.4195556640625
131.86666666666667 520.8630981445312 1220.859619140625
133.16666666666666 508.1528015136719 1225.526123046875
133.9 507.91064453125 1222.466552734375
138.76666666666668 453.618408203125 1253.0828857421875
142.03333333333333 583.974609375 1227.4503173828125
143.53333333333333 528.9992065429688 1223.4862060546875
145.53333333333333 484.3388366699219 1237.4134521484375
150.56666666666666 496.2312316894531 1232.3447265625
153.7 486.1456298828125 1248.469970703125
156.1 451.0285339355469 1266.715087890625
156.13333333333333 455.5361328125 1268.2276611328125
156.63333333333333 451.0412292480469 1259.6234130859375
157.66666666666666 455.5721740722656 1257.938232421875
157.76666666666668 456.4052734375 1254.954345703125
158.76666666666668 461.39990234375 1241.803955078125
159.1 439.6606140136719 1250.4735107421875
159.4 430.6119384765625 1256.19873046875
159.66666666666666 439.0369567871094 1247.203857421875
159.93333333333334 444.1297302246094 1234.983642578125
160.0 445.4544677734375 1236.326171875
162.4 439.3011169433594 1229.6688232421875
162.43333333333334 439.2155456542969 1229.85595703125
162.63333333333333 436.58441162109375 1233.093017578125
164.86666666666667 432.3158264160156 1212.026123046875
165.03333333333333 423.4976501464844 1220.0216064453125
165.16666666666666 416.48321533203125 1226.4210205078125
165.76666666666668 402.8951721191406 1238.773681640625
165.93333333333334 412.0501708984375 1233.3291015625
166.63333333333333 426.32489013671875 1218.7254638671875
167.33333333333334 405.9294128417969 1237.652099609375
167.4 406.577880859375 1237.84326171875
167.5 409.8890686035156 1237.152099609375
169.43333333333334 412.359619140625 1222.3189697265625
169.46666666666667 411.7550964355469 1222.2293701171875
169.6 416.39361572265625 1221.3707275390625
170.4 425.1698913574219 1217.5478515625
170.63333333333333 423.7833251953125 1218.437744140625
170.66666666666666 423.9971923828125 1218.329345703125
170.93333333333334 423.4656982421875 1218.6719970703125
171.43333333333334 430.95550537109375 1207.673095703125
172.66666666666666 438.5567321777344 1203.4779052734375
173.1 422.431884765625 1216.603759765625
173.13333333333333 420.9360046386719 1217.322509765625
173.2 417.3722839355469 1219.649658203125
173.23333333333332 415.1614685058594 1221.3013916015625
173.46666666666667 398.5745849609375 1232.29638671875
173.8 383.8181457519531 1237.2042236328125
173.83333333333334 384.05560302734375 1236.79736328125
173.9 382.411865234375 1235.66015625
174.4 400.2726745605469 1214.802978515625
174.8 412.1007995605469 1208.468505859375
175.36666666666667 400.24774169921875 1213.762939453125
175.93333333333334 377.47314453125 1227.215576171875
176.46666666666667 390.41998291015625 1226.0079345703125
176.8 397.2718811035156 1218.5394287109375
176.83333333333334 398.128662109375 1217.55712890625
176.86666666666667 398.170654296875 1216.8818359375
176.9 397.9595642089844 1216.64453125
176.96666666666667 399.34765625 1215.4395751953125
177.66666666666666 405.3519592285156 1218.3465576171875
177.7 405.2490539550781 1218.301025390625
178.1 410.99224853515625 1219.4615478515625
179.23333333333332 435.7388000488281 1218.8050537109375
179.26666666666668 435.7335205078125 1218.8494873046875
179.3 435.7335205078125 1218.8494873046875
179.33333333333334 435.72662353515625 1218.8375244140625
179.36666666666667 435.7032470703125 1218.9559326171875
179.9 433.03338623046875 1215.5616455078125
180.66666666666666 405.4921875 1213.7362060546875
181.13333333333333 396.20751953125 1209.9892578125
181.73333333333332 397.4897155761719 1207.42333984375
181.9 397.50640869140625 1207.6959228515625
182.2 402.7745666503906 1208.9420166015625
182.8 399.259033203125 1209.7481689453125
182.9 398.43365478515625 1209.96337890625
183.0 396.95166015625 1210.327392578125
183.23333333333332 398.3150634765625 1210.58154296875
183.33333333333334 395.87896728515625 1210.849853515625
183.73333333333332 396.68609619140625 1212.2420654296875
184.56666666666666 405.473388671875 1216.12744140625
184.76666666666668 411.0804138183594 1217.3138427734375
185.06666666666666 418.0267639160156 1218.5318603515625
185.36666666666667 425.97723388671875 1221.939697265625
