5.899283070974869 693.94140625 1772.5364990234375
5.932612353861733 693.9539794921875 1772.289794921875
5.965941636748596 693.8994750976562 1772.2733154296875
5.999270919635459 693.899658203125 1772.24072265625
6.032600202522324 691.20947265625 1771.397705078125
6.065929485409187 691.2037963867188 1771.3375244140625
6.099258768296051 691.2691650390625 1771.3648681640625
6.132588051182915 693.4119873046875 1772.7508544921875
6.165917334069778 691.2280883789062 1771.41650390625
6.199246616956642 691.3742065429688 1771.493408203125
6.232575899843505 691.5255737304688 1771.7679443359375
17.99781275890638 690.85791015625 1771.0162353515625
18.03114204179324 690.851318359375 1771.0108642578125
18.064471324680106 690.9087524414062 1771.0306396484375
18.26444702200129 690.856201171875 1771.419677734375
18.597739850869925 690.7300415039062 1771.1497802734375
18.63106913375679 690.7627563476562 1769.8824462890625
18.664398416643653 690.1885375976562 1769.5528564453125
18.764386265304243 688.9781494140625 1766.212158203125
18.797715548191107 688.8327026367188 1763.5487060546875
19.2643255086072 685.02978515625 1745.9639892578125
19.29765479149406 683.0077514648438 1744.580322265625
19.330984074380925 682.7722778320312 1743.81787109375
19.397642640154654 685.479248046875 1741.8223876953125
20.19754542943938 681.1536254882812 1736.9307861328125
20.26420399521311 681.2380981445312 1737.6275634765625
20.297533278099973 681.5671997070312 1738.3372802734375
20.330862560986837 681.55517578125 1738.661376953125
20.3641918438737 681.6293334960938 1738.7713623046875
21.097436067384702 687.176513671875 1756.6011962890625
21.130765350271563 689.593994140625 1758.867431640625
21.29741176470588 688.946533203125 1761.8753662109375
21.330741047592745 689.0643920898438 1762.660888671875
21.43072889625334 689.7470703125 1765.156005859375
21.564046027800792 690.7596435546875 1769.6851806640625
22.89721734327534 699.8497314453125 1795.573974609375
30.92957451900948 702.7034912109375 1791.9974365234375
31.029562367670074 702.5777587890625 1792.16943359375
31.196208782104392 702.8966674804688 1792.4071044921875
31.229538064991257 702.9005126953125 1792.4166259765625
31.929453005615393 698.939453125 1792.5604248046875
32.629367946239526 696.396728515625 1789.143798828125
34.962417748319986 692.5489501953125 1777.2022705078125
35.062405596980575 692.6536254882812 1780.1544189453125
45.16117831170027 693.2781982421875 1774.401123046875
45.19450759458713 691.85107421875 1775.0498046875
45.227836877474 692.066162109375 1774.9320068359375
45.26116616036086 691.9058227539062 1775.03466796875
45.29449544324772 692.0242309570312 1775.0732421875
45.32782472613459 692.0783081054688 1775.1270751953125
45.36115400902145 691.98876953125 1775.20068359375
45.394483291908315 692.0491943359375 1775.395751953125
48.36078946883918 691.44091796875 1772.6121826171875
48.42744803461291 693.100341796875 1772.621337890625
48.46077731749977 691.878173828125 1768.39208984375
48.49410660038664 691.9675903320312 1768.2823486328125
48.5274358832735 691.8812255859375 1767.8057861328125
48.56076516616036 693.1903076171875 1772.506103515625
48.594094449047226 693.31103515625 1772.5714111328125
59.89272134769401 700.4124145507812 1778.31787109375
59.926050630580875 700.389404296875 1778.435302734375
59.992709196354596 697.135986328125 1777.7381591796875
60.42598987388383 696.35498046875 1777.8302001953125
62.05912473534015 693.8558959960938 1779.5516357421875
71.65795820675689 699.7607421875 1782.4866943359375
74.22431298904539 700.0408935546875 1782.777587890625
77.29060701463685 702.3380126953125 1777.026123046875
77.3239362975237 702.3277587890625 1776.95751953125
77.95719267237412 698.8102416992188 1776.014404296875
77.99052195526097 698.8184204101562 1775.9781494140625
78.02385123814784 698.7091064453125 1776.042236328125
78.4238026327902 697.0996704101562 1775.3480224609375
78.5237904814508 696.8942260742188 1775.469970703125
78.55711976433766 696.85107421875 1775.5516357421875
79.02372972475375 695.7102661132812 1775.4466552734375
85.55626917057903 695.1402587890625 1778.2127685546875
87.22273331492221 694.3177490234375 1777.32373046875
87.25606259780908 694.2990112304688 1777.6708984375
94.08856558961612 695.57861328125 1781.2957763671875
94.12189487250299 695.55859375 1781.313720703125
94.18855343827671 695.28955078125 1781.1002197265625
94.22188272116358 695.2977294921875 1780.6839599609375
104.88725324495995 691.95458984375 1776.4189453125
104.92058252784682 691.9180908203125 1776.3792724609375
105.45385105403663 691.9017944335938 1776.307861328125
106.42040025775569 691.790771484375 1778.5914306640625
115.98590444628556 693.88623046875 1776.518798828125
116.35252655804106 695.1192016601562 1778.7418212890625
118.75223492589524 697.319091796875 1782.6842041015625
118.98553990610328 700.38427734375 1784.6317138671875
119.01886918899015 700.380859375 1784.8472900390625
119.21884488631133 700.6717529296875 1785.3939208984375
119.2521741691982 700.6116333007812 1785.400634765625
119.28550345208507 700.6398315429688 1785.4326171875
119.81877197827488 698.2782592773438 1783.8560791015625
119.85210126116175 698.2659301757812 1784.0040283203125
119.8854305440486 698.3674926757812 1783.8939208984375
120.01874767559606 698.2582397460938 1784.18896484375
120.11873552425665 698.4661254882812 1784.1954345703125
120.28538193869097 698.4888305664062 1784.1424560546875
120.31871122157783 698.4906005859375 1784.1524658203125
120.3520405044647 698.5031127929688 1784.1563720703125
120.38536978735156 698.5179443359375 1784.184326171875
120.41869907023843 698.5057373046875 1784.1444091796875
120.45202835312529 698.5206909179688 1784.1536865234375
120.48535763601215 698.5226440429688 1784.146240234375
120.58534548467274 698.4876708984375 1784.15966796875
120.61867476755961 698.483642578125 1784.1575927734375
120.65200405044646 698.474609375 1784.2384033203125
120.68533333333333 698.4014282226562 1784.24951171875
