0.09999787342633548 780.3162231445312 1720.7349853515625
0.29999362027900645 776.1231689453125 1719.0096435546875
0.633319865033458 769.812744140625 1719.732421875
0.6666524895089032 767.2879638671875 1719.8795166015625
1.666631223772258 771.1373291015625 1747.8861083984375
1.7332964727231484 769.7254028320312 1749.79296875
2.533279460133832 783.432373046875 1763.307373046875
2.5999447090847227 782.9694213867188 1764.3389892578125
2.6332773335601676 782.911376953125 1764.3709716796875
2.666609958035613 783.3939819335938 1762.302001953125
3.3665950720199613 768.7295532226562 1744.8026123046875
5.266554667120335 789.0664672851562 1751.3822021484375
8.166492996484065 531.1404418945312 335.794921875
8.19982562095951 522.399169921875 321.2945556640625
8.2664908699104 506.3335876464844 302.3528137207031
8.533151865713961 442.9533386230469 331.689208984375
8.566484490189406 440.3610534667969 343.16943359375
8.599817114664852 438.6264343261719 357.4901428222656
10.399778836338891 829.35498046875 1440.921875
17.49962784960871 542.2998657226562 359.80401611328125
17.532960474084156 534.2081909179688 359.9831848144531
17.599625723035047 522.9866333007812 368.7966003417969
17.699623596461382 505.27154541015625 397.2148132324219
17.766288845412273 497.138671875 417.0826110839844
17.799621469887718 494.7919921875 426.77313232421875
17.83295409436316 491.706787109375 437.0439147949219
17.866286718838605 488.0306091308594 448.09393310546875
17.89961934331405 484.77850341796875 459.6028137207031
17.932951967789496 479.353759765625 473.80841064453125
17.96628459226494 473.45416259765625 489.05712890625
18.166280339117613 432.94647216796875 582.2018432617188
18.232945588068503 429.3867492675781 609.9358520507812
18.26627821254395 428.0632629394531 623.5527954101562
18.299610837019394 428.9195556640625 636.8809204101562
18.33294346149484 429.2515869140625 650.1624755859375
18.366276085970284 430.0221252441406 663.934814453125
18.39960871044573 430.7183532714844 677.2223510742188
18.432941334921175 430.62506103515625 690.788818359375
18.46627395939662 432.7030029296875 702.8028564453125
18.53293920834751 440.03338623046875 722.11669921875
18.566271832822956 445.94744873046875 729.8140258789062
18.5996044572984 452.6529846191406 736.6253662109375
18.632937081773846 459.9083557128906 742.6402587890625
18.732934955200182 485.5509338378906 759.0260620117188
18.899598077577405 536.5298461914062 781.7893676757812
18.966263326528296 555.258544921875 794.7940063476562
18.99959595100374 563.1866455078125 803.0858764648438
19.06626119995463 574.635009765625 824.8555297851562
19.099593824430077 578.1520385742188 838.3453979492188
19.132926448905522 579.3760986328125 853.3795166015625
19.166259073380967 580.3671875 869.2279663085938
19.199591697856413 581.0184936523438 886.5587768554688
19.29958957128275 575.7045288085938 941.4185180664062
19.332922195758194 570.4041748046875 957.652587890625
19.36625482023364 564.8659057617188 972.8035888671875
19.799578938414427 433.46624755859375 1140.296875
20.199570432119767 455.3450622558594 1333.3912353515625
27.29941944538959 664.5787963867188 408.4021911621094
27.332752069865034 660.0745849609375 390.6302490234375
27.36608469434048 656.4403076171875 377.9806823730469
27.43274994329137 645.9855346679688 362.8774108886719
27.466082567766815 639.7647094726562 359.78375244140625
27.49941519224226 632.758544921875 363.3736267089844
27.566080441193147 617.9794921875 375.0731506347656
27.599413065668593 612.5790405273438 384.2267150878906
27.632745690144038 608.7881469726562 394.88714599609375
27.666078314619483 607.4136962890625 410.6575012207031
43.799068560734945 943.399658203125 1121.87548828125
43.89906643416128 938.2579345703125 1069.781494140625
44.16572742996484 926.4075927734375 971.6613159179688
44.29905792786662 914.5257568359375 930.5755615234375
44.33239055234206 912.6876220703125 922.9038696289062
44.36572317681751 911.0216674804688 915.8400268554688
44.39905580129295 908.9395141601562 910.563720703125
44.4323884257684 908.5994262695312 904.24072265625
44.46572105024384 908.2002563476562 897.7989501953125
44.49905367471929 907.878662109375 891.8213500976562
44.532386299194734 908.568359375 883.1221313476562
44.56571892367018 909.1466674804688 875.81591796875
44.599051548145624 907.2247314453125 869.8842163085938
44.63238417262107 903.8312377929688 865.5877075195312
44.665716797096515 899.2825927734375 862.6396484375
44.699049421571964 892.168701171875 860.0990600585938
44.899045168424635 849.7643432617188 836.0511474609375
45.19903878870364 922.6278686523438 802.8490600585938
45.29903666212998 936.2911376953125 789.9419555664062
45.33236928660542 938.08251953125 784.9857788085938
45.39903453555631 942.9531860351562 775.153076171875
46.065687025065216 1026.999755859375 569.76171875
46.16568489849155 1027.662109375 558.8427124023438
46.69900689009867 1079.9603271484375 730.9247436523438
46.799004763525005 1077.9681396484375 740.2847900390625
47.032333134853126 1076.1412353515625 714.949951171875
48.43230336282182 928.5037841796875 302.1919250488281
48.49896861177271 932.0620727539062 301.5781555175781
48.53230123624816 933.9993896484375 302.824462890625
48.5656338607236 937.2646484375 304.48834228515625
48.59896648519904 940.0001220703125 307.0299987792969
48.63229910967449 942.97998046875 308.6545104980469
50.265597708971306 1182.5672607421875 1519.097412109375
50.36559558239764 1183.061767578125 1557.072265625
50.59892395372576 1154.0966796875 1621.7552490234375
58.465423329930815 408.8147888183594 509.6826171875
58.498755954406256 407.4005432128906 502.0099182128906
58.532088578881705 406.12982177734375 497.07513427734375
58.56542120335715 405.7162780761719 493.66552734375
58.598753827832596 405.2484130859375 491.35467529296875
58.63208645230804 403.75006103515625 491.7056579589844
58.665419076783486 402.6922912597656 492.05865478515625
58.69875170125893 401.2305908203125 494.9045104980469
58.73208432573438 402.8717956542969 495.36138916015625
58.76541695020982 403.45220947265625 498.48291015625
58.83208219916071 404.1531066894531 508.511474609375
58.86541482363616 405.03045654296875 516.0028686523438
58.8987474481116 405.3049011230469 524.9310302734375
58.93208007258705 407.4698791503906 536.51123046875
58.96541269706249 409.418701171875 550.9356689453125
58.99874532153794 410.2710876464844 567.2523803710938
59.03207794601338 410.6384582519531 582.37548828125
59.13207581943972 415.2599792480469 626.853515625
59.16540844391516 417.6717529296875 643.2973022460938
59.19874106839061 418.4255676269531 659.0550537109375
60.23205242712941 443.3871765136719 1244.5859375
66.4985858285131 809.7974853515625 1529.8912353515625
66.63191632641488 799.7229614257812 1484.9761962890625
66.66524895089033 798.0610961914062 1472.5872802734375
66.79857944879211 781.465576171875 1424.623291015625
67.93188868095724 443.525390625 512.86181640625
67.96522130543269 438.48138427734375 504.4935302734375
67.99855392990813 432.5875549316406 499.7929382324219
68.03188655438358 426.31671142578125 498.03094482421875
68.06521917885902 420.3353576660156 500.016357421875
68.09855180333446 412.2173156738281 503.98944091796875
68.13188442780991 405.0914611816406 508.5828857421875
68.16521705228536 398.5078125 513.9819946289062
68.26521492571169 386.42236328125 535.3546752929688
68.29854755018714 383.86578369140625 546.0106201171875
68.33188017466259 381.7557067871094 558.671630859375
68.59854117046615 372.43438720703125 704.3329467773438
68.63187379494158 373.39691162109375 720.2633056640625
68.66520641941703 375.0681457519531 735.6361694335938
68.69853904389248 376.7310485839844 751.1107788085938
68.73187166836793 377.3791809082031 767.8735961914062
68.76520429284336 376.9986572265625 784.9144897460938
68.9318674152206 373.2920837402344 879.3555908203125
68.96520003969604 374.28033447265625 895.3544921875
68.99853266417149 376.0734558105469 909.6536254882812
69.09853053759782 380.4822692871094 955.5009155273438
69.33185890892594 384.9277648925781 1093.2132568359375
69.39852415787682 387.35614013671875 1124.8133544921875
69.46518940682772 392.99346923828125 1154.846923828125
69.73185040263128 418.2121887207031 1289.7520751953125
78.59832851309969 764.5269775390625 479.67987060546875
78.63166113757514 763.5169677734375 464.88336181640625
78.66499376205059 762.8853149414062 454.57928466796875
78.69832638652603 762.23193359375 447.3149108886719
78.73165901100147 760.8544921875 443.5359191894531
78.76499163547692 758.5492553710938 440.33148193359375
78.79832425995237 757.028076171875 437.3591613769531
78.8316568844278 757.0005493164062 434.9627990722656
78.86498950890325 756.9716186523438 433.9942932128906
78.8983221333787 756.0731811523438 432.0256042480469
78.93165475785415 758.3469848632812 430.8406982421875
78.96498738232958 759.026611328125 429.5560607910156
78.99832000680503 759.6986083984375 428.30438232421875
79.03165263128048 761.6039428710938 426.5433349609375
79.06498525575593 763.5208129882812 426.0139465332031
79.09831788023136 764.2837524414062 423.1596374511719
79.13165050470681 764.0867919921875 419.5934753417969
79.23164837813314 770.1747436523438 413.6712341308594
79.2649810026086 771.427734375 414.42852783203125
79.29831362708404 773.8594360351562 417.1700439453125
79.33164625155949 775.1900634765625 422.6543884277344
79.36497887603493 776.36083984375 430.2453308105469
79.39831150051037 776.828125 440.6990661621094
79.43164412498582 777.0203857421875 455.0377197265625
79.53164199841216 774.0409545898438 507.9547424316406
79.5649746228876 773.2673950195312 522.3770141601562
79.66497249631394 771.84375 565.9609375
79.69830512078939 769.4088134765625 580.1773681640625
79.73163774526483 769.0433349609375 595.531494140625
79.76497036974027 767.9380493164062 611.011474609375
79.83163561869117 763.5221557617188 646.62939453125
79.96496611659295 754.59765625 713.4939575195312
79.99829874106838 751.9171752929688 728.5352172851562
85.66484490189407 321.7349853515625 1558.3729248046875
85.73151015084495 313.42376708984375 1550.224365234375
85.86484064874674 306.7265625 1560.16162109375
86.03150377112397 298.328369140625 1610.135009765625
86.43149526482931 245.192626953125 1788.2476806640625
86.69815626063287 231.22142028808594 1808.575927734375
89.93142083475105 1010.195068359375 451.392333984375
89.99808608370193 1006.5325927734375 443.7778625488281
90.03141870817738 1004.312744140625 443.9345703125
90.09808395712827 1000.7030029296875 444.0758361816406
90.13141658160372 999.9478149414062 444.5658264160156
90.16474920607916 999.81982421875 445.0968933105469
90.19808183055461 998.995849609375 445.7466125488281
90.53140807530906 1000.3408813476562 446.45233154296875
90.63140594873539 1005.3531494140625 462.4776611328125
90.66473857321084 1006.849853515625 472.0055847167969
90.69807119768629 1008.0758056640625 484.5953674316406
90.73140382216172 1009.7881469726562 498.8824462890625
90.76473644663717 1011.0618896484375 517.5250244140625
90.9313995690144 1017.5057983398438 601.3982543945312
90.96473219348985 1020.1610107421875 616.6336669921875
90.99806481796529 1021.290771484375 631.6668701171875
91.06473006691618 1028.8892822265625 666.199462890625
91.26472581376885 1050.281982421875 796.309326171875
91.33139106271975 1058.052490234375 834.7979736328125
91.39805631167063 1066.8665771484375 875.28955078125
91.43138893614608 1070.3709716796875 898.019775390625
91.49805418509698 1079.9100341796875 943.3900146484375
92.09804142565498 1078.2354736328125 1332.91015625
92.36470242145855 1043.50634765625 1501.6038818359375
99.69787980605648 995.8360595703125 441.7723083496094
99.79787767948281 991.172607421875 433.5213928222656
99.83121030395826 990.3424072265625 432.17462158203125
99.8645429284337 989.3765258789062 431.5313720703125
99.89787555290916 989.4072265625 431.6007995605469
100.03120605081094 990.8372802734375 438.5468444824219
100.2312017976636 993.659912109375 473.6795349121094
100.43119754451627 974.3945922851562 573.2109375
100.8978542871725 994.9978637695312 791.588623046875
109.79766502211636 773.673583984375 367.8109436035156
109.86433027106726 766.9796752929688 349.38861083984375
109.99766076896904 746.300537109375 335.5640563964844
110.03099339344448 743.660400390625 334.4512634277344
110.06432601791992 741.5612182617188 334.656494140625
110.09765864239537 740.35400390625 337.0331115722656
110.13099126687081 740.6668701171875 341.01336669921875
110.1976565158217 742.8359375 354.51068115234375
110.23098914029715 744.5746459960938 363.2490539550781
110.43098488714982 746.8471069335938 426.6099548339844
110.49765013610072 742.232177734375 443.2321472167969
110.5643153850516 736.072265625 459.5235290527344
110.59764800952705 732.78857421875 466.57745361328125
118.73080838153567 999.4795532226562 429.5173034667969
118.830806254962 995.120849609375 440.6598815917969
118.86413887943745 991.7283935546875 448.00543212890625
119.16413249971646 922.0047607421875 587.6465454101562
126.23064888851083 954.5090942382812 629.367431640625
126.39731201088806 936.594970703125 555.8485717773438
126.43064463536349 931.580810546875 547.3583374023438
126.46397725983894 924.7000122070312 540.267333984375
126.49730988431439 919.046630859375 534.7554321289062
126.59730775774072 906.379638671875 526.1495361328125
126.63064038221617 902.9591064453125 526.5931396484375
126.66397300669162 900.8501586914062 526.9945678710938
126.76397088011795 896.7564086914062 542.8043212890625
126.7973035045934 895.9572143554688 553.130615234375
126.89730137801973 894.2533569335938 578.400390625
126.93063400249518 895.2076416015625 578.7693481445312
127.03063187592151 894.0859985351562 578.6277465820312
127.06396450039696 892.6307373046875 580.9588623046875
127.0972971248724 890.3169555664062 584.8443603515625
127.13062974934785 888.3983154296875 588.4663696289062
127.19729499829874 878.255859375 609.5380249023438
127.23062762277418 874.537841796875 626.8860473632812
127.26396024724963 870.4017944335938 644.6688232421875
127.29729287172508 869.0953369140625 658.840087890625
127.36395812067596 866.843017578125 689.6585693359375
127.39729074515141 866.6444702148438 703.7158813476562
127.49728861857774 865.3140869140625 754.9464721679688
135.19712487240557 729.0075073242188 355.64715576171875
135.23045749688103 724.1056518554688 343.6029968261719
135.26379012135646 719.9816284179688 334.5120849609375
135.2971227458319 715.6458740234375 329.76611328125
135.3637879947828 705.0180053710938 329.8971252441406
135.39712061925826 698.9160766601562 336.65997314453125
135.4304532437337 691.9320068359375 343.40032958984375
135.46378586820913 686.2235107421875 351.2131652832031
135.4971184926846 682.5426025390625 359.46826171875
135.53045111716003 678.9320068359375 366.5332336425781
135.56378374163546 676.880126953125 375.708984375
135.59711636611092 675.846923828125 387.2404479980469
135.63044899058636 674.0685424804688 398.4386291503906
135.66378161506182 674.8119506835938 412.62957763671875
135.69711423953726 675.5764770507812 429.4998779296875
135.7304468640127 677.3872680664062 450.0656433105469
135.8637773619145 684.6143188476562 536.9482421875
142.76363062833164 855.5512084960938 314.7373962402344
142.79696325280707 853.2003784179688 292.6623840332031
142.8302958772825 851.0767822265625 273.9504699707031
142.86362850175797 851.6368408203125 259.1508483886719
142.8969611262334 850.5858764648438 248.1668701171875
142.93029375070884 849.5293579101562 240.96583557128906
142.9636263751843 848.3700561523438 235.1474609375
142.99695899965974 846.7551879882812 230.8085174560547
143.0302916241352 844.8917846679688 230.46255493164062
143.13028949756153 835.980712890625 238.38063049316406
143.16362212203697 831.99951171875 247.40213012695312
143.1969547465124 825.5438842773438 259.7801513671875
143.3969504933651 787.1210327148438 368.933837890625
148.63017253600998 853.67529296875 1046.505615234375
149.230159776568 821.3441772460938 633.6580810546875
149.29682502551887 818.67919921875 593.5818481445312
149.36349027446977 813.0364379882812 558.102294921875
149.3968228989452 809.1776123046875 539.830810546875
149.4634881478961 803.748291015625 504.8785705566406
149.49682077237156 802.536865234375 490.85223388671875
149.530153396847 800.9884033203125 482.1502380371094
149.56348602132243 799.1194458007812 474.99847412109375
149.5968186457979 797.4412231445312 469.24615478515625
149.66348389474877 795.055419921875 462.1965637207031
149.69681651922423 794.453857421875 460.9533996582031
149.73014914369966 792.943115234375 461.4386901855469
149.76348176817513 791.6295776367188 462.8418884277344
149.79681439265056 790.37353515625 467.67303466796875
149.830147017126 787.8013305664062 475.1867370605469
149.86347964160146 783.6464233398438 485.7903137207031
149.8968122660769 779.943603515625 502.5923156738281
149.93014489055233 774.0902709960938 520.6415405273438
149.9634775150278 769.1721801757812 539.1749267578125
149.99681013950322 766.0392456054688 555.47998046875
150.06347538845412 761.5360107421875 589.5526123046875
167.52977061358737 435.89422607421875 269.0104675292969
167.56310323806284 430.8677673339844 262.44244384765625
167.59643586253827 426.00836181640625 258.57452392578125
167.72976636044007 401.8999938964844 258.8920593261719
167.79643160939094 399.1625061035156 269.70343017578125
167.96309473176817 400.56243896484375 311.97296142578125
181.89613176250424 1092.322021484375 1835.4019775390625
182.62944950096403 1002.6930541992188 1634.736083984375
182.8961104967676 973.5979614257812 1568.0875244140625
182.9627757457185 975.3502197265625 1549.77880859375
183.42943248837472 1006.75048828125 1351.3018798828125
183.46276511285018 1008.2186889648438 1335.8736572265625
183.52943036180105 1009.0140380859375 1304.4781494140625
183.5627629862765 1008.6909790039062 1290.7762451171875
183.59609561075195 1008.8600463867188 1277.4652099609375
183.6294282352274 1008.1838989257812 1264.2000732421875
183.72942610865374 1005.5709838867188 1216.8211669921875
183.7960913576046 1002.782958984375 1182.1951904296875
183.82942398208007 1000.3443603515625 1165.025146484375
183.8627566065555 997.6248168945312 1149.70458984375
183.96275447998184 984.605712890625 1107.3431396484375
184.02941972893274 974.8125 1075.613525390625
184.09608497788363 964.0733642578125 1034.1689453125
184.62940696949076 915.5653076171875 677.0642700195312
184.796070091868 922.4075317382812 581.2119140625
186.96269068277192 1253.0396728515625 1395.274169921875
187.66267579675628 1252.012939453125 1507.4051513671875
196.029164540093 779.8798828125 1721.45361328125
196.52915390722467 768.1016235351562 1718.734130859375
196.56248653170013 769.2041625976562 1719.9461669921875
196.66248440512646 766.4711303710938 1720.3409423828125
199.29576173868662 768.584228515625 1744.78369140625
199.7957511058183 761.6284790039062 1731.4864501953125
200.4624035953272 767.5152587890625 1735.9912109375
202.49569368832937 808.005615234375 1747.604736328125
204.0956596631507 531.264404296875 335.48712158203125
204.12899228762618 522.250732421875 320.9603576660156
204.19565753657707 506.4503173828125 302.4664001464844
204.42898590790517 446.3175354003906 322.93157958984375
204.46231853238064 442.7206115722656 331.6729736328125
204.49565115685607 440.50732421875 343.0001525878906
204.5289837813315 438.62750244140625 357.7574462890625
205.9956192582511 832.6041870117188 1298.3602294921875
206.32894550300554 829.1931762695312 1440.95556640625
213.42879451627536 542.25341796875 359.8271179199219
213.46212714075082 534.0985717773438 359.96856689453125
213.52879238970172 522.8604736328125 368.56365966796875
213.62879026312805 505.4286193847656 397.4065856933594
213.69545551207892 497.09124755859375 416.75042724609375
213.72878813655439 494.642822265625 426.8050231933594
213.76212076102982 492.0564270019531 436.891357421875
213.79545338550525 487.7531433105469 448.0677490234375
213.86211863445615 479.19195556640625 473.7650146484375
214.06211438130882 438.1436462402344 568.1768188476562
214.09544700578428 433.3966979980469 581.8241577148438
214.12877963025971 430.41387939453125 596.3075561523438
214.16211225473518 429.51116943359375 609.7249145507812
214.1954448792106 428.3824768066406 623.3109130859375
214.22877750368605 428.6568603515625 636.848388671875
214.2621101281615 429.1603698730469 650.103759765625
214.29544275263694 429.7781677246094 663.48779296875
214.32877537711238 430.721923828125 677.0726318359375
214.36210800158784 430.6405029296875 691.0609130859375
214.39544062606328 432.7841491699219 702.7337646484375
214.46210587501417 440.0475769042969 721.9786376953125
214.4954384994896 445.88983154296875 729.7479248046875
214.5621037484405 459.99395751953125 742.6331176757812
214.66210162186684 485.713134765625 759.0724487304688
214.82876474424407 536.49365234375 781.8538208007812
214.89542999319497 555.24853515625 794.8243408203125
214.9954278666213 574.4463500976562 824.7661743164062
215.02876049109673 578.0939331054688 838.67431640625
215.0620931155722 579.6685791015625 853.310546875
215.09542574004763 580.640625 869.2044067382812
215.12875836452307 581.1159057617188 886.591064453125
215.16209098899853 580.7843627929688 905.4074096679688
215.26208886242486 570.5956420898438 957.49609375
215.2954214869003 564.8004760742188 972.732666015625
215.86207610298285 422.8720397949219 1205.8780517578125
223.22858611205626 664.6166381835938 408.1631164550781
223.2619187365317 660.425048828125 391.30792236328125
223.29525136100713 656.5567016601562 378.040771484375
223.4952471078598 617.9910888671875 375.4287414550781
223.52857973233526 612.5213012695312 384.1559143066406
223.5619123568107 608.922119140625 394.9452209472656
223.59524498128616 607.245361328125 410.4596862792969
239.7282352274016 943.2796020507812 1122.50537109375
240.12822672110696 923.7627563476562 961.7393188476562
240.1615593455824 921.6510009765625 949.41748046875
240.19489197005782 918.1771850585938 939.1845703125
240.2282245945333 914.8685302734375 930.9429931640625
240.26155721900872 912.7297973632812 923.1116333007812
240.29488984348419 910.7679443359375 916.440185546875
240.36155509243505 908.31591796875 904.6943969726562
240.39488771691052 908.0631713867188 898.4113159179688
240.42822034138595 907.8782958984375 891.9989624023438
240.4615529658614 908.482666015625 883.6956787109375
240.49488559033685 908.90283203125 875.9652099609375
240.52821821481228 906.97705078125 870.3158569335938
240.56155083928775 903.7037963867188 865.4780883789062
240.59488346376318 899.1891479492188 862.6072387695312
240.62821608823862 892.046875 860.251220703125
240.66154871271408 881.6314086914062 856.8298950195312
240.82821183509128 849.722412109375 835.9682006835938
241.1282054553703 922.6866455078125 802.7742309570312
241.22820332879664 936.2703247070312 789.9237670898438
241.32820120222297 942.998779296875 775.2113037109375
241.3615338266984 948.2595825195312 773.2000732421875
241.99485369173186 1026.8375244140625 570.1857299804688
242.09485156515822 1027.572265625 559.0125732421875
242.26151468753542 1056.9656982421875 591.8896484375
242.528175683339 1077.8675537109375 705.6094970703125
242.59484093228988 1079.4130859375 724.6024780273438
242.62817355676535 1079.7491455078125 730.9790649414062
242.72817143019168 1078.0234375 739.72412109375
242.79483667914255 1075.9493408203125 738.3773803710938
242.96149980151978 1076.4873046875 715.4087524414062
244.2948047805376 929.83056640625 302.0550231933594
244.39480265396392 930.0908203125 302.1923828125
244.42813527843938 932.115966796875 301.85546875
244.46146790291482 934.2596435546875 302.81085205078125
244.49480052739025 937.3848266601562 304.55426025390625
244.52813315186572 940.072021484375 307.2540588378906
244.56146577634115 942.7796630859375 308.1481018066406
246.19476437563796 1182.39306640625 1520.590576171875
246.52809062039242 1153.969970703125 1621.5423583984375
246.62808849381875 1147.77880859375 1639.415283203125
246.82808424067142 1132.8758544921875 1691.178955078125
254.3279247476466 410.5591735839844 530.455078125
254.3945899965975 408.87176513671875 509.6540832519531
254.42792262107292 407.3147888183594 502.0151062011719
254.46125524554836 406.1091613769531 496.99420166015625
254.49458787002382 405.8774719238281 493.898193359375
254.52792049449926 405.30169677734375 491.3750305175781
254.5612531189747 403.80426025390625 491.76385498046875
254.59458574345015 402.5785827636719 492.1790466308594
254.6279183679256 402.0309753417969 494.896240234375
254.66125099240105 402.8227233886719 495.35260009765625
254.69458361687649 403.4302062988281 498.52117919921875
254.76124886582738 404.20086669921875 508.41168212890625
254.79458149030282 404.9862976074219 515.9716186523438
254.82791411477825 405.2610778808594 524.9965209960938
254.86124673925372 407.5215148925781 536.6096801757812
254.89457936372915 409.26519775390625 550.9383544921875
254.92791198820458 410.27227783203125 567.4520874023438
254.96124461268005 410.7917785644531 582.4297485351562
255.06124248610638 415.0810852050781 626.8441162109375
255.09457511058181 417.756103515625 643.11328125
255.12790773505728 418.5195007324219 659.2662353515625
255.19457298400815 420.02410888671875 697.0813598632812
256.1612190937961 443.50628662109375 1244.5635986328125
256.22788434274696 450.58575439453125 1272.869384765625
256.3278822161733 459.7203369140625 1317.6337890625
262.5610829930815 799.7717895507812 1485.357421875
262.594415617557 797.9093627929688 1472.614501953125
263.8610553476239 443.7126159667969 512.989013671875
263.89438797209937 438.5323486328125 504.45892333984375
263.9277205965748 432.6363830566406 499.7498474121094
263.96105322105024 426.4203186035156 498.03662109375
263.9943858455257 420.0467224121094 499.7856750488281
264.0277184700011 412.4473876953125 504.1925048828125
264.06105109447657 405.1855773925781 508.7190246582031
264.09438371895203 398.6012268066406 513.9692993164062
264.19438159237836 386.6031799316406 535.3287353515625
264.2277142168538 384.0260009765625 545.8529052734375
264.26104684132923 381.7681579589844 558.314208984375
264.32771209028016 378.50872802734375 589.265380859375
264.5277078371328 372.3683776855469 704.4752197265625
264.5943730860837 375.76177978515625 736.0910034179688
264.62770571055916 376.54241943359375 751.5899047851562
264.69437095951 377.2976379394531 785.0809936523438
264.7277035839855 376.8924865722656 803.2830200195312
264.8610340818873 373.5759582519531 879.1621704101562
264.8943667063627 374.3153076171875 895.4256591796875
264.92769933083815 376.1894836425781 909.7099609375
264.994364579789 379.32745361328125 939.6277465820312
265.0276972042645 380.6654052734375 955.6327514648438
265.294358200068 385.52197265625 1110.2650146484375
265.3943560734944 393.3515930175781 1154.875
274.5608278042418 763.548095703125 464.9578552246094
274.59416042871726 763.0972900390625 454.6309814453125
274.62749305319267 762.0526123046875 447.4571533203125
274.66082567766813 760.8998413085938 443.705322265625
274.6941583021436 758.68408203125 440.3049621582031
274.727490926619 756.9036254882812 437.1537780761719
274.76082355109446 757.1497802734375 434.94024658203125
274.7941561755699 756.8695678710938 433.8941650390625
274.8274888000454 756.3048706054688 431.8612060546875
274.8608214245208 758.3565063476562 430.825927734375
274.89415404899626 759.0137329101562 429.49627685546875
274.9274866734717 759.8377075195312 428.30218505859375
274.9941519224226 763.7213745117188 425.794189453125
275.02748454689805 764.3893432617188 423.0932922363281
275.06081717137346 764.0784912109375 419.64581298828125
275.0941497958489 765.3735961914062 416.9324951171875
275.1608150447998 770.1763916015625 413.582763671875
275.2274802937507 774.0859375 417.40087890625
275.2608129182261 775.2964477539062 422.3100280761719
275.2941455427016 776.3570556640625 430.1241760253906
275.32747816717705 777.0176391601562 440.1183776855469
275.36081079165245 777.2537841796875 455.6901550292969
275.46080866507884 774.4855346679688 508.67535400390625
275.49414128955425 773.1099853515625 522.3433227539062
275.5274739140297 773.8649291992188 536.9610595703125
275.5941391629806 771.6744995117188 565.8101806640625
275.6608044119315 769.0167236328125 595.677001953125
275.6941370364069 767.962158203125 611.0980224609375
275.76080228535784 763.3638305664062 646.4539184570312
275.8274675343087 758.4834594726562 682.6304321289062
275.8941327832596 754.6213989257812 713.5110473632812
275.92746540773504 751.9033813476562 728.1931762695312
275.9607980322105 751.150390625 743.063232421875
275.99413065668597 747.3321533203125 761.0671997070312
281.59401156856075 321.7699279785156 1558.3077392578125
281.6606768175116 313.40155029296875 1550.158203125
281.76067469093795 308.419189453125 1555.1099853515625
281.7940073154134 306.62091064453125 1560.497802734375
281.8273399398888 305.7253723144531 1567.974365234375
281.9606704377906 298.2055969238281 1610.7125244140625
285.9605853748441 1004.2774658203125 444.0302429199219
286.02725062379494 1000.6527709960938 443.9002990722656
286.0605832482704 999.9966430664062 444.52020263671875
286.0939158727458 999.9775390625 445.22613525390625
286.19391374617214 999.1477661132812 447.2324523925781
286.26057899512307 998.8387451171875 447.3949279785156
286.2939116195985 998.8760375976562 448.1410217285156
286.42724211750027 999.5516357421875 446.0868835449219
286.46057474197573 1000.2815551757812 446.4830322265625
286.59390523987753 1006.5240478515625 472.2611999511719
286.62723786435294 1008.2068481445312 484.8309326171875
286.6605704888284 1009.561767578125 499.18792724609375
286.69390311330386 1010.8995361328125 517.29150390625
286.86056623568106 1017.497314453125 601.3477783203125
286.8938988601565 1020.2285766601562 616.268310546875
286.92723148463193 1021.8917846679688 631.6259765625
286.99389673358286 1028.953125 665.71728515625
287.1938924804355 1050.183837890625 796.2987060546875
287.2605577293864 1058.4727783203125 834.5174560546875
287.29389035386185 1062.6212158203125 855.2053833007812
287.3272229783373 1066.6632080078125 875.397705078125
287.3605556028127 1070.30859375 898.2987670898438
287.42722085176365 1079.7716064453125 943.421142578125
287.89387759441985 1086.6982421875 1258.8802490234375
288.02720809232164 1078.2034912109375 1332.65673828125
288.2938690881252 1043.644287109375 1501.4727783203125
295.6270464727231 995.6989135742188 442.07171630859375
295.72704434614946 990.8963012695312 433.347412109375
295.7603769706249 990.063232421875 432.57452392578125
296.16036846433025 993.5308227539062 474.2765808105469
296.82702095383917 995.0035400390625 791.9022827148438
305.66016643983215 778.989501953125 398.5394287109375
305.726831688783 773.5108032226562 368.0911865234375
305.7934969377339 767.02783203125 349.2604675292969
305.9268274356357 746.429443359375 335.2498779296875
305.9934926845866 741.8603515625 334.9047546386719
306.026825309062 740.49560546875 336.819091796875
306.0601579335375 740.4609985351562 341.353271484375
306.09349055801295 741.3499145507812 347.6167297363281
306.12682318248835 742.9964599609375 354.455810546875
306.1601558069638 744.7125854492188 363.10400390625
306.3601515538165 747.0059814453125 426.4346008300781
306.42681680276735 742.1967163085938 443.3218688964844
306.4934820517183 736.1976928710938 459.3699951171875
306.5268146761937 732.8406372070312 466.6325378417969
306.56014730066914 728.1637573242188 475.3678283691406
314.559977174776 998.3536987304688 429.61920166015625
314.7599729216287 995.1776733398438 440.4941101074219
314.79330554610414 991.6138305664062 448.0121765136719
322.0931503062266 962.3410034179688 669.7230224609375
322.1598155551775 954.5291137695312 629.885498046875
322.2598134286038 943.8285522460938 580.8599853515625
322.3264786775547 936.5095825195312 557.046142578125
322.35981130203015 931.56201171875 547.0447387695312
322.3931439265056 924.6552124023438 541.1932983398438
322.4264765509811 918.9714965820312 534.2902221679688
322.4598091754565 913.5450439453125 530.2554321289062
322.5264744244074 906.2896118164062 526.1250610351562
322.5598070488828 903.2354125976562 526.9467163085938
322.5931396733583 900.62451171875 526.6937866210938
322.65980492230915 896.69921875 535.2561645507812
322.6931375467846 896.8512573242188 543.0120239257812
322.7264701712601 895.8190307617188 553.1288452148438
322.8264680446864 894.317138671875 578.7390747070312
322.8598006691618 894.970458984375 579.0952758789062
322.92646591811274 894.9864501953125 578.1443481445312
322.95979854258815 894.0858764648438 578.7008666992188
322.9931311670636 892.4967041015625 580.6033935546875
323.0264637915391 890.4161376953125 584.7948608398438
323.05979641601454 888.4483642578125 588.415771484375
323.09312904048994 883.7420043945312 597.0693969726562
323.1264616649654 878.3145751953125 609.9405517578125
323.15979428944087 874.4763793945312 627.18603515625
323.1931269139163 870.5160522460938 644.0778198242188
323.22645953839174 869.140380859375 659.0274658203125
323.2931247873426 866.8832397460938 689.3098754882812
323.32645741181807 866.7366333007812 703.684326171875
323.4264552852444 865.2296142578125 754.9453125
331.1262915390722 728.9921264648438 355.8477478027344
331.1596241635477 724.2730712890625 343.53277587890625
331.19295678802314 720.2116088867188 334.6922912597656
331.2262894124986 715.5125122070312 330.0144958496094
331.32628728592493 699.27197265625 336.7686462402344
331.42628515935127 682.764892578125 359.3659973144531
331.4596177838267 679.0619506835938 366.5352478027344
331.49295040830214 677.0025024414062 375.6112976074219
331.5262830327776 675.8592529296875 387.4009094238281
331.559615657253 674.3797607421875 398.7593688964844
331.59294828172847 675.01220703125 412.4692687988281
331.62628090620393 675.4951171875 429.05712890625
331.65961353067934 677.2469482421875 450.0202331542969
331.79294402858113 684.689453125 537.014404296875
338.6594646705228 856.1739501953125 335.0694274902344
338.6927972949983 854.3328857421875 313.6788330078125
338.72612991947375 853.3904418945312 293.3900451660156
338.75946254394916 850.9297485351562 274.3126220703125
338.8261277929001 850.546142578125 248.6428680419922
338.85946041737554 849.5657958984375 240.2935791015625
338.89279304185095 848.5960693359375 235.20811462402344
338.9261256663264 846.7516479492188 230.7938995361328
338.9594582908019 845.1751708984375 229.9684295654297
338.9927909152773 842.4076538085938 229.7416534423828
339.02612353975275 840.1069946289062 232.77481079101562
339.0594561642282 835.8455200195312 238.20252990722656
339.0927887887036 832.1375122070312 247.1542510986328
339.1261214131791 825.5662231445312 259.7751159667969
339.2261192866054 801.1250610351562 312.2481994628906
344.1593477089713 840.5906372070312 1301.684326171875
345.2259916921855 818.6358032226562 593.5460815429688
345.3259895656119 809.7573852539062 539.82080078125
345.3926548145628 804.2470092773438 505.7388916015625
345.42598743903824 802.4520263671875 491.08868408203125
345.45932006351364 800.7791748046875 482.4247741699219
345.4926526879891 799.0936889648438 474.9496765136719
345.59265056141544 794.98388671875 462.1518249511719
345.6259831858909 794.3336181640625 460.75
345.6593158103663 792.8460083007812 461.1078186035156
345.6926484348418 791.748291015625 462.8678283691406
345.72598105931723 790.4612426757812 467.7486572265625
345.75931368379264 787.7106323242188 475.1759338378906
345.7926463082681 783.451416015625 485.6333312988281
345.82597893274357 779.898193359375 502.1423034667969
345.859311557219 773.99169921875 520.5068969726562
345.89264418169444 769.1118774414062 538.9501342773438
345.9259768061699 765.7627563476562 555.2703247070312
345.99264205512077 761.78515625 588.9542846679688
346.0593073040717 761.0443115234375 627.0821533203125
363.4256046557786 440.18792724609375 278.6417541503906
363.4922699047295 431.01123046875 262.2669372558594
363.52560252920495 426.2842712402344 258.6147766113281
363.7255982760576 397.2760925292969 266.16650390625
363.8922613984348 400.22210693359375 311.59771728515625
369.2921465634569 1089.65673828125 1606.063232421875
369.65880543268685 1075.7701416015625 1355.9791259765625
378.1252920494499 1086.1319580078125 1750.9886474609375
378.59194879210617 995.4833984375 1620.5655517578125
378.6252814165816 990.036376953125 1617.2850341796875
378.82527716343424 973.7522583007812 1568.0494384765625
379.05860553476236 978.5526123046875 1497.5640869140625
379.1252707837133 982.3864135742188 1472.8345947265625
379.19193603266416 988.9642333984375 1444.2742919921875
379.32526653056595 1004.2005004882812 1369.675048828125
379.35859915504136 1006.8778076171875 1351.5577392578125
379.3919317795168 1008.648193359375 1334.0567626953125
379.4252644039923 1009.2679443359375 1318.8912353515625
379.45859702846775 1009.0162963867188 1304.724365234375
379.49192965294316 1008.9223022460938 1291.175048828125
379.5252622774186 1009.2716674804688 1276.4888916015625
379.6585927753204 1005.395263671875 1217.006103515625
379.6919253997958 1004.361083984375 1198.643798828125
379.7252580242713 1002.9300537109375 1181.6483154296875
379.75859064874675 999.8604125976562 1165.3909912109375
379.79192327322215 997.3063354492188 1150.17578125
379.8252558976976 992.9054565429688 1136.2403564453125
379.8585885221731 989.5110473632812 1121.5650634765625
380.0252516445503 964.4253540039062 1035.398193359375
380.52524101168194 914.8118896484375 696.5858154296875
380.72523675853466 922.7093505859375 580.1969604492188
383.59184246342295 1252.1171875 1507.5426025390625
383.6918403368493 1263.4910888671875 1522.53076171875
