0.2333015739651599 633.0757446289062 1953.7220458984375
0.3666167590881084 628.6832275390625 1954.0421142578125
10.598557217274408 614.586181640625 1765.520263671875
10.66521480983588 615.1561279296875 1766.724609375
11.498434716854309 606.6600341796875 1773.858642578125
12.931572956926006 604.0917358398438 391.43426513671875
12.964901753206743 602.6066284179688 377.4294738769531
12.99823054948748 600.28466796875 365.5246887207031
13.031559345768217 597.5604248046875 358.19635009765625
13.23153212345264 558.87744140625 391.5625305175781
13.264860919733378 554.6748657226562 405.2190856933594
18.164193973001737 548.2484130859375 581.9639282226562
25.029926006833584 583.1251831054688 638.4174194335938
25.063254803114322 582.4421997070312 619.4415283203125
25.096583599395057 581.8634643554688 600.5382690429688
25.163241191956534 584.5830078125 572.99560546875
25.229898784518006 589.416015625 558.8245239257812
25.263227580798745 591.7291259765625 553.88818359375
25.296556377079483 592.7033081054688 549.1986694335938
25.363213969640956 595.238525390625 544.99267578125
25.396542765921694 596.4271850585938 543.5880126953125
25.42987156220243 596.3345947265625 544.016357421875
25.463200358483167 595.544921875 546.3760986328125
25.52985795104464 591.984619140625 559.8373413085938
25.596515543606117 581.8577880859375 585.8951416015625
25.62984433988685 575.3724365234375 599.5462646484375
25.696501932448328 567.1752319335938 625.7168579101562
25.729830728729063 563.6295776367188 638.3507080078125
25.79648832129054 557.5559692382812 664.531982421875
25.829817117571274 554.1382446289062 678.7779541015625
25.863145913852012 551.9378662109375 695.0175170898438
25.89647471013275 548.5043334960938 712.9706420898438
25.99646109897496 538.1522827148438 773.8494262695312
26.063118691536435 534.3384399414062 809.173828125
26.096447487817173 533.4622802734375 825.0774536132812
26.163105080378646 533.8770751953125 855.2530517578125
26.429735450624545 533.8292846679688 996.9420776367188
26.629708228308967 545.2800903320312 1089.1602783203125
26.863009802274128 561.8824462890625 1208.790283203125
27.262955357642973 602.721435546875 1397.7691650390625
33.16215229933344 1021.3716430664062 463.9810485839844
33.462111465860076 1072.349609375 440.3616638183594
42.56087285050131 676.9103393554688 1411.63330078125
50.69309914300118 827.044189453125 502.49273681640625
50.99305830952781 880.8970336914062 462.86572265625
51.09304469837002 886.8069458007812 474.4325256347656
51.359675068615914 865.8949584960938 589.882568359375
51.59297664258108 835.1058349609375 726.1549072265625
51.62630543886181 831.3361206054688 746.1829833984375
59.19194219458914 770.35009765625 340.3717041015625
59.45857256483504 732.1516723632812 344.4420166015625
68.92395070856439 866.5335083007812 498.9834289550781
69.35722506021396 830.0776977539062 657.9276123046875
86.65487032991653 537.1676635742188 533.3633422851562
86.75485671875875 526.3821411132812 498.4426574707031
86.78818551503949 521.4548950195312 490.7991638183594
86.82151431132023 515.77099609375 486.7053527832031
87.02148708900465 481.16912841796875 502.7029724121094
87.05481588528538 478.5107727050781 512.2882080078125
93.95387671539797 1066.2335205078125 638.4992065429688
101.2528831008794 973.541259765625 371.9117431640625
101.28621189716014 975.0272216796875 381.1007385253906
101.31954069344087 975.8380126953125 391.9900207519531
101.35286948972161 976.896484375 406.1337890625
107.1854088388506 929.2688598632812 454.9472961425781
107.21873763513135 927.6390991210938 437.0078125
107.25206643141209 923.7649536132812 422.6801452636719
107.28539522769282 919.5885009765625 412.1156005859375
107.31872402397356 914.804443359375 407.999755859375
113.08460578054108 826.7107543945312 369.9014892578125
113.15126337310255 810.5025634765625 358.3541564941406
113.1845921693833 804.544921875 354.2800598144531
113.25124976194476 797.6124267578125 348.3341064453125
113.2845785582255 796.6312866210938 345.7295227050781
113.31790735450625 796.5319213867188 345.6087646484375
113.35123615078697 796.3317260742188 346.3795471191406
113.38456494706772 797.7536010742188 349.656982421875
113.45122253962919 804.8060913085938 361.32733154296875
113.51788013219067 812.9812622070312 378.3122253417969
113.5512089284714 817.5885620117188 386.3552551269531
113.58453772475214 822.8938598632812 395.9269104003906
113.65119531731361 832.5097045898438 418.6132507324219
113.68452411359435 837.1278076171875 430.93048095703125
113.91782568755951 868.8436889648438 570.1423950195312
113.95115448384024 872.128173828125 587.1307983398438
113.98448328012098 876.2216796875 603.6533813476562
114.01781207640173 879.0619506835938 621.0810546875
114.11779846524394 887.392578125 672.596923828125
114.15112726152466 888.5032958984375 693.3930053710938
114.31777124292836 902.1718139648438 796.0009765625
114.35110003920909 905.9982299804688 813.273193359375
114.38442883548983 909.8187255859375 831.4452514648438
114.68438800201646 943.8412475585938 1020.8178100585938
114.7177167982972 946.5441284179688 1038.2188720703125
115.01767596482384 977.0918579101562 1217.45263671875
115.5176079090349 1038.9776611328125 1500.8453369140625
121.91673679493643 923.7835693359375 287.1799011230469
121.95006559121715 922.7337036132812 278.2746276855469
122.01672318377864 922.5379638671875 268.8651428222656
122.05005198005937 922.6383056640625 265.6164245605469
122.0833807763401 922.673095703125 264.1294860839844
122.11670957262085 922.6726684570312 264.12384033203125
122.15003836890158 922.6065063476562 265.7386474609375
122.18336716518232 922.9973754882812 269.76348876953125
122.21669596146306 923.1759033203125 280.42437744140625
122.28335355402453 918.9103393554688 311.4037170410156
122.350011146586 917.3295288085938 344.60400390625
122.44999753542821 919.078857421875 400.3878479003906
122.48332633170895 921.0540161132812 422.5794982910156
132.71526678989525 1236.875732421875 1595.2608642578125
138.88109410183162 998.4385986328125 346.42822265625
138.9477516943931 990.5125732421875 335.53704833984375
138.98108049067383 986.83154296875 336.31878662109375
139.01440928695456 979.9559936523438 338.7241516113281
139.11439567579677 965.4819946289062 354.3330993652344
139.14772447207753 962.0431518554688 362.2181396484375
139.18105326835826 959.893798828125 369.4415588378906
139.21438206463898 957.9761962890625 380.0308532714844
139.24771086091974 955.7727661132812 390.6495056152344
139.28103965720047 954.2572631835938 406.4147033691406
139.3143684534812 952.4453125 423.5807800292969
139.34769724976195 952.257080078125 441.89715576171875
139.38102604604268 952.2952270507812 465.6403503417969
139.4810124348849 948.5882568359375 533.6673583984375
139.51434123116562 949.3125 553.976806640625
139.54767002744637 950.637451171875 573.5271606445312
139.5809988237271 951.4799194335938 592.1884765625
139.7476428051308 965.4365844726562 699.9066162109375
139.78097160141152 967.2796630859375 726.0505981445312
139.88095799025373 974.6128540039062 791.7020263671875
139.94761558281522 979.1825561523438 831.3739624023438
140.01427317537667 982.3637084960938 867.2398071289062
140.04760197165743 983.5386352539062 885.1273193359375
140.11425956421888 985.6390380859375 921.4429931640625
140.18091715678037 984.6521606445312 960.0408325195312
140.2142459530611 985.137939453125 976.630859375
140.24757474934185 985.8275146484375 992.5432739257812
140.28090354562258 986.45703125 1007.92919921875
140.3142323419033 988.4196166992188 1023.357421875
140.34756113818406 989.080810546875 1037.9498291015625
140.41421873074552 995.2968139648438 1068.9942626953125
140.44754752702627 997.6237182617188 1085.8321533203125
140.68084910099142 1024.1654052734375 1215.7587890625
140.71417789727215 1030.6361083984375 1227.5587158203125
148.0131842827536 941.6809692382812 366.31036376953125
148.04651307903433 945.1776123046875 351.1989440917969
148.07984187531505 950.1604614257812 340.5857849121094
148.34647224556096 1000.5084838867188 315.0179138183594
148.41312983812244 1006.8837280273438 316.2333984375
148.67976020836832 1017.0850830078125 312.7109680175781
148.71308900464908 1017.060791015625 312.85467529296875
148.7464178009298 1018.4639282226562 315.57257080078125
148.77974659721053 1019.85302734375 319.7417297363281
148.84640418977202 1025.2003173828125 332.7191162109375
148.87973298605274 1030.3499755859375 346.3923645019531
148.94639057861423 1043.9620361328125 378.9206237792969
148.97971937489496 1049.3155517578125 396.5232849121094
149.0130481711757 1053.0791015625 412.2932434082031
149.07970576373717 1061.298095703125 445.53387451171875
156.37871214921861 786.875 408.7162170410156
156.41204094549934 789.2013549804688 392.37841796875
156.47869853806083 798.3638305664062 373.4293518066406
156.5453561306223 806.7860717773438 363.3440246582031
156.57868492690304 810.3165893554688 359.7245788574219
156.61201372318376 814.6144409179688 358.569580078125
156.64534251946452 817.35205078125 358.46697998046875
156.67867131574525 820.8267211914062 358.3227233886719
156.71200011202598 823.391357421875 358.5986328125
156.74532890830673 826.2484130859375 359.24432373046875
156.8119865008682 831.6572265625 360.03759765625
156.87864409342967 834.8779296875 363.00030517578125
156.94530168599115 838.5628662109375 364.9325866699219
156.97863048227188 841.1135864257812 369.2087097167969
157.04528807483337 845.339111328125 379.1953430175781
157.14527446367558 853.3131713867188 416.5126037597656
157.1786032599563 856.9788208007812 436.0230407714844
157.37857603764073 872.3277587890625 566.6749877929688
163.41108816445416 744.9481201171875 425.6057434082031
163.61106094213858 698.2362670898438 343.2120361328125
163.6443897384193 695.3863525390625 335.7561950683594
163.67771853470003 692.9114990234375 330.7752380371094
163.7110473309808 691.8700561523438 326.700927734375
163.74437612726152 692.0230102539062 325.9181213378906
163.811033719823 699.05859375 338.4610595703125
163.84436251610373 702.2899169921875 346.63958740234375
163.87769131238446 706.5330200195312 355.86114501953125
163.9110201086652 711.556884765625 366.13226318359375
163.97767770122667 720.455322265625 393.72198486328125
164.01100649750742 724.893798828125 414.30780029296875
170.1101762168823 889.5714111328125 358.446044921875
170.21016260572452 888.1297607421875 332.9517822265625
170.24349140200525 889.02197265625 327.6661071777344
170.276820198286 891.7119750976562 324.5320739746094
176.27600352881868 878.90625 553.8109741210938
176.34266112138016 882.7135620117188 542.3758544921875
176.50930510278383 890.6775512695312 529.7048950195312
176.77593547302973 887.588134765625 530.2411499023438
176.87592186187194 877.3285522460938 538.5015869140625
177.00923704699488 856.8333129882812 545.3630981445312
177.2092098246793 856.7451782226562 501.37158203125
177.2758674172408 855.948486328125 502.63629150390625
177.34252500980227 855.4595947265625 514.6467895507812
177.74247056517112 801.9788208007812 622.3621215820312
177.80912815773257 791.3587036132812 613.7152099609375
177.97577213913627 765.2753295898438 606.0523071289062
178.009100935417 760.6412963867188 608.4232788085938
178.04242973169775 754.173583984375 612.2969970703125
178.1090873242592 738.1582641601562 623.0887451171875
178.4423752870666 661.447509765625 670.2854614257812
178.47570408334732 655.968017578125 671.9363403320312
178.50903287962805 650.7814331054688 674.6224975585938
178.5423616759088 643.656005859375 676.7626953125
178.57569047218954 637.36181640625 678.121337890625
178.60901926847026 632.3983154296875 680.4676513671875
178.64234806475102 628.2838134765625 682.3442993164062
178.67567686103175 625.664306640625 684.0724487304688
178.70900565731247 622.6162719726562 685.9854736328125
178.74233445359323 619.3101806640625 687.7499389648438
178.77566324987396 615.5833129882812 691.5532836914062
178.8089920461547 612.7217407226562 696.5055541992188
178.84232084243544 610.8090209960938 702.1959838867188
178.87564963871617 608.9589233398438 709.1065063476562
178.90897843499692 605.5895385742188 719.3494262695312
178.97563602755838 598.7178344726562 738.9533081054688
179.04229362011986 592.914306640625 753.454345703125
179.10895121268135 586.9900512695312 766.286865234375
179.1756088052428 579.9039306640625 777.0446166992188
179.20893760152356 573.469970703125 782.3930053710938
179.2422663978043 569.894775390625 786.7288818359375
179.275595194085 563.8219604492188 792.199462890625
179.30892399036577 555.4519653320312 798.303955078125
179.40891037920798 538.36181640625 822.6087036132812
179.4422391754887 535.4866943359375 835.220703125
179.47556797176944 535.7628173828125 849.8829956054688
179.5088967680502 536.93994140625 868.4496459960938
186.20798482047834 814.8478393554688 353.0003662109375
186.24131361675907 814.063232421875 337.06597900390625
186.27464241303983 813.4227905273438 325.2878112792969
186.30797120932056 813.2261962890625 314.986572265625
186.34130000560128 812.359619140625 308.56793212890625
186.37462880188204 812.0093994140625 304.1573791503906
186.40795759816277 812.98388671875 302.0049133300781
186.4412863944435 813.066162109375 301.3590393066406
186.47461519072425 813.2396240234375 303.9835510253906
186.50794398700498 815.6499633789062 310.10943603515625
186.5412727832857 818.5951538085938 318.5406494140625
186.57460157956646 820.5509033203125 331.7244873046875
186.64125917212792 827.458251953125 357.513427734375
186.67458796840867 830.079345703125 370.4994201660156
186.7079167646894 834.0445556640625 384.6553039550781
186.74124556097013 837.961669921875 400.7123718261719
186.8079031535316 843.5619506835938 436.6743469238281
186.84123194981234 846.5850830078125 460.2349853515625
193.2736896319946 770.9404296875 671.2086791992188
193.3403472245561 763.8594360351562 650.2997436523438
193.37367602083683 761.1375122070312 643.152099609375
193.40700481711755 757.3779296875 640.3154907226562
193.4403336133983 752.5546875 643.8589477539062
193.47366240967904 746.5941772460938 650.9530029296875
193.67363518736346 709.421142578125 759.7117919921875
193.74029277992494 707.5687255859375 796.4373779296875
195.00678703859293 831.6687622070312 1598.1182861328125
195.27341740883884 849.5752563476562 1608.3358154296875
195.30674620511957 850.7168579101562 1609.696044921875
195.6067053716462 863.3377685546875 1617.8447265625
195.64003416792696 863.79345703125 1620.94775390625
195.97332213073432 869.9190063476562 1626.0072021484375
196.00665092701504 869.8826904296875 1624.748046875
196.0399797232958 870.2435913085938 1623.10009765625
197.63976194477118 869.227783203125 1607.2349853515625
197.6730907410519 869.1913452148438 1607.23291015625
197.70641953733266 869.2564086914062 1607.2890625
197.7397483336134 869.1669311523438 1607.34765625
197.77307712989412 869.1575317382812 1607.2601318359375
197.80640592617488 869.3784790039062 1607.3414306640625
197.8397347224556 869.14794921875 1607.578369140625
197.87306351873633 869.1873168945312 1607.604248046875
197.9063923150171 869.1201782226562 1607.7291259765625
197.9397211112978 869.397705078125 1607.8173828125
197.97304990757854 869.2140502929688 1607.615966796875
198.0063787038593 869.1922607421875 1607.749267578125
198.03970750014003 869.2975463867188 1607.9154052734375
198.07303629642075 869.3072509765625 1607.7998046875
198.1063650927015 869.312255859375 1607.7696533203125
