3.032981953116442 282.0267639160156 299.2019958496094
14.664967685398182 242.3650665283203 309.12603759765625
43.12833678387556 250.3379364013672 329.38568115234375
93.95578160258518 250.1884002685547 312.63873291015625
122.41915070106255 211.2649688720703 246.85255432128906
122.48580964508709 211.10426330566406 246.86627197265625
123.01908119728338 204.74046325683594 256.7721252441406
123.11906961332019 204.94082641601562 258.7830810546875
123.15239908533246 204.7989959716797 258.14056396484375
123.18572855734473 205.46087646484375 258.8897705078125
123.219058029357 205.5800323486328 259.0630798339844
123.25238750136927 205.89556884765625 258.2384033203125
123.45236433344289 211.94012451171875 258.60186767578125
123.51902327746741 215.5980682373047 258.8495788574219
123.78565905356557 224.19595336914062 248.5574188232422
123.88564746960238 224.4532012939453 247.6562957763672
123.95230641362691 226.96243286132812 245.09864807128906
123.98563588563918 225.27316284179688 245.47434997558594
124.01896535765145 225.3008270263672 245.79063415527344
124.05229482966372 225.2544403076172 245.35739135742188
124.25227166173732 220.26490783691406 251.6945037841797
124.2856011337496 217.28916931152344 252.32235717773438
124.41891902179867 212.03982543945312 256.4954833984375
124.45224849381094 211.60330200195312 256.58905029296875
124.48557796582321 211.02047729492188 256.6570129394531
124.51890743783548 209.75277709960938 257.5784912109375
124.55223690984775 209.69622802734375 258.0262451171875
124.75221374192135 208.2979278564453 254.0867156982422
125.35214423814219 211.56036376953125 246.36544799804688
125.48546212619127 213.9744415283203 250.37847900390625
128.28513777522184 204.29200744628906 264.43621826171875
132.75128702486583 254.20758056640625 251.3538818359375
133.6178532971848 238.16983032226562 264.4563293457031
170.7802145908643 251.47976684570312 275.72528076171875
188.04488109321943 232.77590942382812 292.9488830566406
245.97150345054223 250.30482482910156 329.3428039550781
258.4367259831307 210.572265625 315.15728759765625
296.79894826925187 250.24932861328125 312.6629943847656
325.2623173677292 211.15101623535156 246.76504516601562
325.32897631175376 211.10704040527344 246.92872619628906
325.9622362799869 205.01318359375 258.60809326171875
325.99556575199915 205.0287628173828 258.0157165527344
326.0288952240114 205.45449829101562 258.94573974609375
326.0622246960237 205.4701690673828 259.2740783691406
326.09555416803596 205.5703125 258.802001953125
326.2955310001096 211.76707458496094 258.68878173828125
326.3621899441341 215.59873962402344 258.8035583496094
326.62882572023227 224.19012451171875 248.4920654296875
326.728814136269 224.45742797851562 247.69985961914062
326.79547308029356 226.7805938720703 245.32310485839844
326.82880255230583 225.25747680664062 245.47885131835938
326.8621320243181 225.38172912597656 245.72909545898438
326.89546149633037 225.2034912109375 245.49166870117188
327.095438328404 218.69923400878906 250.81150817871094
327.26208568846533 212.85113525390625 254.9295196533203
327.2954151604776 211.60519409179688 256.5349426269531
327.3287446324899 211.05287170410156 256.6433410644531
327.36207410450214 209.80567932128906 257.55078125
327.3954035765144 209.72386169433594 258.052734375
327.595380408588 208.4230499267578 254.0522918701172
328.1953109048089 211.58197021484375 246.2533721923828
328.32862879285796 213.99557495117188 250.36083984375
331.12830444188853 204.76629638671875 264.1786193847656
335.5944536915325 254.33143615722656 251.1002960205078
336.46101996385147 238.18234252929688 264.4013977050781
390.8880477598861 232.82395935058594 292.7947082519531
