0.9665614997302643 405.6995849609375 1198.61865234375
3.166322154288797 1147.3277587890625 775.2708129882812
3.232981568063298 1154.3997802734375 765.3015747070312
3.2996409818377987 1157.2723388671875 758.0894775390625
3.3329706887250494 1159.0601806640625 754.3204345703125
3.3663003956122997 1160.136474609375 750.5990600585938
3.3996301024995503 1161.3988037109375 746.2916259765625
3.4329598093868006 1161.6529541015625 743.6082763671875
3.4662895162740512 1162.7142333984375 739.7123413085938
3.499619223161302 1163.1058349609375 736.8443603515625
3.532948930048552 1163.962890625 734.3355102539062
3.566278636935803 1164.6859130859375 732.1934814453125
3.6329380507103037 1164.579345703125 728.6389770507812
3.6662677575975544 1164.417724609375 727.4537963867188
3.7662568782593056 1164.4112548828125 727.5099487304688
3.7995865851465562 1162.5645751953125 727.041259765625
3.8329162920338065 1161.6207275390625 724.188720703125
3.866245998921057 1160.5924072265625 721.9060668945312
3.999564826470059 1146.0037841796875 715.7471313476562
4.032894533357309 1140.703369140625 716.28173828125
4.06622424024456 1135.0211181640625 717.2644653320312
4.166213360906312 1110.65283203125 719.7973022460938
4.232872774680812 1094.8631591796875 718.649169921875
4.332861895342564 1076.07958984375 715.0660400390625
4.466180722891566 1049.9638671875 704.676513671875
4.566169843553317 1023.5086059570312 691.1524658203125
4.632829257327819 1009.7897338867188 683.1828002929688
4.666158964215069 1003.5790405273438 681.16357421875
4.73281837798957 994.1476440429688 675.7429809570312
4.832807498651322 982.6580200195312 672.8139038085938
4.866137205538572 978.0076293945312 671.3027954101562
4.899466912425822 974.3154296875 669.2601928710938
4.932796619313073 968.2545776367188 666.70166015625
4.966126326200324 964.6753540039062 664.3199462890625
4.999456033087574 960.96484375 661.8777465820312
5.032785739974824 957.5342407226562 658.4274291992188
5.066115446862075 954.9276733398438 655.396240234375
5.0994451537493255 951.3453369140625 652.9366455078125
5.132774860636576 948.5010375976562 649.9218139648438
5.166104567523826 945.235107421875 645.8402709960938
5.199434274411077 941.2338256835938 642.1184692382812
5.299423395072829 921.0996704101562 627.21923828125
5.332753101960079 911.237060546875 624.6064453125
5.366082808847329 904.0750732421875 626.0524291992188
5.39941251573458 898.4752807617188 626.58447265625
5.4327422226218305 892.8187255859375 625.9192504882812
5.466071929509081 890.3463134765625 625.5306396484375
5.499401636396331 887.712158203125 621.9771118164062
5.532731343283582 888.8577270507812 620.0226440429688
5.566061050170832 888.4791870117188 616.504638671875
5.5993907570580825 890.0010986328125 612.9804077148438
5.632720463945334 892.7041015625 608.2384033203125
5.666050170832584 894.5345458984375 602.3285522460938
5.732709584607084 902.6646118164062 590.374755859375
5.7660392914943355 906.5880126953125 582.813232421875
5.799368998381586 910.2763671875 576.1179809570312
5.832698705268836 914.156494140625 567.8986206054688
5.899358119043337 918.2183837890625 555.9644775390625
5.9326878259305875 917.4506225585938 552.7376708984375
5.966017532817839 915.1962280273438 549.7215576171875
6.032676946592339 909.0726928710938 548.069091796875
6.066006653479589 903.3742065429688 547.6199951171875
6.0993363603668405 898.1962280273438 547.0518798828125
6.899249325660852 668.6136474609375 559.4129638671875
6.965908739435353 655.1738891601562 565.1495361328125
6.999238446322604 647.9620971679688 567.197021484375
7.132557273871606 628.6953735351562 576.10009765625
7.165886980758856 622.8043823242188 580.8185424804688
7.7658217047293645 467.134765625 734.7243041992188
7.799151411616616 460.72265625 739.628662109375
7.865810825391116 457.72210693359375 749.553466796875
7.899140532278367 456.4924011230469 754.534423828125
7.932470239165617 458.14227294921875 759.3209838867188
7.999129652940118 461.09564208984375 770.20751953125
8.032459359827369 463.11981201171875 776.0299682617188
8.065789066714618 466.49139404296875 781.5769653320312
8.09911877360187 469.0094299316406 788.332275390625
8.13244848048912 470.637451171875 796.368896484375
8.16577818737637 473.05096435546875 805.7160034179688
9.46563675597914 996.4238891601562 798.5193481445312
9.898922945513396 877.2380981445312 736.1787719726562
9.965582359287897 865.299072265625 720.9007568359375
9.998912066175148 858.1185302734375 715.7792358398438
10.065571479949648 850.2453002929688 708.794189453125
10.13223089372415 850.0469360351562 703.77880859375
10.1655606006114 849.7545776367188 702.9974365234375
10.198890307498651 849.8963012695312 701.8710327148438
10.232220014385902 851.8883056640625 700.7569580078125
10.265549721273151 853.23486328125 697.7134399414062
10.298879428160403 853.8895874023438 694.8292236328125
10.332209135047652 855.3770751953125 689.5310668945312
10.365538841934903 854.6952514648438 684.7052001953125
10.398868548822154 853.8797607421875 680.1796264648438
10.432198255709404 855.2301635742188 675.4340209960938
10.465527962596655 857.29296875 670.4537353515625
10.532187376371155 864.5545043945312 664.1133422851562
10.565517083258406 868.4996337890625 662.10009765625
10.598846790145657 872.2401123046875 659.4793090820312
10.632176497032907 877.5360107421875 658.5396728515625
10.698835910807409 886.550048828125 657.7218017578125
10.732165617694658 891.1010131835938 657.70361328125
10.79882503146916 895.5254516601562 664.645263671875
10.83215473835641 898.2455444335938 665.1939697265625
10.865484445243661 901.21435546875 664.5594482421875
10.932143859018161 905.9373779296875 661.5951538085938
10.965473565905413 907.4605712890625 659.6168212890625
10.998803272792662 907.4107666015625 657.4537963867188
11.032132979679913 907.255126953125 655.3270263671875
11.065462686567164 905.6668090820312 654.1589965820312
11.098792393454413 905.9360961914062 652.1858520507812
11.165451807228916 901.2357788085938 649.3402709960938
11.198781514116165 899.6138305664062 649.048583984375
11.232111221003416 898.5006103515625 648.4337768554688
11.265440927890667 896.8211669921875 648.2680053710938
11.298770634777917 895.848388671875 647.4979858398438
11.332100341665168 895.0757446289062 646.7323608398438
11.365430048552419 893.7264404296875 646.3533935546875
11.398759755439668 892.3479614257812 646.924072265625
11.43208946232692 891.2073364257812 646.4116821289062
11.465419169214169 889.7838745117188 646.4317016601562
11.49874887610142 888.1411743164062 646.7686767578125
11.532078582988671 885.3016967773438 648.1116943359375
11.56540828987592 883.7032470703125 649.8731689453125
11.632067703650423 878.57861328125 653.343505859375
11.665397410537672 874.6281127929688 655.7921752929688
11.732056824312174 866.2273559570312 660.182861328125
11.765386531199423 862.9037475585938 660.5497436523438
11.798716238086675 860.217529296875 659.952392578125
11.865375651861175 857.178955078125 656.7450561523438
11.898705358748426 855.1864013671875 653.7728271484375
11.932035065635677 855.0466918945312 649.7119140625
11.965364772522927 854.7514038085938 644.2069702148438
11.998694479410178 854.3988037109375 639.4950561523438
12.032024186297427 855.5130615234375 635.0922241210938
12.065353893184678 856.5551147460938 631.2076416015625
12.09868360007193 854.1754150390625 627.5514526367188
12.132013306959179 852.6788940429688 624.62353515625
12.198672720733681 848.0632934570312 615.484375
12.23200242762093 844.5225219726562 610.0619506835938
12.265332134508181 840.7183837890625 604.9544677734375
12.298661841395433 834.970947265625 598.9558715820312
12.365321255169933 826.56689453125 590.7440185546875
12.398650962057184 819.6611938476562 586.5205688476562
12.431980668944433 812.189697265625 583.1148681640625
12.498640082718936 797.6701049804688 577.5072631835938
12.565299496493436 778.375244140625 574.65380859375
13.131904513576695 484.0935974121094 614.4185791015625
13.198563927351195 470.86163330078125 624.0087280273438
13.231893634238446 464.4273681640625 629.2083740234375
13.265223341125695 454.97296142578125 631.75732421875
13.365212461787447 429.33154296875 640.2373657226562
13.398542168674698 425.7385559082031 641.2597045898438
13.43187187556195 421.781494140625 643.18359375
13.465201582449199 418.4112548828125 644.9296875
13.49853128933645 415.9847717285156 646.333251953125
13.5318609962237 414.3225402832031 647.639892578125
13.56519070311095 413.89068603515625 648.5905151367188
13.598520409998201 413.5371398925781 650.6002197265625
13.63185011688545 414.4205627441406 653.1806030273438
13.665179823772702 417.41522216796875 653.1349487304688
13.698509530659953 419.41900634765625 652.4860229492188
13.731839237547202 421.1781005859375 650.3941650390625
13.765168944434453 424.51702880859375 648.5936279296875
13.798498651321705 429.959228515625 646.15380859375
13.831828358208954 436.0625 642.224365234375
13.865158065096205 443.6519470214844 638.8656005859375
13.998476892645208 472.0314025878906 621.3464965820312
14.031806599532457 479.0816345214844 616.2830200195312
14.16512542708146 507.2032165527344 594.8413696289062
14.198455133968709 512.0169677734375 591.1730346679688
14.265114547743211 523.4881591796875 583.6220092773438
14.331773961517712 531.8404541015625 578.9171752929688
14.365103668404963 535.1076049804688 577.2977294921875
14.398433375292212 537.9666137695312 574.481201171875
14.431763082179463 540.564697265625 573.60693359375
14.465092789066714 540.5758666992188 573.580810546875
14.531752202841215 538.2882690429688 570.8980102539062
14.565081909728466 535.6800537109375 571.7612915039062
14.598411616615715 532.47119140625 571.6226806640625
14.631741323502967 533.4235229492188 570.9839477539062
14.665071030390218 532.400146484375 571.4478149414062
14.698400737277467 530.15478515625 571.4580078125
14.731730444164718 530.0582885742188 571.4229125976562
14.765060151051967 530.13818359375 571.79541015625
14.798389857939219 528.9609985351562 573.4981689453125
14.865049271713719 523.2278442382812 576.8828735351562
14.931708685488221 513.95556640625 580.4068603515625
15.065027513037222 492.5307922363281 587.6299438476562
15.098357219924473 492.7469787597656 588.4302978515625
15.165016633698974 493.63275146484375 588.6337280273438
15.198346340586225 494.5836486816406 588.672119140625
15.298335461247976 499.0855712890625 587.2520141601562
15.331665168135226 501.8701171875 585.0670776367188
15.364994875022477 504.5625915527344 584.0294799804688
15.398324581909728 505.20440673828125 583.6021118164062
15.431654288796977 506.67584228515625 582.640625
15.698291943894983 528.561767578125 564.7631225585938
15.798281064556734 528.1189575195312 556.98779296875
15.831610771443984 526.5851440429688 555.7086181640625
15.864940478331235 525.7225341796875 554.6021728515625
16.09824842654199 522.1107788085938 561.9134521484375
16.19823754720374 517.4625244140625 566.5988159179688
16.23156725409099 517.3947143554688 566.6010131835938
16.26489696097824 517.3214111328125 566.5413818359375
16.298226667865492 518.3328857421875 565.418212890625
16.33155637475274 518.7022705078125 565.4989624023438
16.36488608163999 520.0471801757812 565.4760131835938
16.398215788527242 521.6319580078125 565.1244506835938
16.431545495414493 524.1827392578125 565.94580078125
16.464875202301744 525.5383911132812 565.9387817382812
16.531534616076243 528.3142700195312 565.5652465820312
16.564864322963494 530.048583984375 562.7780151367188
16.9648208056105 552.3056030273438 537.43994140625
17.031480219385003 552.116943359375 532.0326538085938
17.131469340046753 551.9730834960938 528.1427612304688
17.164799046934004 551.6988525390625 527.2468872070312
17.198128753821255 551.5180053710938 527.7493896484375
17.298117874483005 538.423828125 532.5603637695312
17.498096115806508 491.7732238769531 539.9275512695312
17.56475552958101 482.12677001953125 542.5419311523438
17.631414943355512 477.1653747558594 545.9498901367188
17.66474465024276 473.2617492675781 549.9067993164062
17.731404064017262 467.02435302734375 558.1785888671875
17.798063477791764 459.3643798828125 563.65869140625
17.898052598453514 462.3291320800781 567.0001831054688
17.931382305340765 467.5245666503906 568.3377685546875
18.564646736198526 545.0296630859375 563.7520141601562
18.697965563747527 541.2688598632812 562.9051513671875
18.731295270634778 539.8402709960938 562.6531372070312
18.76462497752203 538.90087890625 564.0120849609375
18.797954684409277 536.670654296875 565.4024047851562
18.93127351195828 511.5066833496094 577.2289428710938
19.264570580830785 416.71746826171875 602.97900390625
19.364559701492535 388.7768859863281 611.6920776367188
19.397889408379786 384.3670959472656 614.7328491210938
19.797845891026792 363.8277893066406 659.884521484375
19.831175597914044 362.4617614746094 661.666748046875
19.964494425463045 357.4216613769531 665.2432861328125
21.83095801114907 153.02371215820312 682.7001953125
25.363906941197627 247.71395874023438 878.8102416992188
41.99543067793562 716.4535522460938 1021.1218872070312
42.09541979859737 710.720458984375 1047.970947265625
42.12874950548462 710.3524780273438 1051.5888671875
42.16207921237187 710.357421875 1053.4473876953125
42.19540891925912 713.5454711914062 1050.670166015625
42.262068333033625 717.6248779296875 1043.467041015625
42.295398039920876 719.0225219726562 1039.9647216796875
70.8922865491818 837.6574096679688 1669.945556640625
70.95894596295629 838.6405639648438 1673.2115478515625
77.72487646106815 1298.5931396484375 1762.8851318359375
78.0248438230534 1278.239013671875 1794.4859619140625
78.35814089192591 1252.874267578125 1807.4163818359375
78.39147059881316 1253.3612060546875 1802.527587890625
78.75809737457291 1252.5802001953125 1729.1956787109375
80.45791242582268 911.7443237304688 1394.04052734375
80.49124213270994 912.2076416015625 1394.7689208984375
81.09117685668045 875.9646606445312 1398.751220703125
81.99107894263621 868.3911743164062 1398.248779296875
82.29104630462146 890.1918334960938 1441.509033203125
83.19094839057723 1013.1478881835938 1393.212890625
83.39092663190073 1009.425048828125 1353.069091796875
83.45758604567523 1002.9474487304688 1336.0166015625
83.52424545944973 996.8392944335938 1320.0716552734375
83.55757516633699 995.6100463867188 1313.943603515625
83.62423458011149 994.7805786132812 1305.3907470703125
83.85754252832224 1027.5673828125 1278.2818603515625
83.95753164898399 1047.1280517578125 1259.429931640625
88.92365797518431 195.44161987304688 867.4041137695312
88.95698768207157 193.7752227783203 868.6846313476562
89.89021947491457 368.9790344238281 916.58251953125
92.18996925013487 832.1949462890625 779.3402709960938
93.12320104297788 719.0823974609375 643.6471557617188
95.0563240424384 741.5377807617188 703.8720092773438
95.08965374932565 746.0123901367188 699.2202758789062
95.1229834562129 750.4314575195312 695.483642578125
95.15631316310015 756.739013671875 693.3353881835938
95.18964286998741 757.4354248046875 683.935302734375
95.22297257687465 759.0980834960938 677.6910400390625
95.25630228376191 760.7163696289062 669.334716796875
95.32296169753641 758.0250244140625 649.1829833984375
95.68958847329617 741.3004150390625 610.564208984375
96.08954495594317 774.3519897460938 622.1306762695312
96.62282026613917 782.4602661132812 643.2971801757812
96.65614997302643 779.19873046875 641.2704467773438
96.72280938680093 782.3801879882812 651.3422241210938
96.75613909368818 777.9022827148438 651.0999145507812
97.02277674878619 741.3068237304688 678.1506958007812
97.08943616256069 735.853271484375 689.2576904296875
97.15609557633519 734.13671875 702.6857299804688
97.18942528322243 732.9324340820312 709.0640869140625
97.22275499010969 732.6065673828125 714.3756103515625
97.25608469699694 730.801513671875 715.974365234375
97.2894144038842 729.685546875 715.9872436523438
97.32274411077144 726.435546875 717.400634765625
97.35607381765868 724.3792724609375 718.626220703125
97.38940352454594 722.827392578125 721.8494873046875
97.42273323143318 718.8882446289062 724.6097412109375
97.45606293832044 715.4830322265625 727.765380859375
97.58938176586945 691.2684936523438 746.8671264648438
97.65604117964395 673.0867919921875 755.6680908203125
97.85601942096744 636.6664428710938 766.114501953125
97.8893491278547 631.719482421875 769.4263916015625
97.92267883474194 626.2825317382812 770.6741943359375
97.9560085416292 619.851318359375 773.4208374023438
98.12265707606545 581.7638549804688 770.8445434570312
98.2226461967272 568.2401123046875 764.1087646484375
98.25597590361446 563.5128784179688 763.5330810546875
98.2893056105017 559.9922485351562 761.6868896484375
98.32263531738896 555.10498046875 760.4171142578125
98.3559650242762 548.9512329101562 759.480712890625
98.45595414493796 523.4752807617188 750.9738159179688
98.58927297248695 478.34393310546875 740.5772705078125
98.65593238626145 467.60504150390625 739.6177368164062
98.72259180003596 461.7275390625 734.498779296875
98.75592150692322 458.87884521484375 730.0584716796875
98.78925121381046 453.01318359375 724.761474609375
98.82258092069772 450.38983154296875 718.2183227539062
98.85591062758496 447.3899230957031 710.7885131835938
98.8892403344722 446.177001953125 706.81787109375
98.92257004135946 447.6257629394531 704.1201171875
98.95589974824671 451.13970947265625 705.0977783203125
99.02255916202121 460.41204833984375 717.3408203125
99.05588886890847 467.37042236328125 724.6412353515625
99.08921857579571 473.2138671875 729.7047119140625
99.18920769645747 491.8207092285156 745.3038940429688
99.22253740334472 498.22833251953125 749.5510864257812
99.28919681711922 507.99908447265625 758.2181396484375
99.32252652400646 514.37451171875 763.967529296875
99.35585623089372 520.253173828125 769.3095703125
99.45584535155547 532.1227416992188 789.9173583984375
99.48917505844273 537.6253051757812 793.807373046875
99.55583447221723 546.1157836914062 803.4337768554688
99.62249388599172 554.1585693359375 816.9110107421875
99.65582359287897 559.1834106445312 822.765625
99.68915329976622 564.1945190429688 830.52099609375
99.75581271354072 572.7976684570312 848.8441162109375
99.85580183420248 586.5828247070312 871.4931640625
100.12243948930048 649.5850219726562 914.3198852539062
100.15576919618773 660.5313110351562 920.5116577148438
100.18909890307498 666.668212890625 920.279296875
100.32241773062398 687.8474731445312 926.2518310546875
100.35574743751124 693.2159423828125 928.1121826171875
100.42240685128573 701.3340454101562 931.9989624023438
100.45573655817299 706.0142822265625 934.9666137695312
100.58905538572199 718.1150512695312 945.8709106445312
100.6557147994965 726.7403564453125 951.05810546875
100.68904450638374 734.0433349609375 955.4286499023438
100.82236333393274 752.2677001953125 964.6591186523438
100.85569304081999 757.5868530273438 967.27880859375
101.05567128214349 774.8600463867188 969.6096801757812
101.1889901096925 768.0670166015625 958.1289672851562
101.28897923035424 748.1895751953125 926.6934814453125
101.388968351016 722.1954956054688 883.8743896484375
101.42229805790325 715.1226196289062 871.4459228515625
101.4556277647905 708.6065673828125 859.0777587890625
101.55561688545225 693.45849609375 825.2661743164062
101.5889465923395 689.4435424804688 811.9110717773438
101.75559512677576 658.6425170898438 728.1583862304688
101.98890307498651 647.1156616210938 663.9722290039062
102.22221102319726 642.959716796875 625.4451904296875
102.25554073008452 642.1661987304688 623.2512817382812
102.35552985074627 643.4448852539062 619.8777465820312
102.38885955763351 646.6318359375 623.33837890625
105.92180848768207 681.502685546875 696.5541381835938
105.95513819456932 676.139404296875 702.3515625
106.25510555655457 634.7828369140625 774.6580810546875
106.92169969429958 818.2306518554688 744.5371704101562
107.02168881496134 822.8912963867188 756.2342529296875
107.05501852184858 823.0737915039062 761.8731079101562
107.12167793562308 820.1626586914062 774.6455688476562
107.15500764251034 818.522216796875 778.4063720703125
107.18833734939759 817.6044311523438 779.6334838867188
107.22166705628483 812.5001831054688 781.4703979492188
107.25499676317209 806.673095703125 781.0536499023438
107.28832647005933 805.00634765625 777.8589477539062
107.35498588383383 800.4502563476562 773.2742919921875
107.38831559072109 798.1134643554688 770.973876953125
107.42164529760834 792.3349609375 768.6997680664062
107.48830471138284 781.5208129882812 764.9451293945312
107.82160178025535 676.9468383789062 731.6846923828125
107.88826119402985 671.023193359375 723.0576171875
107.95492060780434 665.5590209960938 712.4954223632812
107.9882503146916 663.5368041992188 707.794677734375
108.0549097284661 657.074951171875 695.0344848632812
108.08823943535334 654.638671875 686.8578491210938
108.1215691422406 652.9338989257812 681.8851318359375
108.15489884912785 652.0103759765625 678.6857299804688
108.1882285560151 653.832275390625 676.3314208984375
108.22155826290235 654.8433227539062 675.6843872070312
108.2548879697896 657.3267822265625 675.4844360351562
108.28821767667685 660.197265625 677.2182006835938
108.3215473835641 662.56591796875 680.4819946289062
108.35487709045135 665.9033813476562 684.7909545898438
108.3882067973386 668.455810546875 689.9227905273438
108.42153650422586 670.0452270507812 696.09423828125
108.4548662111131 672.745849609375 702.483154296875
108.48819591800036 676.8779296875 707.3195190429688
108.62151474554936 701.5986328125 730.0547485351562
108.6548444524366 708.318115234375 736.1572875976562
108.68817415932385 716.4502563476562 741.8839721679688
108.95481181442186 786.1846313476562 782.7686157226562
109.45475741773062 834.2402954101562 807.770751953125
109.52141683150512 838.865478515625 807.7232055664062
109.58807624527962 844.1807861328125 804.6494140625
109.62140595216687 844.4286499023438 804.294677734375
109.65473565905413 841.7422485351562 803.1934814453125
109.68806536594137 841.8638305664062 798.2537841796875
109.72139507282863 843.8086547851562 793.1704711914062
109.78805448660313 847.182373046875 780.2321166992188
109.85471390037762 852.47802734375 768.3404541015625
109.92137331415212 857.2586669921875 753.4081420898438
109.95470302103938 857.3350830078125 745.281005859375
109.98803272792662 855.1813354492188 734.9912109375
110.05469214170112 849.837646484375 710.2413940429688
110.15468126236289 842.50537109375 670.4922485351562
110.22134067613737 837.6412963867188 651.2489624023438
110.28800008991188 837.0153198242188 633.4011840820312
113.62097077863693 875.3726196289062 694.3160400390625
113.65430048552417 878.5076904296875 699.57958984375
113.68763019241143 881.5992431640625 704.2543334960938
113.72095989929868 884.6703491210938 709.6836547851562
113.75428960618594 890.5773315429688 717.5665283203125
113.78761931307318 892.5037231445312 720.3023681640625
113.82094901996044 895.724365234375 726.398681640625
113.85427872684768 900.4758911132812 733.0987548828125
113.95426784750943 911.0576171875 756.3648071289062
113.98759755439669 914.61083984375 765.8136596679688
114.02092726128393 915.7620849609375 771.54638671875
114.05425696817119 921.5156860351562 776.384765625
114.08758667505843 924.5321044921875 782.8845825195312
114.12091638194569 929.711181640625 789.0548706054688
114.15424608883293 936.932373046875 796.0806274414062
114.22090550260744 947.3828735351562 806.8663940429688
114.2542352094947 954.6312866210938 812.5191650390625
118.98705358748425 887.2957153320312 819.9131469726562
119.15370212192052 883.0271606445312 828.1814575195312
119.22036153569502 876.5096435546875 824.9522094726562
119.25369124258226 872.4325561523438 823.97265625
119.45366948390577 858.001953125 843.86279296875
119.68697743211652 818.505615234375 900.5215454101562
119.72030713900376 813.1992797851562 907.850830078125
119.75363684589102 809.7619018554688 915.8861083984375
119.82029625966553 804.4390258789062 930.4801635742188
119.88695567344003 799.3148803710938 943.9857177734375
119.92028538032727 798.63720703125 949.8942260742188
119.95361508721453 797.5911865234375 956.283203125
119.98694479410177 795.3848266601562 962.9517822265625
120.02027450098902 793.5155639648438 969.6934814453125
120.18692303542528 794.6353759765625 998.5265502929688
120.22025274231252 796.1685791015625 1005.8294067382812
120.42023098363603 783.4290161132812 1075.384765625
131.31904513576694 419.057373046875 767.2196655273438
131.3523748426542 416.9272155761719 753.4719848632812
131.45236396331595 422.1434326171875 717.5494384765625
131.5523530839777 434.7890930175781 690.3763427734375
131.58568279086495 441.4244384765625 683.7595825195312
131.8856501528502 503.3291015625 649.1561889648438
131.9523095666247 509.4095153808594 645.8974609375
132.0189689803992 516.6266479492188 643.9431762695312
132.05229868728645 517.6519775390625 643.8742065429688
132.21894722172271 521.5814208984375 632.2421264648438
132.25227692860994 520.9812622070312 629.4053955078125
132.31893634238446 515.3406982421875 632.9152221679688
133.08551960079123 576.059814453125 578.9376831054688
133.68545432476174 588.0619506835938 574.2977294921875
134.0520811005215 635.8482666015625 588.2007446289062
134.15207022118324 645.14697265625 585.6075439453125
134.25205934184498 653.1261596679688 580.8338623046875
134.3187187556195 660.0247192382812 578.9099731445312
134.385378169394 666.2691040039062 576.9326782226562
134.48536729005573 673.8469848632812 574.4385986328125
134.55202670383025 676.6945190429688 573.0907592773438
134.58535641071748 679.6489868164062 572.2385864257812
134.61868611760474 683.971435546875 571.8252563476562
134.652015824492 685.6629028320312 571.310791015625
134.68534553137926 689.3858642578125 571.1453247070312
134.71867523826648 691.3887939453125 569.9551391601562
134.88532377270275 690.0669555664062 564.2052612304688
134.91865347959 689.0615844726562 561.9635620117188
134.95198318647724 686.112548828125 559.6293334960938
135.01864260025175 682.8212280273438 559.7765502929688
135.051972307139 679.9935913085938 559.2368774414062
135.08530201402624 676.869384765625 560.0016479492188
135.1186317209135 672.1336059570312 562.7335815429688
135.15196142780076 669.2744140625 564.670654296875
135.185291134688 664.7553100585938 565.8555908203125
135.21862084157524 661.8580932617188 569.11865234375
135.2519505484625 655.1608276367188 570.4486083984375
135.28528025534976 649.891357421875 571.5839233398438
135.318609962237 645.5087890625 573.0748901367188
135.35193966912425 643.0416870117188 573.8134155273438
135.3852693760115 640.25537109375 576.1618041992188
135.41859908289877 636.804443359375 577.8994140625
135.451928789786 631.810791015625 579.22314453125
135.48525849667325 628.511474609375 582.1513671875
135.55191791044774 618.1043701171875 587.523681640625
135.585247617335 609.8207397460938 591.1985473632812
135.78522585865852 557.2376708984375 605.0977172851562
135.851885272433 544.9304809570312 614.87548828125
135.88521497932027 539.5159912109375 618.9102172851562
135.9185446862075 535.1947631835938 621.6856079101562
135.95187439309476 527.3207397460938 624.9041748046875
135.985204099982 523.2158203125 627.1640014648438
136.01853380686927 517.3626098632812 630.9710693359375
136.1851823413055 500.27972412109375 663.3307495117188
148.68382242402444 585.6627807617188 710.9237670898438
148.7171521309117 580.8594360351562 713.5741577148438
148.75048183779896 577.2974243164062 717.598876953125
148.7838115446862 575.5408325195312 719.955078125
148.8504709584607 575.7352905273438 729.2125854492188
148.95046007912245 576.822265625 743.0045166015625
148.9837897860097 574.9898681640625 748.3929443359375
149.0504491997842 568.5996704101562 762.1517333984375
149.15043832044594 552.6007080078125 780.1958618164062
149.85036216507822 532.1019897460938 743.6884765625
150.01701069951446 534.5015869140625 682.0216674804688
150.05034040640172 533.6207885742188 676.0214233398438
150.11699982017623 532.2118530273438 668.5226440429688
150.15032952706346 529.6375732421875 667.0625610351562
150.18365923395072 527.88330078125 664.1067504882812
150.21698894083798 529.064453125 661.3900756835938
150.28364835461247 524.8527221679688 658.3357543945312
150.31697806149973 525.0107421875 658.405029296875
150.35030776838698 524.7924194335938 657.9496459960938
150.3836374752742 524.4840087890625 656.4629516601562
150.41696718216147 526.0686645507812 656.73388671875
150.45029688904873 527.0298461914062 656.16552734375
150.483626595936 526.8367309570312 656.412353515625
150.51695630282322 527.0079956054688 656.1821899414062
150.55028600971048 525.6257934570312 656.2577514648438
150.58361571659773 524.1061401367188 656.4409790039062
150.65027513037222 519.5955810546875 653.7351684570312
150.68360483725948 512.9862060546875 654.2356567382812
150.78359395792123 494.5936279296875 653.7485961914062
150.81692366480848 494.978515625 653.8865966796875
150.85025337169574 494.9563293457031 655.703125
150.88358307858297 498.22088623046875 656.40576171875
150.91691278547023 502.77392578125 657.3463745117188
150.9502424923575 506.8905944824219 659.6051025390625
150.98357219924472 513.7719116210938 661.9723510742188
151.05023161301924 521.4771118164062 664.6680908203125
151.0835613199065 526.8485107421875 667.4747924804688
151.11689102679372 530.5496215820312 668.8970947265625
151.15022073368098 533.844970703125 670.3477172851562
151.2168801474555 541.8687744140625 669.3519287109375
151.28353956123 547.864990234375 668.1493530273438
151.31686926811724 554.0142822265625 666.2936401367188
151.51684750944074 586.7665405273438 636.713134765625
151.550177216328 594.48388671875 629.1433715820312
151.58350692321525 600.0254516601562 622.5936279296875
151.61683663010248 604.827392578125 616.5406494140625
151.65016633698974 611.8972778320312 610.1470336914062
151.683496043877 615.3283081054688 605.34423828125
151.71682575076423 618.4885864257812 602.3154296875
151.7501554576515 621.2232666015625 599.0338745117188
151.78348516453875 622.2955932617188 597.4856567382812
151.816814871426 621.903076171875 596.8463134765625
151.85014457831323 620.3218383789062 596.923095703125
151.8834742852005 618.2628784179688 597.1616821289062
151.91680399208775 615.3809204101562 598.0755004882812
151.98346340586224 609.9364013671875 601.1995849609375
152.05012281963675 600.1333618164062 604.8172607421875
152.18344164718576 578.3068237304688 607.9973754882812
152.25010106096025 565.98046875 607.2890014648438
152.51673871605826 503.2408752441406 596.876220703125
152.65005754360726 493.810546875 601.0921020507812
152.68338725049452 495.82855224609375 602.7574462890625
152.71671695738175 502.0052795410156 603.6784057617188
152.81670607804352 511.2764892578125 606.914794921875
153.11667344002876 585.4014892578125 572.08349609375
153.2166625606905 603.4437866210938 557.77783203125
153.24999226757777 609.9601440429688 554.312744140625
153.28332197446503 614.7745971679688 552.7593994140625
153.3499813882395 624.6469116210938 552.8241577148438
153.38331109512677 630.0105590820312 553.9891967773438
153.41664080201403 632.8619384765625 555.703125
153.48330021578852 634.2724609375 559.1484985351562
153.51662992267578 634.3379516601562 561.2883911132812
153.54995962956303 634.3006591796875 562.7607421875
153.58328933645026 634.1043090820312 564.7496948242188
153.61661904333752 634.01953125 566.1444702148438
153.64994875022478 633.5155639648438 567.773193359375
153.683278457112 632.764404296875 570.4025268554688
153.71660816399927 634.2568359375 571.8634033203125
153.78326757777378 638.5531005859375 575.1522216796875
153.81659728466101 639.1160278320312 576.4298706054688
153.84992699154827 641.6126098632812 574.1498413085938
153.94991611221002 644.3478393554688 572.1217651367188
153.98324581909728 648.2142944335938 573.9080200195312
154.01657552598454 645.9540405273438 573.8501586914062
154.14989435353354 633.8699340820312 574.5044555664062
154.18322406042077 629.0982055664062 573.8335571289062
154.21655376730803 620.824462890625 576.0914916992188
154.31654288796977 600.4771118164062 578.9492797851562
154.34987259485703 594.25927734375 579.912109375
154.41653200863152 589.59033203125 584.0247802734375
154.44986171551878 585.2019653320312 586.9351806640625
154.48319142240604 584.4948120117188 589.593017578125
154.5165211292933 579.5333862304688 593.0487060546875
154.54985083618052 573.947265625 593.7399291992188
154.61651024995504 564.9893798828125 591.7999877929688
154.6498399568423 557.94677734375 593.4119262695312
154.7164993706168 553.8605346679688 595.3422241210938
154.78315878439128 553.3792114257812 598.9711303710938
154.81648849127853 553.9599609375 602.27490234375
154.88314790505305 554.2752685546875 606.9395751953125
154.91647761194028 553.0762939453125 609.678955078125
154.94980731882754 550.7294921875 612.1893920898438
154.9831370257148 546.4663696289062 612.73779296875
155.08312614637654 526.6040649414062 614.2423095703125
155.14978556015103 522.195068359375 616.8136596679688
155.1831152670383 519.6961059570312 619.18310546875
155.21644497392555 520.24609375 621.2078247070312
155.2497746808128 518.87646484375 624.4927368164062
155.28310438770004 520.8515625 630.1809692382812
155.3164340945873 517.4697265625 630.51513671875
155.34976380147455 515.379638671875 632.6327514648438
155.3830935083618 513.0653686523438 632.4219970703125
155.48308262902356 508.4134521484375 631.7886962890625
155.5164123359108 505.1805725097656 627.3554077148438
155.54974204279804 503.6960754394531 627.3284301757812
155.5830717496853 501.1305847167969 627.5176391601562
155.61640145657256 498.1927185058594 627.716064453125
155.81637969789605 475.98199462890625 632.7073974609375
155.8497094047833 467.15814208984375 631.5122680664062
155.88303911167054 462.99591064453125 630.2463989257812
155.9163688185578 460.8509826660156 630.0779418945312
156.0496876461068 456.0623779296875 637.9431762695312
156.21633618054307 452.2461242675781 650.5330810546875
156.2496658874303 447.47442626953125 652.6814575195312
156.3163253012048 441.1289367675781 657.8778076171875
156.3829847149793 441.76116943359375 660.1555786132812
156.41631442186656 442.927978515625 661.3255615234375
156.44964412875382 442.43408203125 663.4781494140625
156.48297383564108 440.7201232910156 666.9944458007812
156.5163035425283 440.9075622558594 669.3511352539062
156.54963324941556 437.9233703613281 672.4963989257812
156.58296295630282 434.0585632324219 676.3479614257812
156.6496223700773 422.047607421875 685.890869140625
156.84960061140083 372.7541809082031 706.5217895507812
156.91626002517532 367.26715087890625 718.2960205078125
156.94958973206258 364.2921142578125 721.2957763671875
156.9829194389498 359.0756530761719 719.9921264648438
157.08290855961158 340.3065490722656 724.9756469726562
157.1162382664988 335.5417175292969 729.5994873046875
157.14956797338607 333.4320373535156 735.7042236328125
157.18289768027333 331.5859680175781 742.1979370117188
157.24955709404782 337.5054931640625 755.0844116210938
157.28288680093507 336.4490051269531 761.5888671875
157.31621650782233 341.6859130859375 766.018798828125
157.44953533537134 334.00860595703125 804.3682250976562
157.54952445603308 327.88043212890625 824.3131713867188
157.61618386980757 333.79437255859375 828.4219360351562
157.64951357669483 339.497802734375 828.4564819335938
157.71617299046935 345.3773193359375 828.1121826171875
157.74950269735658 346.6753234863281 828.9328002929688
157.78283240424383 347.7288513183594 829.8843994140625
157.9494809386801 346.4872131347656 850.5457763671875
157.98281064556733 343.06243896484375 859.942626953125
158.11612947311633 333.201904296875 902.2035522460938
158.1494591800036 337.14727783203125 911.078857421875
158.6827344901996 551.427490234375 971.3326416015625
159.51597716238086 918.9080200195312 722.560791015625
159.58263657615535 929.350341796875 699.7766723632812
159.6159662830426 932.4465942382812 694.6401977539062
159.71595540370436 927.9578857421875 694.4376831054688
159.9492633519151 871.6770629882812 688.636962890625
164.0821470059342 566.064697265625 599.701904296875
164.28212524725768 528.1956787109375 640.3613891601562
164.31545495414494 529.2077026367188 644.1636962890625
164.61542231613018 589.1884765625 643.9132080078125
165.6819729365222 634.469970703125 595.5237426757812
165.84862147095845 648.01953125 601.6804809570312
170.98139633159502 571.9039306640625 823.5647583007812
171.04805574536954 565.16064453125 823.7579956054688
171.08138545225677 559.3215942382812 825.0233764648438
171.14804486603128 541.2633056640625 822.167236328125
171.38135281424204 464.3642883300781 810.4442138671875
171.48134193490378 457.6350402832031 794.8261108398438
171.5480013486783 455.36834716796875 778.66064453125
171.6813201762273 460.282470703125 751.6183471679688
171.7479795900018 466.7016906738281 740.0479125976562
171.8812984175508 480.7972717285156 717.5597534179688
171.91462812443805 485.6168518066406 711.4305419921875
171.94795783132528 486.6164245605469 706.3490600585938
172.0146172450998 489.6202392578125 698.0960693359375
172.04794695198706 489.83807373046875 694.8512573242188
172.0812766588743 491.30938720703125 692.753662109375
172.11460636576155 492.69244384765625 691.079833984375
172.1479360726488 495.8270263671875 688.7279663085938
172.18126577953603 496.8588562011719 686.5714111328125
172.2145954864233 495.3141784667969 685.2432250976562
172.24792519331055 496.30523681640625 682.3505859375
172.2812549001978 496.6041564941406 679.7153930664062
172.31458460708504 496.6178283691406 676.0528564453125
172.3479143139723 494.72479248046875 671.3687133789062
172.4145737277468 489.91229248046875 658.7845458984375
172.44790343463404 487.3334045410156 653.6531982421875
172.4812331415213 486.9937744140625 649.33447265625
172.51456284840856 485.8452453613281 646.2488403320312
172.5478925552958 485.85614013671875 644.9374389648438
172.58122226218305 484.2994689941406 644.9172973632812
172.6145519690703 482.6080322265625 646.0341186523438
172.64788167595756 482.6981506347656 648.9046020507812
172.71454108973205 481.062744140625 655.3463745117188
172.7478707966193 477.84808349609375 658.3646850585938
172.9478490379428 474.4515075683594 655.0113525390625
172.98117874483006 474.5285949707031 657.7037353515625
173.04783815860455 481.5533752441406 659.4559936523438
173.11449757237907 486.84820556640625 663.7183227539062
173.14782727926632 490.3139343261719 664.9110717773438
173.18115698615355 494.1268615722656 666.4441528320312
173.2144866930408 497.81317138671875 670.4111938476562
173.2811461068153 498.7215881347656 674.9193725585938
173.31447581370256 503.20989990234375 674.3952026367188
173.34780552058982 507.21710205078125 673.195556640625
173.38113522747707 514.3628540039062 672.3114013671875
173.81442141701132 506.8868103027344 677.0946655273438
173.84775112389858 506.4756164550781 681.2423095703125
173.88108083078583 507.8035583496094 685.1046142578125
174.14771848588381 506.9488220214844 705.1034545898438
174.2477076065456 514.4915771484375 708.4739379882812
174.81431262362884 557.6216430664062 791.9668579101562
174.8476423305161 561.7122192382812 789.4044189453125
174.88097203740332 568.0130004882812 784.61865234375
174.91430174429058 573.6248779296875 781.9765625
175.01429086495233 590.4805297851562 773.7871704101562
175.0476205718396 596.4518432617188 769.8613891601562
175.11427998561408 601.9705810546875 759.8807373046875
175.14760969250133 603.2800903320312 753.8240356445312
175.1809393993886 602.91357421875 745.794189453125
175.21426910627585 602.16650390625 736.1926879882812
175.24759881316308 601.04248046875 728.1534423828125
175.3142582269376 606.045654296875 715.26171875
175.5808958820356 658.09521484375 680.16552734375
175.61422558892284 663.7438354492188 673.7855834960938
175.7142147095846 679.8699951171875 659.1657104492188
175.74754441647184 684.4541625976562 655.7026977539062
175.7808741233591 688.9205932617188 653.59423828125
175.81420383024636 695.9314575195312 652.3508911132812
175.8475335371336 699.11083984375 652.2347412109375
176.0475117784571 701.6993408203125 647.994873046875
176.08084148534437 700.1134643554688 648.1943969726562
176.1141711922316 698.26025390625 648.3903198242188
176.2474900197806 685.5833129882812 655.918701171875
176.31414943355512 681.686279296875 661.2747802734375
176.34747914044235 679.0023803710938 664.9281005859375
176.3808088473296 674.8583984375 667.1934204101562
176.41413855421686 673.0364379882812 669.1796875
176.44746826110412 672.6781616210938 669.2521362304688
176.48079796799135 674.3787841796875 668.8460693359375
176.5141276748786 675.9508056640625 669.1947631835938
176.54745738176587 675.1250610351562 670.05029296875
176.58078708865312 675.19482421875 669.6038208007812
176.61411679554035 674.6376342773438 670.1408081054688
176.6474465024276 672.627685546875 670.231201171875
176.68077620931487 669.7356567382812 668.9505615234375
176.78076532997662 657.6038208007812 667.3923950195312
176.8474247437511 645.2615966796875 665.2138671875
176.88075445063836 644.31298828125 663.9935302734375
176.91408415752562 644.5056762695312 662.8986206054688
176.9807435713001 649.3642578125 660.897216796875
177.01407327818737 652.3715209960938 657.7962036132812
177.28071093328538 672.3394775390625 602.8251953125
178.51391008811365 638.2943115234375 579.3848876953125
178.54723979500088 637.10009765625 579.238525390625
178.58056950188814 636.44921875 578.0750732421875
178.6138992087754 634.9995727539062 578.0078125
178.68055862254988 628.2964477539062 574.38720703125
178.71388832943714 627.1238403320312 573.92041015625
178.7472180363244 628.21533203125 575.6126708984375
178.78054774321166 630.3748779296875 577.7030029296875
178.8138774500989 631.2022094726562 583.9434814453125
178.84720715698614 632.9024047851562 591.3912353515625
178.8805368638734 632.330078125 599.232177734375
178.91386657076063 629.3717651367188 606.8076171875
178.9471962776479 626.7290649414062 612.1038818359375
178.98052598453515 622.8746948242188 615.4154052734375
179.0138556914224 614.9383544921875 619.3611450195312
179.1471745189714 581.6643676757812 628.04541015625
179.2138339327459 573.2445068359375 632.23974609375
179.24716363963316 567.1851196289062 635.2865600585938
179.2804933465204 561.0610961914062 638.7864990234375
179.3471527602949 551.807861328125 644.2892456054688
179.38048246718216 545.909912109375 645.0648803710938
179.4138121740694 540.23779296875 643.6017456054688
179.44714188095665 534.8905639648438 639.0486450195312
179.4804715878439 529.8429565429688 635.1477661132812
179.5471310016184 523.0472412109375 621.739013671875
179.58046070850565 522.7672119140625 614.807373046875
179.74710924294192 566.45361328125 613.3017578125
179.84709836360366 577.7989501953125 631.5376586914062
179.91375777737815 575.074951171875 639.7125854492188
180.0137468980399 572.9186401367188 643.1887817382812
180.04707660492716 577.2738037109375 645.2061767578125
180.61368162201043 762.458740234375 625.9761962890625
180.64701132889766 762.5591430664062 628.4168701171875
180.71367074267218 769.18115234375 632.7178955078125
180.7470004495594 771.0394897460938 636.2692260742188
180.81365986333392 780.3851928710938 643.8075561523438
180.84698957022118 781.83544921875 646.829345703125
180.8803192771084 783.3143310546875 651.7601928710938
180.91364898399567 785.4600219726562 653.35400390625
181.08029751843193 782.851318359375 653.3253173828125
181.1136272253192 780.600341796875 653.203125
181.18028663909368 775.85888671875 654.7393188476562
181.21361634598094 770.0929565429688 655.0863647460938
181.24694605286817 767.383544921875 655.880126953125
181.31360546664268 753.9271850585938 652.8203735351562
181.41359458730443 731.1486206054688 642.8596801757812
181.48025400107895 725.6735229492188 640.2916259765625
181.51358370796618 724.5875854492188 641.4720458984375
181.54691341485344 720.555908203125 638.2359008789062
181.5802431217407 719.739013671875 636.6561279296875
181.64690253551518 720.591552734375 631.0225830078125
181.68023224240244 720.6422119140625 627.92431640625
181.74689165617693 720.4855346679688 623.5242919921875
182.01352931127494 744.3569946289062 596.2333984375
186.74634768926452 410.94940185546875 1177.5037841796875
188.5794815680633 1154.505615234375 765.8385620117188
188.61281127495053 1156.5972900390625 760.9258422851562
188.67947068872505 1158.9453125 754.0997924804688
188.71280039561228 1159.9608154296875 750.77880859375
188.74613010249954 1161.6123046875 746.199462890625
188.7794598093868 1161.4293212890625 743.3549194335938
188.81278951627405 1162.682373046875 739.6508178710938
188.84611922316128 1163.14697265625 736.7392578125
188.87944893004854 1163.58154296875 733.561279296875
188.9127786369358 1164.655029296875 732.0221557617188
188.97943805071029 1165.0411376953125 729.3656616210938
189.01276775759754 1164.9979248046875 727.6924438476562
189.1127568782593 1164.806396484375 727.7381591796875
189.14608658514655 1162.581787109375 726.6806030273438
189.1794162920338 1161.6038818359375 724.2205200195312
189.3793945333573 1140.483154296875 716.0425415039062
189.5127133609063 1110.59375 719.6370849609375
189.91266984355332 1023.528564453125 691.4853515625
190.01265896421506 1003.6599731445312 681.0384521484375
190.04598867110232 997.5291137695312 678.3786010742188
190.07931837798955 994.2930297851562 675.8258056640625
190.1793074986513 982.599609375 672.5372314453125
190.21263720553856 978.0792846679688 671.5313720703125
190.2459669124258 974.2118530273438 668.7785034179688
190.27929661931307 968.3475341796875 667.0318603515625
190.3126263262003 964.583984375 664.39208984375
190.34595603308756 960.9957885742188 661.9229736328125
190.37928573997482 957.6135864257812 658.4246826171875
190.41261544686208 954.8375244140625 655.2626953125
190.4459451537493 951.3057250976562 653.1025390625
190.47927486063656 948.5023803710938 650.07373046875
190.51260456752382 945.4249267578125 645.9135131835938
190.54593427441108 941.0831909179688 641.9750366210938
190.71258280884732 904.0612182617188 625.9861450195312
190.74591251573457 898.5729370117188 626.8493041992188
190.77924222262183 892.7294311523438 626.14599609375
190.81257192950906 890.19140625 625.4127807617188
190.84590163639632 888.2024536132812 622.09375
190.87923134328358 888.92626953125 619.7874145507812
190.91256105017084 888.4060668945312 616.4668579101562
190.94589075705807 889.8823852539062 613.2870483398438
190.97922046394532 892.7857666015625 608.311767578125
191.01255017083258 894.9108276367188 602.7501831054688
191.07920958460707 902.5223999023438 590.09765625
191.11253929149433 906.704345703125 583.0975341796875
191.1458689983816 910.3866577148438 576.23388671875
191.17919870526882 914.43017578125 567.9884033203125
191.21252841215608 915.7052612304688 561.5377197265625
191.24585811904333 917.8104248046875 556.1776733398438
191.2791878259306 917.5005493164062 552.9677734375
191.31251753281782 915.2301635742188 550.0476684570312
191.34584723970508 913.799560546875 549.276123046875
191.37917694659234 908.9747314453125 547.67919921875
191.41250665347957 903.699462890625 547.306396484375
191.44583636036683 898.2008666992188 546.7481079101562
192.2124196187736 675.3734130859375 560.1716918945312
192.24574932566085 668.5689086914062 559.305419921875
192.4123978600971 640.3821411132812 574.822265625
192.4790572738716 628.7990112304688 576.6376342773438
192.51238698075883 622.8836669921875 580.859619140625
192.91234346340585 504.28765869140625 699.1298828125
193.11232170472937 467.4535827636719 734.8284301757812
193.2123108253911 457.8155822753906 749.2594604492188
193.24564053227834 456.5575256347656 754.408935546875
193.2789702391656 457.9617004394531 759.0602416992188
193.34562965294012 461.1203918457031 770.2777709960938
193.37895935982735 462.9845275878906 775.91748046875
193.44561877360186 469.1220703125 788.13671875
193.47894848048912 470.7242431640625 796.2282104492188
193.51227818737635 473.3504943847656 806.0751953125
193.5456078942636 477.4763488769531 814.7125244140625
194.74547734220462 999.7974853515625 804.5267333984375
194.81213675597914 996.5162963867188 798.8252563476562
195.11210411796438 901.3214721679688 766.4682006835938
195.1787635317389 889.461669921875 754.5586547851562
195.21209323862612 882.5291137695312 745.5682373046875
195.24542294551338 877.3577880859375 736.313720703125
195.27875265240064 872.3657836914062 727.19775390625
195.34541206617513 858.0269165039062 715.675048828125
195.3787417730624 854.0679931640625 711.7283935546875
195.41207147994965 850.479736328125 708.3800659179688
195.47873089372413 850.0111694335938 703.5498046875
195.5120606006114 849.7515869140625 702.7142944335938
195.54539030749865 849.8134155273438 701.8546752929688
195.57872001438588 851.7617797851562 700.901611328125
195.61204972127314 853.0758056640625 697.3268432617188
195.6453794281604 853.8974609375 694.7265014648438
195.67870913504765 854.8935546875 689.2885131835938
195.71203884193488 854.6621704101562 684.9284057617188
195.74536854882214 853.7743530273438 680.0161743164062
195.7786982557094 855.347900390625 675.007080078125
195.81202796259666 857.2670288085938 670.1205444335938
195.87868737637115 864.654296875 664.503662109375
195.9120170832584 868.50048828125 662.2410278320312
195.94534679014563 872.2782592773438 659.403076171875
195.9786764970329 877.1091918945312 658.6735229492188
196.0453359108074 886.5260620117188 657.5151977539062
196.1119953245819 893.1598510742188 661.650390625
196.14532503146916 895.5513305664062 664.9334716796875
196.1786547383564 898.3212890625 665.3596801757812
196.21198444524364 901.1710205078125 664.759765625
196.27864385901816 905.7069702148438 661.347900390625
196.3119735659054 907.3605346679688 659.5834350585938
196.34530327279265 907.1027221679688 657.3064575195312
196.3786329796799 907.2108764648438 655.2227172851562
196.41196268656716 905.5975952148438 654.0286865234375
196.4452923934544 905.9539184570312 652.146240234375
196.5119518072289 901.3362426757812 649.4956665039062
196.54528151411617 899.8124389648438 649.3074951171875
196.5786112210034 898.4386596679688 648.5477905273438
196.61194092789066 896.9182739257812 648.1658325195312
196.64527063477792 896.1803588867188 647.2952880859375
196.67860034166515 895.0036010742188 646.849609375
196.7119300485524 893.7515869140625 646.508056640625
196.74525975543966 892.439208984375 646.8748779296875
196.77858946232692 891.1531372070312 646.5137939453125
196.81191916921415 889.814697265625 646.5648193359375
196.8452488761014 888.1792602539062 646.8609008789062
196.87857858298867 885.3778076171875 648.1953125
196.91190828987592 883.7449340820312 649.723876953125
196.9785677036504 878.6366577148438 653.1290283203125
197.01189741053767 874.714111328125 655.5911865234375
197.07855682431216 866.2501220703125 660.31494140625
197.11188653119942 862.8359985351562 660.6767578125
197.14521623808668 859.9342041015625 660.0444946289062
197.1785459449739 858.476318359375 658.465576171875
197.21187565186116 857.2333374023438 657.1841430664062
197.24520535874842 855.2711181640625 653.8543090820312
197.27853506563568 855.04541015625 649.7743530273438
197.3118647725229 854.8236694335938 644.1987915039062
197.34519447941017 854.3626708984375 639.6720581054688
197.37852418629743 855.3970336914062 635.135009765625
197.41185389318466 856.5891723632812 631.5037231445312
197.4451836000719 854.162841796875 627.5250854492188
197.47851330695917 852.7063598632812 624.5247802734375
197.54517272073366 848.0304565429688 615.6171875
197.57850242762092 844.49658203125 610.0199584960938
197.61183213450818 840.7070922851562 604.94580078125
197.64516184139543 835.2197875976562 599.4325561523438
197.71182125516992 826.797119140625 590.8314819335938
197.7784806689444 812.1608276367188 582.9876708984375
197.84514008271893 797.6284790039062 577.3893432617188
198.51173422046392 476.9676208496094 618.689697265625
198.54506392735118 470.8558044433594 623.8181762695312
198.57839363423844 464.4080505371094 629.3880615234375
198.6117233411257 455.135009765625 631.7903442382812
198.71171246178744 429.7993469238281 640.4737548828125
198.7450421686747 425.74163818359375 641.2927856445312
198.77837187556193 421.9651794433594 643.0224609375
198.8117015824492 418.3671569824219 645.3211669921875
198.84503128933645 415.9647521972656 646.39794921875
198.87836099622368 414.1226501464844 647.789306640625
198.91169070311093 413.889892578125 648.463134765625
198.9450204099982 413.35418701171875 650.6260986328125
198.97835011688545 414.35015869140625 652.9158935546875
199.01167982377268 417.4021301269531 653.0751342773438
199.04500953065994 419.3277587890625 652.36181640625
199.0783392375472 421.3393249511719 650.3464965820312
199.11166894443446 424.4916687011719 648.6065673828125
199.14499865132169 429.8899230957031 646.1629638671875
199.17832835820894 436.119873046875 642.3015747070312
199.2116580650962 443.71783447265625 638.9346313476562
199.37830659953244 479.1665344238281 616.4260864257812
199.4782957201942 501.8136291503906 599.36279296875
199.5449551339687 511.73529052734375 591.2018432617188
199.6116145477432 523.3240356445312 583.7857666015625
199.6782739615177 531.7459716796875 578.9207153320312
199.71160366840496 535.1197509765625 577.2449951171875
199.7449333752922 537.9422607421875 574.44091796875
199.77826308217945 540.5604248046875 573.4739379882812
199.8115927890667 540.548828125 573.5244140625
199.8782522028412 538.2525634765625 570.9149780273438
199.91158190972845 535.6669921875 571.6229248046875
199.9449116166157 532.4268188476562 571.6712036132812
199.97824132350297 533.4754028320312 571.4061279296875
200.04490073727746 530.082275390625 571.5421142578125
200.07823044416472 530.1781005859375 571.3626098632812
200.11156015105195 530.02587890625 571.8009643554688
200.1448898579392 528.8995971679688 573.470703125
200.21154927171372 523.2406616210938 576.639404296875
200.4115275130372 492.5982360839844 587.5535278320312
200.44485721992447 492.7441101074219 588.5506591796875
200.51151663369896 493.59796142578125 588.6698608398438
200.64483546124796 498.9775085449219 586.9423828125
200.67816516813522 501.73583984375 585.1004638671875
200.71149487502248 504.30108642578125 584.059326171875
200.7448245819097 505.1315002441406 583.5344848632812
200.77815428879697 506.5663146972656 582.5538940429688
201.14478106455672 528.1099243164062 557.0585327148438
201.24477018521847 524.9898071289062 553.955810546875
201.54473754720374 517.4669189453125 566.6677856445312
201.57806725409097 517.3967895507812 566.747314453125
201.61139696097823 517.3605346679688 566.6045532226562
201.64472666786548 518.4407958984375 565.6793212890625
201.67805637475274 518.626953125 565.3059692382812
201.71138608163997 520.0615844726562 565.4568481445312
201.74471578852723 521.585693359375 565.0249633789062
201.7780454954145 524.1096801757812 565.9906616210938
201.84470490918898 526.8059692382812 566.2974853515625
201.87803461607623 528.325927734375 565.3253784179688
201.9113643229635 530.1151733398438 562.8187866210938
202.01135344362524 530.3408813476562 558.2473754882812
202.31132080561048 552.5396728515625 537.5623168945312
202.377980219385 552.1033325195312 532.0100708007812
202.47796934004674 551.7681884765625 528.0501098632812
202.511299046934 551.6495971679688 527.1659545898438
202.54462875382126 551.81298828125 527.9600219726562
202.644617874483 538.519775390625 532.5170288085938
202.911255529581 482.0536193847656 542.3121948242188
202.9779149433555 477.17364501953125 545.8408203125
203.01124465024276 473.2122802734375 549.7654418945312
203.07790406401725 467.09991455078125 558.0711669921875
203.14456347779176 459.4837951660156 563.4837036132812
203.2445525984535 462.4744873046875 567.0977783203125
203.27788230534077 467.7300109863281 568.4376831054688
203.54451996043875 498.99810791015625 578.3814697265625
203.7778279086495 533.0736083984375 568.4035034179688
203.94447644308576 543.4097900390625 563.0086059570312
204.07779527063477 539.8862915039062 562.6463012695312
204.11112497752202 538.8824462890625 563.8743286132812
204.14445468440925 536.643310546875 565.2247924804688
204.7443894083798 384.4527893066406 614.7853393554688
205.17767559791403 362.3746337890625 661.5035400390625
205.31099442546304 357.4925842285156 665.0614624023438
205.41098354612478 350.0610656738281 666.8796997070312
210.24379104477612 356.2575988769531 826.3817138671875
210.71040694119762 247.5328826904297 878.9077758789062
210.97704459629563 267.05145263671875 850.0545043945312
227.44191979859735 710.6280517578125 1048.55078125
227.4752495054846 710.3653564453125 1051.956787109375
227.50857921237187 710.0042114257812 1053.916748046875
227.5419089192591 713.5942993164062 1051.11376953125
227.60856833303362 717.5897216796875 1043.6966552734375
227.64189803992087 719.0879516601562 1040.075439453125
228.34182188455313 970.10546875 912.0029296875
229.1084051429599 986.2565307617188 827.9622192382812
229.2417239705089 993.1526489257812 816.9645385742188
256.2387865491818 837.69091796875 1669.9423828125
257.6386342384463 1092.78271484375 1507.6826171875
263.07137646106816 1298.861572265625 1762.6668701171875
263.1713655817299 1293.9906005859375 1772.4930419921875
263.3713438230534 1278.18994140625 1794.2294921875
263.50466265060237 1257.8184814453125 1814.31396484375
263.7713003057004 1255.600830078125 1795.3914794921875
264.1045973745729 1252.328857421875 1728.802001953125
265.8044124258227 911.6488037109375 1393.7686767578125
267.30424923574896 867.6495971679688 1398.816162109375
267.3375789426362 868.252197265625 1398.418212890625
267.37090864952347 870.409912109375 1400.774169921875
267.4708977701852 879.8972778320312 1411.20458984375
268.47078897680274 1009.5003051757812 1402.3580322265625
268.5374483905772 1015.0433959960938 1394.109375
268.73742663190075 1009.4158325195312 1352.2137451171875
268.8040860456752 1004.92626953125 1336.147705078125
268.8707454594497 996.609375 1320.60595703125
268.90407516633695 995.619384765625 1314.1234130859375
268.93740487322424 994.7319946289062 1308.4794921875
268.97073458011147 994.7255249023438 1304.4617919921875
269.20404252832225 1027.094970703125 1278.02734375
269.304031648984 1047.02783203125 1259.2601318359375
274.2701579751843 195.4629669189453 867.4912719726562
274.30348768207153 193.70077514648438 868.7266845703125
274.3368173889588 194.42222595214844 870.1796875
275.2367194749146 369.1542663574219 916.6495361328125
277.13651276748783 810.6378173828125 829.8463745117188
277.5697989570221 834.2999877929688 782.2593994140625
280.50281316310014 756.6461181640625 693.0313720703125
280.5361428699874 757.3687744140625 684.6138305664062
280.56947257687466 761.1146850585938 679.8546752929688
280.6694616975364 758.19775390625 649.4500122070312
280.83611023197267 754.4694213867188 616.67138671875
281.03608847329616 742.6304931640625 611.7377319335938
281.46937466283043 777.755126953125 616.6544189453125
281.96932026613916 782.48291015625 643.5552368164062
282.1026390936882 777.5628662109375 650.7545166015625
282.36927674878615 741.1375122070312 677.9112548828125
282.5359252832224 732.9216918945312 708.7869262695312
282.5692549901097 732.575439453125 714.4533081054688
282.6025846969969 730.763916015625 716.0400390625
282.63591440388416 729.6588745117188 716.265380859375
282.66924411077144 726.3626098632812 717.761962890625
282.7359035245459 723.0426025390625 721.83251953125
282.7692332314332 718.896240234375 724.5665283203125
282.8025629383204 715.5419921875 727.9960327148438
282.8358926452077 710.3829345703125 731.4850463867188
282.93588176586945 691.375732421875 746.5263061523438
283.0025411796439 673.1492919921875 755.6388549804688
283.20251942096746 636.8693237304688 765.705078125
283.2358491278547 631.7890625 769.3338623046875
283.2691788347419 626.30419921875 770.7177124023438
283.3025085416292 619.8126220703125 773.8414916992188
283.4691570760654 581.8279418945312 770.7201538085938
283.5691461967272 568.1160888671875 764.3764038085938
283.60247590361445 563.5392456054688 763.61083984375
283.6358056105017 560.2051391601562 762.0757446289062
283.66913531738896 555.2449951171875 760.1787109375
283.7024650242762 548.8436889648438 759.7451782226562
283.80245414493794 523.5269165039062 750.919677734375
283.935772972487 478.4446105957031 740.7769775390625
284.0357620931487 463.48016357421875 738.4006958007812
284.06909180003595 461.8092956542969 734.5050048828125
284.1024215069232 459.03997802734375 730.1070556640625
284.13575121381047 452.93328857421875 724.7189331054688
284.1690809206977 450.13616943359375 718.3591918945312
284.2024106275849 447.4705810546875 710.7409057617188
284.2357403344722 446.1343078613281 706.7470092773438
284.26907004135944 447.73223876953125 704.1714477539062
284.3023997482467 451.31719970703125 705.0109252929688
284.4023888689085 467.715087890625 724.691162109375
284.5690374033447 498.2571105957031 749.4192504882812
284.6690265240065 514.5621337890625 763.891845703125
284.7023562308937 520.3143310546875 769.21533203125
284.73568593778094 523.9683227539062 778.0486450195312
284.80234535155546 532.2806396484375 790.015380859375
284.8356750584427 537.6758422851562 793.9972534179688
284.9023344722172 546.1598510742188 803.5031127929688
284.9689938859917 554.20654296875 816.9917602539062
285.00232359287895 559.2312622070312 822.8967895507812
285.03565329976624 564.3541870117188 830.5977172851562
285.1023127135407 573.2342529296875 848.9871215820312
285.20230183420244 586.5413818359375 871.1971435546875
285.53559890307497 666.9063720703125 919.8599853515625
285.5689286099622 669.1888427734375 921.7976684570312
285.66891773062395 687.9252319335938 926.4821166992188
285.76890685128575 701.4884643554688 931.9160766601562
285.802236558173 706.00341796875 935.0165405273438
285.93555538572195 718.3212280273438 946.350830078125
286.00221479949647 726.5674438476562 951.0488891601562
286.0355445063837 731.3981323242188 953.1502685546875
286.1022039201582 745.0980224609375 960.8006591796875
286.16886333393273 752.2020874023438 965.0108032226562
286.20219304081996 757.5127563476562 967.093994140625
286.335511868369 769.75390625 969.02001953125
286.5354901096925 767.8587036132812 958.0195922851562
286.63547923035424 748.2299194335938 926.6594848632812
286.735468351016 722.35546875 883.8676147460938
286.76879805790327 715.2762451171875 870.5662231445312
286.8021277647905 708.7208862304688 858.9774169921875
286.8354574716777 703.3199462890625 848.6249389648438
286.90211688545224 693.5591430664062 825.2186279296875
287.002106006114 678.6268920898438 782.288330078125
287.0687654198885 665.5386352539062 746.191162109375
287.23541395432477 648.9923706054688 687.194580078125
287.30207336809923 646.5191040039062 669.9443969726562
287.43539219564826 648.328369140625 648.3612670898438
287.56871102319724 645.7612915039062 628.9832763671875
287.6020407300845 644.44140625 626.33642578125
287.70202985074627 646.8522338867188 623.2982788085938
287.7353595576335 646.4959106445312 622.9325561523438
291.2683084876821 681.4976196289062 696.708251953125
291.5682758496673 633.7931518554688 768.9478759765625
291.60160555655455 634.7991333007812 774.7178955078125
292.2681996942996 818.3369140625 744.6610717773438
292.36818881496134 822.8709106445312 756.3895874023438
292.4015185218486 823.1259155273438 762.247314453125
292.4681779356231 820.0570678710938 774.2249755859375
292.5015076425103 818.9531860351562 777.9015502929688
292.53483734939755 817.2805786132812 780.4826049804688
292.56816705628484 811.8848266601562 782.0843505859375
292.60149676317207 806.669921875 780.9481201171875
292.63482647005935 805.0776977539062 777.3704223632812
292.7014858838338 800.4765014648438 773.1483764648438
292.7348155907211 798.0643310546875 771.1478881835938
292.7681452976083 792.6104736328125 768.5892944335938
292.83480471138284 781.359375 765.0574951171875
293.23476119402983 670.8211059570312 723.3837280273438
293.3347503146916 663.9833374023438 708.1112670898438
293.4014097284661 656.99072265625 695.0440063476562
293.4347394353533 654.6353149414062 687.2601928710938
293.4680691422406 652.6055297851562 681.905029296875
293.50139884912784 651.9324951171875 678.4229125976562
293.53472855601507 653.8043212890625 676.3722534179688
293.56805826290235 654.8718872070312 675.9069213867188
293.6013879697896 657.6669311523438 675.886474609375
293.6347176766768 660.2515258789062 677.3228759765625
293.6680473835641 662.56103515625 680.54443359375
293.70137709045133 666.1271362304688 684.9620361328125
293.7347067973386 668.7704467773438 689.8681030273438
293.76803650422585 670.32275390625 696.3748779296875
293.8013662111131 672.9654541015625 702.4317016601562
293.83469591800036 676.7861328125 707.5865478515625
293.9013553317748 686.0730590820312 718.4240112304688
294.03467415932386 716.4197998046875 741.7918701171875
294.76792771084337 831.9548950195312 807.1713256835938
294.8012574177306 833.9891967773438 807.7340087890625
294.8679168315051 838.811279296875 807.7512817382812
294.93457624527963 844.2970581054688 804.6952514648438
294.96790595216686 844.57861328125 804.7959594726562
295.0345653659414 841.8445434570312 798.4766235351562
295.0678950728286 843.830810546875 793.451416015625
295.1345544866031 847.0236206054688 780.2723388671875
295.2678733141521 857.1273193359375 753.0011596679688
295.3012030210394 857.2832641601562 745.1296997070312
295.3345327279266 855.3217163085938 734.83056640625
295.40119214170113 849.6668701171875 710.7916259765625
295.5011812623629 842.2689208984375 670.5250854492188
295.5678406761374 837.4358520507812 651.349365234375
295.6011703830246 838.0303955078125 642.4989624023438
295.70115950368637 836.0823364257812 615.3190307617188
298.93414107174965 872.5806274414062 689.6387939453125
298.96747077863694 875.2417602539062 694.3793334960938
299.00080048552417 878.43701171875 699.5635375976562
299.1341193130732 892.7955932617188 720.4906616210938
299.16744901996043 895.9405517578125 726.2945556640625
299.20077872684766 900.4698486328125 732.7025756835938
299.3674272612839 915.8198852539062 771.1375732421875
299.40075696817115 921.3986206054688 776.1698608398438
299.43408667505844 924.5556030273438 782.93603515625
299.46741638194567 929.4404296875 788.6209716796875
299.50074608883295 936.8511962890625 796.10205078125
299.5674055026074 947.259521484375 806.90771484375
299.6007352094947 954.275390625 812.4212036132812
304.433542708146 885.3312377929688 827.0140380859375
304.5002021219205 883.1452026367188 827.8938598632812
304.566861535695 876.634521484375 824.7400512695312
304.60019124258224 872.5506591796875 823.7940063476562
304.6335209494695 869.0775146484375 825.9802856445312
304.66685065635676 869.1509399414062 828.7341918945312
304.7335100701313 863.8323364257812 833.081298828125
304.7668397770185 861.9010620117188 837.6868286132812
304.80016948390573 857.99365234375 843.768310546875
305.0334774321165 818.6234130859375 900.485595703125
305.06680713900374 813.3662109375 908.021240234375
305.10013684589103 809.89892578125 916.1589965820312
305.1667962596655 804.4918823242188 929.9443359375
305.23345567344 799.195068359375 943.806884765625
305.26678538032724 798.71826171875 949.7293701171875
305.3001150872145 797.5701904296875 956.3056640625
305.33344479410175 795.2736206054688 963.170166015625
305.36677450098904 793.5219116210938 969.6580810546875
305.53342303542524 795.2841796875 997.7952880859375
305.56675274231253 796.069580078125 1005.604736328125
316.69887484265416 415.98944091796875 753.7933959960938
316.73220454954145 417.92706298828125 739.98828125
316.7988639633159 422.1136474609375 717.3770141601562
316.8988530839777 434.2999267578125 690.33447265625
316.93218279086494 441.3450622558594 683.7265014648438
317.2321501528502 503.0899963378906 649.5947875976562
317.2988095666247 509.3938903808594 645.7730712890625
317.3321392735119 511.8758239746094 644.50927734375
317.3654689803992 516.620361328125 644.1563720703125
317.39879868728644 517.8987426757812 644.1502075195312
317.5321175148354 520.9705810546875 636.9735717773438
317.5654472217227 521.9099731445312 631.982421875
317.59877692860994 521.017822265625 629.5560302734375
317.66543634238445 515.3043823242188 632.97314453125
317.86541458370795 515.8816528320312 633.375732421875
317.8987442905952 520.7190551757812 632.4954833984375
319.49857022118323 645.193603515625 585.5069580078125
319.598559341845 653.1265258789062 580.859130859375
319.6652187556195 660.398193359375 578.4774169921875
319.73187816939395 666.25927734375 576.8600463867188
319.83186729005575 673.8876342773438 574.7461547851562
319.865196996943 675.3825073242188 573.9964599609375
319.8985267038302 676.5800170898438 573.3057861328125
319.9318564107175 679.4291381835938 571.9735717773438
319.96518611760473 683.8887939453125 572.0501708984375
319.99851582449196 685.6513061523438 571.3751831054688
320.03184553137925 689.2285766601562 571.4422607421875
320.0651752382665 691.3141479492188 570.1656494140625
320.23182377270274 689.9950561523438 564.3712158203125
320.26515347958997 688.8309326171875 562.2005004882812
320.29848318647726 686.0062866210938 559.3711547851562
320.3651426002517 682.79443359375 559.4498291015625
320.398472307139 679.967529296875 559.4742431640625
320.43180201402623 676.713134765625 559.8412475585938
320.46513172091346 672.2584838867188 562.3146362304688
320.531791134688 664.6858520507812 565.83642578125
320.56512084157526 661.7537841796875 568.7185668945312
320.5984505484625 655.1603393554688 570.5143432617188
320.6317802553497 649.4727172851562 571.2818603515625
320.665109962237 645.4244995117188 573.0030517578125
320.69843966912424 643.069580078125 573.7510375976562
320.73176937601147 640.2681274414062 576.0796508789062
320.76509908289876 636.8526000976562 577.7694702148438
320.798428789786 631.9163818359375 579.2435302734375
320.8317584966732 628.47607421875 582.369140625
320.8650882035605 623.7322387695312 584.4393920898438
320.931747617335 609.8509521484375 591.1387939453125
321.198385272433 545.3299560546875 614.7910766601562
321.23171497932026 539.6555786132812 618.7984008789062
321.2983743930948 527.2789916992188 625.0636596679688
321.331704099982 523.468505859375 626.5730590820312
321.36503380686923 517.388427734375 631.0701904296875
321.465022927531 509.2475891113281 646.660400390625
321.49835263441827 505.48681640625 654.3602294921875
333.9303333033627 596.1771850585938 707.0579833984375
333.96366301024995 591.13525390625 709.4345703125
334.0636521309117 580.8250122070312 713.6361083984375
334.0969818377989 577.3167114257812 717.3677978515625
334.1303115446862 575.6106567382812 719.8526000976562
334.19697095846067 575.8558959960938 729.2124633789062
334.29696007912247 576.609130859375 742.9288330078125
334.3302897860097 574.9348754882812 747.963623046875
334.3969491997842 568.4409790039062 762.4791259765625
334.43027890667145 562.2930297851562 769.7156372070312
334.49693832044596 552.3728637695312 780.4058227539062
335.1968621650782 532.7706298828125 743.8141479492188
335.39684040640174 533.538818359375 676.2037353515625
335.4634998201762 532.1416015625 668.4869384765625
335.4968295270635 529.6220092773438 667.5040283203125
335.5301592339507 527.95654296875 664.6951293945312
335.56348894083794 529.2630004882812 661.494140625
335.63014835461246 524.5775756835938 658.4602661132812
335.6634780614997 524.8231811523438 658.20703125
335.696807768387 524.8570556640625 657.9915161132812
335.7301374752742 524.40771484375 656.4310302734375
335.7634671821615 526.166259765625 656.574462890625
335.7967968890487 527.0679931640625 656.2041625976562
335.83012659593595 526.838623046875 656.32421875
335.86345630282324 527.0186767578125 656.0999755859375
335.89678600971047 525.72412109375 656.2919921875
335.9301157165977 524.0960693359375 656.0772094726562
335.9967751303722 519.64306640625 653.7720947265625
336.03010483725944 513.0579223632812 654.2740478515625
336.13009395792125 494.59796142578125 654.130615234375
336.1634236648085 494.8252258300781 654.2326049804688
336.1967533716957 495.2998962402344 655.2005615234375
336.2634127854702 502.86016845703125 657.3778686523438
336.29674249235745 506.89544677734375 659.566650390625
336.33007219924474 513.8692016601562 662.0598754882812
336.3967316130192 521.4656982421875 664.4593505859375
336.4300613199065 526.8067626953125 667.5352172851562
336.4633910267937 530.3341064453125 669.0350341796875
336.496720733681 533.7822875976562 670.1644897460938
336.56338014745546 541.8737182617188 669.4471435546875
336.63003956123 547.86376953125 668.0631103515625
336.6633692681172 554.0834350585938 666.2275390625
336.86334750944076 586.7494506835938 636.5704345703125
336.896677216328 594.3081665039062 629.046142578125
336.9633366301025 604.8675537109375 616.5946655273438
336.99666633698973 611.8798828125 610.1426391601562
337.02999604387696 615.3544311523438 605.3829345703125
337.06332575076425 618.4357299804688 602.1743774414062
337.0966554576515 620.8834838867188 599.1642456054688
337.1299851645387 622.3482055664062 597.3342895507812
337.163314871426 621.8545532226562 596.7573852539062
337.2299742852005 618.0169677734375 596.8619384765625
337.26330399208774 615.5800170898438 598.2488403320312
337.32996340586226 609.8773803710938 601.1138916015625
337.3632931127495 604.30029296875 603.481201171875
337.3966228196367 600.03076171875 604.6702270507812
337.46328223341123 590.5441284179688 606.8624267578125
337.6299307678475 557.1102294921875 606.3016357421875
337.79657930228376 514.0699462890625 597.28125
337.99655754360725 494.0172424316406 601.436279296875
338.0298872504945 495.8782958984375 602.7926025390625
338.06321695738177 502.1925354003906 603.5186157226562
338.12987637115623 506.6144714355469 607.2020263671875
338.363184319367 560.8221435546875 590.7238159179688
338.46317344002875 585.9569091796875 571.7821044921875
338.5631625606905 603.3496704101562 557.5326538085938
338.59649226757773 609.8153076171875 554.1050415039062
338.629821974465 614.5682983398438 552.8168334960938
338.66315168135225 618.8532104492188 552.6890869140625
338.69648138823953 624.9849243164062 552.2273559570312
338.72981109512676 630.169189453125 554.1778564453125
338.763140802014 633.1511840820312 555.9095458984375
338.7964705089013 635.627685546875 557.8682250976562
338.8298002157885 634.414306640625 559.0642700195312
338.86312992267574 634.257568359375 561.0830078125
338.896459629563 634.2921752929688 562.60791015625
338.92978933645026 633.8561401367188 564.5068969726562
338.9631190433375 634.0289306640625 566.4440307617188
338.9964487502248 633.4942626953125 567.7728271484375
339.029778457112 632.7018432617188 570.2564086914062
339.0631081639993 634.4615478515625 571.8392944335938
339.0964378708865 635.728271484375 573.5125122070312
339.12976757777375 641.2489013671875 577.2416381835938
339.16309728466103 639.3016357421875 576.5714721679688
339.19642699154826 641.5348510742188 573.98583984375
339.29641611221 644.44921875 572.1421508789062
339.3630755259845 646.1502685546875 573.1492309570312
339.4963943535335 634.0706176757812 574.4629516601562
339.563053767308 620.916259765625 576.2007446289062
339.66304288796977 600.6790161132812 578.8168334960938
339.696372594857 594.3021240234375 580.0943603515625
339.7630320086315 589.48779296875 584.1062622070312
339.7963617155188 585.3489990234375 586.829345703125
339.82969142240603 584.5855712890625 589.7022705078125
339.86302112929326 579.3103637695312 592.9803466796875
339.89635083618055 574.0509033203125 593.7252807617188
339.963010249955 564.3297729492188 592.3128662109375
339.9963399568423 557.781494140625 593.5319213867188
340.06299937061675 554.1519165039062 595.4118041992188
340.12965878439127 553.1463623046875 599.0787963867188
340.16298849127855 554.425537109375 602.5914306640625
340.1963181981658 555.2435913085938 604.9105224609375
340.229647905053 554.2857055664062 606.84912109375
340.2629776119403 552.9347534179688 609.7725830078125
340.29630731882753 550.680419921875 611.985595703125
340.3962964394893 532.3220825195312 614.1324462890625
340.4296261463765 526.3201904296875 614.199462890625
340.4629558532638 523.2505493164062 614.7679443359375
340.496285560151 522.4560546875 616.7059326171875
340.5296152670383 519.7202758789062 618.9913330078125
340.56294497392554 520.1806640625 621.1162719726562
340.59627468081277 518.4364624023438 624.3387451171875
340.62960438770006 520.6541748046875 630.2303466796875
340.6629340945873 516.611328125 630.1551513671875
340.6962638014745 515.5149536132812 632.85546875
340.7295935083618 513.122802734375 632.2808837890625
340.76292321524903 510.93170166015625 631.2088623046875
340.82958262902355 508.4039001464844 631.1275024414062
340.8629123359108 508.585205078125 629.5353393554688
340.89624204279806 503.8020935058594 627.3355102539062
340.9295717496853 501.276611328125 627.4506225585938
340.9629014565725 498.08502197265625 627.721435546875
341.09622028412156 484.1091003417969 633.5533447265625
341.162879697896 475.69000244140625 632.6670532226562
341.22953911167053 463.0310363769531 630.8225708007812
341.2628688185578 460.91033935546875 630.1998901367188
341.3961876461068 456.1936950683594 637.9120483398438
341.4628470598813 455.56671142578125 644.8739624023438
341.56283618054306 452.2745361328125 650.3828125
341.5961658874303 447.4403381347656 652.88330078125
341.6628253012048 441.1365051269531 657.8156127929688
341.7294847149793 441.7490234375 660.1138305664062
341.76281442186655 442.43487548828125 661.433349609375
341.7961441287538 442.4898681640625 663.4649047851562
341.82947383564107 440.7414245605469 667.03466796875
341.8628035425283 440.9246520996094 669.5016479492188
341.8961332494155 437.7835693359375 672.6171875
341.9294629563028 434.0440368652344 676.2433471679688
341.99612237007733 422.07470703125 685.7584228515625
342.1961006114008 372.9996032714844 706.5170288085938
342.2627600251753 367.3446350097656 718.1898803710938
342.3294194389498 358.8175964355469 720.226806640625
342.42940855961155 340.2853698730469 724.8234252929688
342.46273826649883 335.4540710449219 729.5686645507812
342.49606797338606 333.40704345703125 735.4379272460938
342.5293976802733 331.5140075683594 742.3175048828125
342.5960570940478 337.7334899902344 755.1170043945312
342.6627165078223 341.5323181152344 766.0958862304688
342.7960353353713 333.9251403808594 804.4775390625
342.89602445603305 327.6953125 824.41015625
342.96268386980756 333.70770263671875 828.4129638671875
342.9960135766948 339.26458740234375 828.5509643554688
343.0293432835821 344.9754333496094 831.0825805664062
343.0960026973566 346.694580078125 828.8538818359375
343.1293324042438 347.8049011230469 829.9998168945312
343.2959809386801 346.62506103515625 850.2026977539062
343.3626403524546 336.12261962890625 870.8792724609375
343.46262947311635 333.2007141113281 902.1025390625
343.4959591800036 337.07891845703125 911.0841064453125
344.0292344901996 551.4715576171875 971.6265869140625
344.86247716238086 919.188232421875 721.8587646484375
344.9291365761554 929.3905639648438 700.2301025390625
345.0291256968171 930.9757690429688 692.2676391601562
345.06245540370435 927.9637451171875 694.2992553710938
345.1624445243661 913.2184448242188 691.09130859375
345.26243364502784 882.9171142578125 687.0968627929688
349.4286470059342 565.87890625 598.8201293945312
349.6286252472577 528.2217407226562 640.2505493164062
351.1617917640712 645.7900390625 599.4783325195312
356.327896331595 571.9076538085938 823.7965698242188
356.39455574536953 565.3203735351562 823.8345336914062
356.42788545225676 559.40771484375 824.857177734375
356.4945448660313 541.3389282226562 822.0174560546875
356.727852814242 464.5086364746094 810.2260131835938
356.89450134867826 455.3714904785156 779.14404296875
357.0278201762273 461.11431884765625 751.9542236328125
357.09447959000175 466.75689697265625 740.0819091796875
357.2277984175508 480.8152160644531 717.49560546875
357.261128124438 485.5501403808594 711.6724243164062
357.2944578313253 486.4964294433594 705.9918212890625
357.36111724509976 489.7792053222656 697.9957275390625
357.39444695198705 489.3628234863281 695.1718139648438
357.4277766588743 491.5035705566406 692.3352661132812
357.4611063657615 492.7005310058594 690.7319946289062
357.4944360726488 495.61309814453125 688.9873046875
357.527765779536 496.86474609375 686.646728515625
357.6277549001978 496.4661865234375 679.5951538085938
357.66108460708506 496.85809326171875 676.0018310546875
357.6944143139723 494.7135925292969 671.1599731445312
357.7277440208595 491.5559387207031 665.4197998046875
357.7610737277468 489.9920959472656 658.6141967773438
357.79440343463403 487.2579650878906 653.51220703125
357.82773314152126 486.8576965332031 649.0469970703125
357.86106284840855 485.83294677734375 646.6221313476562
357.8943925552958 485.74798583984375 644.6514892578125
357.92772226218307 484.3092956542969 644.4913940429688
357.9610519690703 482.53900146484375 645.921630859375
357.9943816759575 482.53411865234375 648.8125610351562
358.0277113828448 482.6634216308594 651.8690185546875
358.06104108973204 481.1380310058594 655.425537109375
358.0943707966193 477.7066650390625 658.163330078125
358.32767874483005 474.3394470214844 657.5591430664062
358.3610084517173 478.03741455078125 658.5676879882812
358.39433815860457 481.541015625 659.6807250976562
358.46099757237903 486.67340087890625 663.8365478515625
358.4943272792663 490.2721862792969 664.9273681640625
358.52765698615354 494.21795654296875 666.239013671875
358.5609866930408 497.7949523925781 670.2208251953125
358.59431639992806 498.6041564941406 674.15087890625
358.6276461068153 498.64227294921875 674.962890625
358.6609758137026 503.143310546875 674.515869140625
358.6943055205898 507.291748046875 673.46337890625
358.72763522747704 514.2879028320312 672.0472412109375
359.1609214170113 506.9901428222656 677.2133178710938
359.2275808307858 508.1075744628906 684.5972900390625
359.3608996583348 513.6649780273438 703.8053588867188
359.49421848588383 506.8689880371094 705.2410278320312
359.6275373134328 518.9027099609375 709.9332885742188
360.16081262362883 557.2689819335938 792.2257690429688
360.19414233051606 561.583251953125 789.31787109375
360.22747203740334 567.9055786132812 784.5685424804688
360.2608017442906 573.177001953125 781.5892333984375
360.3607908649523 590.5825805664062 773.98193359375
360.39412057183955 596.6692504882812 769.6040649414062
360.42745027872684 598.6480712890625 765.78857421875
360.46077998561407 602.03857421875 759.7830200195312
360.49410969250135 603.2254028320312 753.8213500976562
360.5274393993886 603.11083984375 745.1393432617188
360.5607691062758 601.9734497070312 736.4208374023438
360.5940988131631 601.0574951171875 727.9432373046875
360.66075822693756 606.0505981445312 715.32861328125
360.69408793382485 610.76220703125 709.7490234375
360.8274067613738 633.966552734375 693.552734375
360.92739588203557 657.960693359375 679.7539672851562
360.96072558892286 663.739501953125 673.7393798828125
361.0273850026973 674.632080078125 662.5567016601562
361.0607147095846 680.3710327148438 659.4254150390625
361.12737412335906 689.2473754882812 653.7142333984375
361.16070383024635 695.3824462890625 652.8643798828125
361.1940335371336 699.037109375 652.2593383789062
361.39401177845707 701.6080932617188 648.0344848632812
361.42734148534436 700.1279907226562 648.121337890625
361.4606711922316 698.2107543945312 648.3377685546875
361.56066031289333 687.7053833007812 653.94091796875
361.5939900197806 685.3365478515625 655.9276733398438
361.6606494335551 681.9544677734375 661.2886352539062
361.69397914044237 678.942138671875 665.0037841796875
361.7273088473296 675.1910400390625 667.1407470703125
361.7606385542168 672.8971557617188 668.3909301757812
361.7939682611041 672.7220458984375 668.9629516601562
361.8606276748786 675.8056030273438 669.113525390625
361.89395738176586 675.2327270507812 669.8883666992188
361.9272870886531 675.1919555664062 669.849853515625
361.9606167955404 674.693603515625 670.3473510742188
361.9939465024276 672.0951538085938 669.9586791992188
362.02727620931483 670.05810546875 668.8036499023438
362.0606059162021 666.2472534179688 667.2559814453125
362.1939247437511 645.375244140625 665.2654418945312
362.2272544506384 644.3069458007812 664.0621337890625
362.2605841575256 644.4959106445312 663.2655639648438
362.32724357130013 649.4730224609375 660.8273315429688
362.36057327818736 652.3456420898438 658.0570068359375
362.62721093328537 672.101806640625 602.4144897460938
362.82718917460886 707.57861328125 569.8480224609375
362.9605080021579 707.2478637695312 556.5151977539062
363.72709126056463 638.092529296875 578.1403198242188
363.8604100881136 638.4397583007812 579.4417724609375
364.0270586225499 628.3165893554688 574.4366455078125
364.06038832943716 627.1077880859375 573.9131469726562
364.0937180363244 628.170166015625 575.3453369140625
364.1270477432116 630.70263671875 578.23974609375
364.1603774500989 631.3075561523438 583.83837890625
364.19370715698614 632.8164672851562 591.58837890625
364.22703686387337 632.5388793945312 599.099365234375
364.26036657076065 629.4777221679688 606.7429809570312
364.2936962776479 627.0118408203125 612.5970458984375
364.3270259845351 622.94677734375 615.4620971679688
364.3603556914224 615.3031616210938 619.1558837890625
364.4936745189714 581.5978393554688 628.0364990234375
364.5603339327459 573.3924560546875 632.13232421875
364.5936636396331 567.167724609375 635.2697143554688
364.6269933465204 561.177001953125 638.5443725585938
364.69365276029487 551.6796875 643.9144287109375
364.72698246718215 545.8660888671875 645.2210693359375
364.7603121740694 540.158203125 643.5390625
364.79364188095667 535.0584716796875 639.1865234375
364.8269715878439 529.8757934570312 634.91162109375
364.8936310016184 523.1627807617188 621.9508666992188
364.92696070850565 522.8673095703125 614.8377075195312
364.9602904153929 529.5928344726562 609.7828369140625
364.99362012228016 538.6534423828125 606.8900756835938
365.0936092429419 566.4656372070312 613.3282470703125
365.1602686567164 576.1741943359375 627.4915161132812
365.19359836360366 577.8885498046875 631.8096923828125
365.2269280704909 578.2898559570312 636.8767700195312
365.2602577773782 575.04541015625 640.031494140625
365.32691719115263 573.2296142578125 641.9602661132812
365.3602468980399 572.8917236328125 643.382568359375
365.39357660492715 577.26025390625 645.269287109375
365.9935113288977 762.0648193359375 628.4622802734375
366.0268410357849 764.6923217773438 631.3363647460938
366.06017074267214 769.1493530273438 632.6082153320312
366.09350044955943 771.3956909179688 635.9682006835938
366.1601598633339 780.1519775390625 644.1651611328125
366.1934895702212 781.653076171875 646.873291015625
366.2268192771084 783.1832885742188 652.237060546875
366.4267975184319 782.7335815429688 653.2363891601562
366.4601272253192 780.4523315429688 653.1437377929688
366.52678663909364 775.8703002929688 654.663818359375
366.56011634598093 770.1017456054688 654.832275390625
366.59344605286816 764.8381958007812 653.5455932617188
366.6601054666427 753.9973754882812 652.8845825195312
366.7600945873044 731.3584594726562 643.2880249023438
366.86008370796617 721.768798828125 638.9619750976562
366.8934134148534 720.578369140625 638.2237548828125
366.9267431217407 719.6799926757812 636.214599609375
366.9600728286279 718.8236694335938 633.9931030273438
366.9934025355152 720.8414306640625 630.8588256835938
367.02673224240243 720.6599731445312 627.9522094726562
367.09339165617695 720.5610961914062 623.6456298828125
367.1267213630642 721.0664672851562 619.8218994140625
367.32669960438767 741.643798828125 600.1805419921875
367.36002931127496 744.3390502929688 596.6048583984375
