0.03333333333333333 220.6586456298828 639.03271484375
0.03333333333333333 207.1847381591797 627.0440063476562
0.06666666666666667 206.3514404296875 618.6685180664062
0.13333333333333333 161.65133666992188 607.4652099609375
0.16666666666666666 186.09608459472656 595.0802001953125
0.16666666666666666 171.43601989746094 600.2362060546875
0.23333333333333334 139.97447204589844 589.6546020507812
0.3333333333333333 163.0818328857422 571.971435546875
0.36666666666666664 146.2348175048828 574.5760498046875
0.4 142.6616668701172 566.6957397460938
0.6666666666666666 142.90042114257812 548.4656372070312
0.7 158.6355743408203 544.7078857421875
0.8 156.8082733154297 535.2548217773438
1.2333333333333334 167.49746704101562 489.6533508300781
1.2666666666666666 182.96807861328125 486.1011962890625
1.3 184.27084350585938 480.47576904296875
1.5 131.94390869140625 459.177001953125
1.6 108.9426498413086 443.2797546386719
1.6666666666666667 99.88042449951172 425.5487976074219
2.0 82.88298034667969 391.4637451171875
2.0 47.50260925292969 397.20208740234375
2.066666666666667 84.29212951660156 385.948974609375
2.433333333333333 131.0044708251953 327.6795654296875
2.533333333333333 120.08499908447266 318.5233154296875
3.1 149.47364807128906 349.00323486328125
3.4 156.38265991210938 363.8980712890625
3.5 153.00999450683594 366.935546875
3.5 121.93972778320312 369.3950500488281
3.566666666666667 149.63079833984375 369.9788818359375
4.066666666666666 113.06277465820312 405.0543518066406
4.1 122.39241027832031 405.205810546875
4.233333333333333 86.98824310302734 417.77978515625
6.266666666666667 17.554759979248047 391.48699951171875
6.3 15.760220527648926 393.0549621582031
6.433333333333334 15.760220527648926 393.0549621582031
6.433333333333334 2.566406011581421 396.0304260253906
6.766666666666667 34.12065887451172 396.1736145019531
6.8 35.1662483215332 397.3901062011719
6.866666666666666 8.858665466308594 403.36260986328125
7.0 8.858665466308594 403.36260986328125
7.033333333333333 8.858665466308594 403.36260986328125
7.066666666666666 37.992977142333984 397.0390319824219
7.066666666666666 28.459062576293945 396.8755798339844
7.2 22.042301177978516 400.3695983886719
7.233333333333333 -1.5214118957519531 406.0118103027344
7.333333333333333 10.956954956054688 405.80767822265625
7.5 40.28594207763672 414.2929992675781
8.033333333333333 43.745208740234375 421.9775085449219
8.066666666666666 37.33804702758789 425.5142822265625
8.2 9.118439674377441 433.2398681640625
8.333333333333334 49.40412902832031 421.2519226074219
8.466666666666667 26.708024978637695 424.1619567871094
9.066666666666666 46.043617248535156 402.7671203613281
9.4 2.098910093307495 402.8507385253906
9.533333333333333 -9.353172302246094 404.2754821777344
9.566666666666666 -2.859835386276245 400.7587585449219
9.733333333333333 -15.65623950958252 396.9237976074219
9.9 -29.25957489013672 395.885986328125
10.533333333333333 -100.33826446533203 418.34722900390625
10.6 -85.61628723144531 416.50946044921875
10.966666666666667 -104.72257232666016 428.5528564453125
13.233333333333333 -0.47093766927719116 407.2366638183594
13.633333333333333 37.56818389892578 403.8287048339844
13.7 62.279022216796875 392.68231201171875
13.8 67.8809585571289 391.98773193359375
13.966666666666667 41.86227035522461 397.9037780761719
14.033333333333333 86.70769500732422 392.3245849609375
14.133333333333333 97.12466430664062 393.69769287109375
14.3 74.13338470458984 399.2488098144531
14.4 97.82080078125 390.9420166015625
14.4 89.4896240234375 391.9784851074219
14.533333333333333 57.068458557128906 386.62933349609375
14.566666666666666 56.026668548583984 385.4190979003906
14.8 84.29212951660156 385.948974609375
14.833333333333334 85.3314208984375 387.1546325683594
14.966666666666667 90.16759490966797 399.9170837402344
15.0 93.99085235595703 400.7749328613281
15.0 68.1468276977539 406.7177734375
15.1 68.1468276977539 406.7177734375
15.633333333333333 55.45795822143555 413.71697998046875
16.033333333333335 7.936789035797119 417.0400695800781
16.166666666666668 -18.95659637451172 419.0837707519531
16.333333333333332 -19.85610008239746 392.02520751953125
16.366666666666667 -17.265430450439453 387.6542663574219
16.466666666666665 33.13433074951172 358.8256530761719
16.5 26.464977264404297 358.2821960449219
16.633333333333333 31.48512077331543 349.7205505371094
16.7 25.86124610900879 350.376708984375
17.166666666666668 80.84159088134766 378.3778381347656
17.333333333333332 70.35015106201172 387.6688232421875
17.333333333333332 63.71480941772461 387.1495056152344
17.366666666666667 88.81326293945312 384.0587158203125
17.533333333333335 65.79766845703125 389.568359375
17.633333333333333 81.50862884521484 386.2923278808594
17.9 106.46727752685547 372.5987548828125
17.966666666666665 98.87529754638672 370.871337890625
18.1 98.87529754638672 370.871337890625
18.233333333333334 57.068458557128906 386.62933349609375
18.266666666666666 55.30442810058594 388.1852111816406
18.466666666666665 44.683685302734375 397.55279541015625
18.466666666666665 20.248538970947266 401.9432067871094
18.6 15.905671119689941 407.89569091796875
18.633333333333333 -3.0461695194244385 411.63177490234375
18.766666666666666 -61.43300247192383 425.8315124511719
18.933333333333334 -99.40399169921875 434.7921142578125
19.066666666666666 -95.7386474609375 446.79583740234375
19.166666666666668 -73.5197525024414 453.6231994628906
19.333333333333332 -26.79108428955078 432.3924560546875
19.366666666666667 -57.19563674926758 430.7911682128906
19.433333333333334 -27.616899490356445 420.1794738769531
19.466666666666665 -8.783699989318848 412.35284423828125
19.8 -9.353172302246094 404.2754821777344
20.366666666666667 40.39582824707031 403.47454833984375
20.4 8.858665466308594 403.36260986328125
20.433333333333334 -6.486326217651367 403.9188232421875
20.666666666666668 22.62627410888672 382.8003234863281
20.733333333333334 3.498185634613037 382.4366455078125
20.833333333333332 26.634363174438477 372.9376220703125
21.1 30.98453140258789 392.52484130859375
21.166666666666668 3.148528575897217 404.07421875
21.733333333333334 -106.84921264648438 426.0580749511719
21.8 -102.82748413085938 426.9323425292969
21.833333333333332 -78.19542694091797 425.20220947265625
21.866666666666667 -81.13224029541016 425.57318115234375
21.866666666666667 -115.51718139648438 431.3007507324219
21.9 -77.94922637939453 429.3023376464844
21.933333333333334 -75.82666015625 431.78912353515625
22.133333333333333 -67.83719635009766 433.5267028808594
22.266666666666666 -62.4920654296875 424.5919494628906
22.433333333333334 -35.27022171020508 407.49981689453125
23.166666666666668 -101.63175964355469 413.00531005859375
23.2 -73.57295227050781 404.0560607910156
23.2 -90.09298706054688 407.4606018066406
23.333333333333332 -107.76497650146484 409.64056396484375
23.4 -93.854248046875 410.66827392578125
23.533333333333335 -119.15597534179688 419.3158264160156
23.6 -112.16385650634766 419.82342529296875
23.7 -95.50214385986328 416.3680725097656
23.933333333333334 -32.68348693847656 388.1768493652344
24.066666666666666 -30.34811019897461 379.78765869140625
24.066666666666666 -42.65190124511719 383.9714050292969
24.233333333333334 -30.854389190673828 386.6022033691406
24.266666666666666 -29.02711296081543 385.02911376953125
24.666666666666668 -60.816429138183594 388.877197265625
24.766666666666666 -63.97467803955078 385.1865234375
24.866666666666667 -49.74213409423828 379.4137878417969
24.933333333333334 -45.53988265991211 384.3197937011719
24.933333333333334 -73.50807189941406 389.05328369140625
24.966666666666665 -73.50807189941406 389.05328369140625
25.133333333333333 -78.2883529663086 390.9921569824219
25.266666666666666 -52.90851593017578 390.633544921875
25.366666666666667 -52.90851593017578 390.633544921875
25.366666666666667 -78.8544921875 397.8762512207031
25.7 -59.50807189941406 394.15386962890625
25.833333333333332 -60.3066520690918 396.97259521484375
25.933333333333334 -100.20922088623047 403.2228698730469
25.966666666666665 -67.98551940917969 399.2749328613281
26.1 -60.3066520690918 396.97259521484375
26.1 -75.68589782714844 401.583740234375
26.1 -100.20922088623047 403.2228698730469
26.4 -69.29084777832031 393.9845886230469
26.433333333333334 -79.91046905517578 396.64068603515625
26.5 -92.68385314941406 396.83099365234375
26.566666666666666 -80.9663314819336 395.4052429199219
26.633333333333333 -80.9663314819336 395.4052429199219
26.866666666666667 -67.68346405029297 388.34942626953125
26.9 -95.8546371459961 393.1185607910156
26.966666666666665 -92.92033386230469 392.76336669921875
27.2 -105.50196838378906 397.02197265625
27.366666666666667 -94.32660675048828 402.5021667480469
27.433333333333334 -114.73811340332031 409.1253967285156
27.466666666666665 -114.73811340332031 409.1253967285156
27.5 -115.79915618896484 407.881103515625
27.6 -96.2080307006836 404.10235595703125
27.666666666666668 -90.56944274902344 399.3066101074219
27.766666666666666 -113.06641387939453 403.42547607421875
27.9 -100.20922088623047 403.2228698730469
27.933333333333334 -116.86009216308594 406.63690185546875
28.0 -75.68589782714844 401.583740234375
28.033333333333335 -105.87317657470703 408.0337219238281
28.066666666666666 -103.98329162597656 406.4284973144531
28.133333333333333 -97.03223419189453 406.9449768066406
28.133333333333333 -113.67695617675781 410.3698425292969
28.266666666666666 -112.61568450927734 411.61444091796875
28.3 -99.74360656738281 411.3972473144531
28.466666666666665 -103.75269317626953 410.5192565917969
28.966666666666665 -91.49710083007812 417.2435607910156
30.8 -42.89313888549805 424.8521423339844
31.1 -9.551177978515625 415.17034912109375
31.3 13.650712966918945 416.31591796875
31.533333333333335 53.36512756347656 411.2828063964844
31.666666666666668 43.53487014770508 407.1266784667969
32.03333333333333 40.59877395629883 418.3144836425781
32.166666666666664 60.691932678222656 419.80462646484375
32.266666666666666 75.45880889892578 415.2145080566406
32.8 33.447486877441406 424.6560363769531
32.9 52.54962921142578 424.9127197265625
32.96666666666667 18.456289291381836 429.3058166503906
33.0 29.861183166503906 427.83624267578125
33.13333333333333 -34.431251525878906 434.7468566894531
33.3 -35.489376068115234 433.50958251953125
33.4 -65.71502685546875 436.01220703125
33.53333333333333 -34.459102630615234 419.6778869628906
33.53333333333333 -59.571414947509766 424.222412109375
33.86666666666667 -31.32679557800293 408.37054443359375
33.9 -12.222574234008789 404.6324768066406
33.93333333333333 18.153226852416992 399.50311279296875
34.2 55.861961364746094 406.921875
34.5 141.65087890625 402.7569885253906
34.56666666666667 141.65087890625 402.7569885253906
34.6 141.65087890625 402.7569885253906
34.7 122.74983978271484 409.1710510253906
34.766666666666666 122.74983978271484 409.1710510253906
35.63333333333333 149.9483184814453 412.3624267578125
36.56666666666667 75.55549621582031 393.7120361328125
36.63333333333333 73.47303771972656 391.29437255859375
36.7 57.71027374267578 394.5901794433594
36.766666666666666 47.91505432128906 390.43634033203125
37.03333333333333 26.804540634155273 387.6615905761719
37.666666666666664 -28.754497528076172 389.0522155761719
37.766666666666666 -35.56504440307617 388.52685546875
37.86666666666667 -45.01308822631836 392.3871154785156
38.1 -26.37993049621582 395.5325927734375
38.2 -61.90645980834961 402.6193542480469
38.3 -39.48420715332031 402.5777587890625
38.4 -34.75686264038086 400.6344909667969
38.46666666666667 -47.11921691894531 404.8835144042969
38.5 -37.64585494995117 400.9908752441406
38.5 -47.11921691894531 404.8835144042969
38.56666666666667 -56.628578186035156 408.7909240722656
38.9 -38.16278076171875 407.85968017578125
38.96666666666667 -36.323883056640625 406.26910400390625
39.0 -38.16278076171875 407.85968017578125
39.2 -60.34016036987305 411.9861755371094
39.233333333333334 -75.75611114501953 416.6504821777344
39.266666666666666 -75.75611114501953 416.6504821777344
39.46666666666667 -43.43159103393555 401.70458984375
39.5 -17.75638771057129 394.4742431640625
39.56666666666667 -3.43491530418396 392.71661376953125
39.6 -5.245368480682373 394.28997802734375
39.7 -0.5782550573348999 392.36602783203125
42.96666666666667 -71.6481704711914 387.4692687988281
43.1 -81.45236206054688 387.2912292480469
43.13333333333333 -81.45236206054688 387.2912292480469
43.166666666666664 -81.45236206054688 387.2912292480469
43.4 -112.45729064941406 396.49725341796875
43.53333333333333 -119.42444610595703 395.9716491699219
43.56666666666667 -97.96793365478516 390.64422607421875
43.666666666666664 -102.55772399902344 396.6643371582031
43.766666666666666 -92.68385314941406 396.83099365234375
43.8 -98.5584487915039 397.5458068847656
43.86666666666667 -129.15185546875 399.8946838378906
43.93333333333333 -123.22334289550781 399.174560546875
44.166666666666664 -123.84619140625 406.1188049316406
45.8 -40.76546096801758 442.4433288574219
46.56666666666667 -89.98867797851562 392.4084777832031
46.766666666666666 -96.32339477539062 384.9939880371094
46.9 -65.53057098388672 375.8883361816406
46.9 -77.9681167602539 380.0803527832031
47.233333333333334 -65.57635498046875 390.8125305175781
47.266666666666666 -73.26058197021484 393.1056823730469
47.4 -45.01308822631836 392.3871154785156
47.46666666666667 -56.603885650634766 393.7998962402344
48.13333333333333 32.333065032958984 460.3251647949219
48.166666666666664 39.415855407714844 464.8713073730469
48.233333333333334 15.736742973327637 470.82568359375
48.36666666666667 30.401350021362305 472.9789733886719
48.5 54.218223571777344 482.1390380859375
48.53333333333333 59.913944244384766 481.353759765625
48.53333333333333 49.57109069824219 484.1612243652344
48.63333333333333 23.770431518554688 487.723876953125
48.7 21.647106170654297 485.24261474609375
48.733333333333334 37.06975555419922 484.5032653808594
48.733333333333334 15.883947372436523 486.0359191894531
48.86666666666667 45.757076263427734 472.2686767578125
48.93333333333333 34.32463073730469 473.8250732421875
48.93333333333333 7.3898844718933105 476.10675048828125
49.06666666666667 4.676529407501221 465.4111022949219
49.1 0.7309976816177368 464.55938720703125
49.13333333333333 -3.2176666259765625 463.7070007324219
50.266666666666666 -62.19874572753906 413.5862121582031
50.6 -60.34016036987305 411.9861755371094
50.63333333333333 -60.34016036987305 411.9861755371094
50.86666666666667 -51.075138092041016 404.0100402832031
51.1 -94.91368865966797 409.4270324707031
51.2 -87.97550201416016 409.94061279296875
51.3 -53.97936248779297 404.368896484375
51.3 -89.85432434082031 411.5450439453125
51.333333333333336 -66.42646026611328 408.6402587890625
51.333333333333336 -85.85758209228516 412.421142578125
51.4 -77.8736343383789 414.17120361328125
51.5 -61.94380569458008 417.66302490234375
51.53333333333333 -68.84410858154297 417.1571960449219
51.6 -55.0551872253418 418.16802978515625
51.93333333333333 39.038360595703125 398.255126953125
53.3 12.029301643371582 381.4021911621094
53.56666666666667 -10.853827476501465 369.3839111328125
53.63333333333333 -13.708581924438477 369.7235412597656
53.86666666666667 -65.2340316772461 365.04766845703125
54.1 -64.47933197021484 377.11639404296875
54.2 -97.37879180908203 383.7586975097656
54.233333333333334 -77.72352600097656 384.1240234375
54.3 -111.8495864868164 389.585205078125
54.43333333333333 -114.35065460205078 398.0968017578125
54.56666666666667 -127.02992248535156 402.3839416503906
54.733333333333334 -80.3978042602539 388.52471923828125
54.93333333333333 -95.50248718261719 382.173583984375
54.96666666666667 -71.340087890625 376.5794372558594
55.1 -54.992488861083984 373.2841491699219
55.1 -87.77739715576172 379.892822265625
55.233333333333334 -86.72350311279297 381.12554931640625
55.36666666666667 -80.88396453857422 380.4284362792969
55.43333333333333 -64.47933197021484 377.11639404296875
55.46666666666667 -69.23623657226562 379.0379638671875
55.53333333333333 -30.385286331176758 364.9859924316406
55.7 -18.44460678100586 356.8832702636719
55.86666666666667 -23.113445281982422 358.7677307128906
56.3 -16.356868743896484 359.3145446777344
56.333333333333336 -13.784510612487793 355.0023498535156
56.36666666666667 13.543941497802734 350.4837951660156
56.86666666666667 44.153873443603516 342.9511413574219
56.9 11.464591979980469 348.0668029785156
56.93333333333333 44.153873443603516 342.9511413574219
57.1 29.106168746948242 343.3698425292969
57.1 15.032491683959961 344.9972839355469
57.13333333333333 47.67090606689453 339.9029235839844
57.166666666666664 55.00107955932617 337.73876953125
57.233333333333334 36.48457717895508 341.1941833496094
57.3 32.950408935546875 344.2490234375
57.43333333333333 24.822662353515625 349.1701965332031
57.5 29.409303665161133 347.3098449707031
57.53333333333333 57.38732147216797 344.0571594238281
57.56666666666667 60.88565444946289 341.0128479003906
57.833333333333336 63.919837951660156 355.18902587890625
58.3 79.843994140625 366.5411376953125
58.333333333333336 70.79109954833984 370.2866516113281
58.36666666666667 80.17613220214844 370.4820556640625
58.46666666666667 107.1551284790039 369.8673400878906
58.56666666666667 81.87992858886719 379.58221435546875
58.6 82.91836547851562 380.7867126464844
58.733333333333334 97.83040618896484 380.2886657714844
58.833333333333336 64.75618743896484 388.3588562011719
58.86666666666667 97.1354751586914 383.0338439941406
58.86666666666667 75.93429565429688 386.97998046875
58.93333333333333 61.2366943359375 391.4714660644531
59.03333333333333 81.50862884521484 386.2923278808594
59.166666666666664 72.81425476074219 383.35882568359375
59.43333333333333 95.41552734375 373.9434814453125
59.5 117.12812042236328 367.33709716796875
59.5 104.39759063720703 370.20172119140625
59.56666666666667 95.76968383789062 367.2734680175781
59.63333333333333 133.51605224609375 354.83380126953125
59.63333333333333 100.60746002197266 358.7623596191406
59.766666666666666 119.49301147460938 352.5635070800781
60.166666666666664 139.5713348388672 341.024658203125
60.266666666666666 106.45159912109375 340.9739074707031
60.4 128.64132690429688 331.8597717285156
60.46666666666667 97.528564453125 334.1477966308594
60.56666666666667 101.9915771484375 332.3243103027344
60.666666666666664 116.03023529052734 334.6246337890625
60.7 150.7090606689453 333.2076110839844
60.733333333333334 150.7090606689453 333.2076110839844
60.833333333333336 118.7885971069336 344.7728271484375
60.93333333333333 112.98023986816406 352.02191162109375
61.0 101.64067840576172 359.9586486816406
61.03333333333333 92.66502380371094 363.67669677734375
61.06666666666667 82.62000274658203 366.2074279785156
61.166666666666664 111.2801742553711 364.08197021484375
61.166666666666664 73.57622528076172 369.95068359375
61.36666666666667 116.77613067626953 363.4201354980469
61.63333333333333 110.9315185546875 360.16583251953125
61.63333333333333 98.19105529785156 363.0135498046875
61.733333333333334 88.5269546508789 358.8827209472656
61.766666666666666 90.95487976074219 354.6329040527344
61.9 108.17324829101562 349.9614562988281
61.93333333333333 106.4568099975586 351.47943115234375
62.266666666666666 77.44093322753906 360.2038269042969
62.6 68.00353240966797 370.6229248046875
63.0 66.96542358398438 369.41845703125
63.06666666666667 98.19105529785156 363.0135498046875
63.166666666666664 91.6303482055664 362.47802734375
63.2 96.123046875 360.61846923828125
63.2 88.8634033203125 362.8094787597656
63.233333333333334 72.21086120605469 364.80438232421875
63.233333333333334 67.35291290283203 362.7322082519531
63.266666666666666 66.3160629272461 361.5295715332031
63.3 91.9883041381836 355.82977294921875
63.43333333333333 102.3320083618164 346.70654296875
63.43333333333333 93.3778305053711 350.3918151855469
63.5 69.159912109375 350.60443115234375
63.56666666666667 80.95771789550781 346.5821228027344
63.56666666666667 72.64478302001953 347.55548095703125
63.766666666666666 70.25167846679688 341.2444152832031
64.06666666666666 65.08780670166016 335.2611389160156
64.1 50.147064208984375 335.66168212890625
64.13333333333334 50.147064208984375 335.66168212890625
64.56666666666666 86.57414245605469 314.4950866699219
64.63333333333334 55.48301696777344 320.60107421875
64.76666666666667 66.5699462890625 319.3533020019531
64.76666666666667 44.35737228393555 321.8531799316406
64.93333333333334 47.45437240600586 325.4432373046875
65.03333333333333 61.35074234008789 323.8707275390625
65.1 83.45945739746094 321.3688659667969
65.26666666666667 83.45945739746094 321.3688659667969
65.4 58.180877685546875 330.79388427734375
65.53333333333333 41.047183990478516 339.3465881347656
65.63333333333334 37.52075958251953 342.39678955078125
65.86666666666666 71.99152374267578 339.7262878417969
65.9 65.41024780273438 339.17169189453125
65.93333333333334 78.56200408935547 340.27996826171875
65.93333333333334 65.41024780273438 339.17169189453125
66.0 45.18964767456055 344.1529235839844
66.4 86.8222427368164 349.8466491699219
66.5 89.56131744384766 360.0810241699219
66.86666666666666 58.5095329284668 381.1045227050781
66.93333333333334 72.86701202392578 372.69488525390625
66.96666666666667 50.5027961730957 375.4020690917969
67.36666666666666 14.867974281311035 381.0579528808594
67.36666666666666 2.45220947265625 381.21856689453125
67.4 3.498185634613037 382.4366455078125
67.5 -10.488015174865723 388.178955078125
67.56666666666666 -7.911993980407715 383.8202209472656
67.56666666666666 -18.314159393310547 386.4314270019531
67.7 -4.294951438903809 380.6895446777344
67.7 -11.053396224975586 380.1596374511719
67.8 -17.823152542114258 379.62884521484375
67.86666666666666 1.8729770183563232 373.23052978515625
67.93333333333334 18.59721565246582 367.2161865234375
67.93333333333334 11.144936561584473 369.44219970703125
67.93333333333334 -12.381853103637695 374.9382019042969
68.13333333333334 28.545000076293945 360.6992492675781
68.13333333333334 -3.348881959915161 367.1513366699219
68.46666666666667 1.2951281070709229 365.2615661621094
68.53333333333333 27.504934310913086 359.49066162109375
68.56666666666666 26.76738166809082 362.2419738769531
68.66666666666667 31.36062240600586 360.3660583496094
68.83333333333333 52.038490295410156 359.2462158203125
68.86666666666666 64.24268341064453 359.1246337890625
69.0 38.33259201049805 364.8643493652344
69.06666666666666 37.601375579833984 367.61688232421875
69.1 60.73899459838867 362.1941833496094
69.23333333333333 24.549901962280273 370.5139465332031
69.3 30.19414520263672 369.8377990722656
69.36666666666666 55.4705810546875 366.8097839355469
69.36666666666666 35.82844543457031 369.1628112792969
69.43333333333334 35.82844543457031 369.1628112792969
69.56666666666666 46.75345230102539 363.86083984375
69.66666666666667 65.2793197631836 360.3270568847656
69.9 80.91914367675781 357.1442565917969
70.13333333333334 65.2793197631836 360.3270568847656
70.16666666666667 79.88447570800781 355.94525146484375
70.2 79.88447570800781 355.94525146484375
70.56666666666666 82.6912841796875 345.0623474121094
70.63333333333334 95.79582977294922 346.1593933105469
70.8 63.597373962402344 351.258056640625
70.96666666666667 59.061092376708984 353.1144714355469
71.06666666666666 66.0562744140625 347.0066833496094
71.1 89.24893188476562 345.611328125
71.36666666666666 92.70179748535156 342.5781555175781
71.4 65.02194213867188 345.80767822265625
71.5 107.81952667236328 335.5758056640625
71.93333333333334 168.93948364257812 333.68316650390625
72.06666666666666 169.96214294433594 334.86199951171875
72.16666666666667 170.0748748779297 345.253662109375
72.16666666666667 164.30572509765625 342.0279846191406
72.3 151.60980224609375 361.8499755859375
72.46666666666667 127.46418762207031 379.2989807128906
72.73333333333333 82.47595977783203 408.93719482421875
73.4 69.90666961669922 405.1508483886719
73.7 61.2366943359375 391.4714660644531
73.76666666666667 60.19447708129883 390.2607421875
74.06666666666666 89.8751449584961 374.6176452636719
78.6 -70.84330749511719 384.6557312011719
78.83333333333333 -26.7000732421875 376.6534423828125
78.9 -27.747821807861328 375.4317626953125
78.9 -34.54186248779297 374.8962097167969
79.2 -10.09106731414795 366.6113586425781
79.26666666666667 -27.246217727661133 368.6449890136719
79.33333333333333 -22.56351661682129 366.7472229003906
79.63333333333334 -6.480702877044678 363.50531005859375
79.96666666666667 69.81123352050781 358.46337890625
80.03333333333333 55.4705810546875 366.8097839355469
80.23333333333333 65.60317993164062 364.26824951171875
80.36666666666666 71.5013656616211 367.5440368652344
80.4 94.73469543457031 366.0744323730469
80.4 83.65613555908203 367.40850830078125
80.46666666666667 72.15702819824219 375.44207763671875
80.93333333333334 67.94235229492188 381.286865234375
81.23333333333333 47.284461975097656 382.4750671386719
81.26666666666667 43.42970275878906 381.6070861816406
81.26666666666667 37.79671859741211 382.2936706542969
81.3 12.324795722961426 385.39837646484375
81.33333333333333 37.48723602294922 378.315185546875
81.5 38.95153045654297 372.79193115234375
81.6 11.734161376953125 377.4107666015625
81.63333333333334 40.72319793701172 371.2439880371094
81.76666666666667 23.067556381225586 376.0436096191406
81.9 -6.387628078460693 378.25177001953125
81.93333333333334 8.601319313049316 373.7646789550781
82.56666666666666 -49.74213409423828 379.4137878417969
82.6 -42.13144302368164 377.15185546875
82.7 -35.59002685546875 373.6736755371094
82.73333333333333 -30.890419006347656 371.7674865722656
82.8 -48.42516326904297 369.8075866699219
82.96666666666667 -54.992488861083984 373.2841491699219
83.13333333333334 -56.06550979614258 386.94549560546875
83.2 -69.29084777832031 393.9845886230469
83.2 -78.8544921875 397.8762512207031
83.76666666666667 -91.97267150878906 409.0636291503906
83.8 -78.36466217041016 406.0138244628906
84.0 -89.85432434082031 411.5450439453125
84.0 -95.73772430419922 412.2745361328125
84.2 -75.192138671875 409.72711181640625
84.23333333333333 -68.5396499633789 406.1680603027344
84.36666666666666 -52.129638671875 402.7775573730469
84.4 -52.129638671875 402.7775573730469
84.5 -42.64353942871094 398.8875732421875
84.53333333333333 -38.698646545410156 399.7613830566406
84.56666666666666 -55.03418731689453 403.1358642578125
84.73333333333333 -24.277870178222656 397.9855041503906
84.76666666666667 -18.806297302246094 393.2496643066406
84.86666666666666 -23.502853393554688 395.17950439453125
85.1 38.52953338623047 379.5267333984375
85.1 29.328584671020508 383.3258361816406
85.1 20.83797264099121 384.3607177734375
85.2 41.34540939331055 379.1846923828125
85.2 32.15378952026367 382.9814758300781
85.53333333333333 119.24876403808594 390.9359130859375
85.53333333333333 92.26911926269531 391.6326904296875
85.56666666666666 126.15038299560547 395.3949279785156
85.93333333333334 208.31390380859375 444.77459716796875
86.1 244.39794921875 458.5984802246094
86.1 226.17515563964844 458.431640625
86.16666666666667 254.33734130859375 466.6042785644531
86.3 257.54180908203125 487.69427490234375
86.33333333333333 285.7728576660156 489.0318298339844
86.53333333333333 283.2734680175781 506.9609680175781
86.56666666666666 299.8549499511719 501.8205871582031
86.63333333333334 277.9214172363281 507.74798583984375
86.7 249.11203002929688 502.4591064453125
86.76666666666667 259.4539489746094 496.8878173828125
86.93333333333334 254.85455322265625 488.0793762207031
87.0 250.51429748535156 490.0540771484375
87.4 201.08636474609375 482.1827087402344
87.46666666666667 232.82687377929688 469.6119079589844
87.53333333333333 200.2786102294922 474.162841796875
87.93333333333334 200.4457550048828 484.9891052246094
88.43333333333334 107.88834381103516 431.24932861328125
88.5 105.44992065429688 424.8251953125
88.73333333333333 79.34669494628906 405.3031005859375
88.76666666666667 75.17583465576172 400.45941162109375
88.83333333333333 108.54621887207031 385.6156005859375
88.83333333333333 101.63460540771484 381.1505126953125
88.86666666666666 104.3992919921875 380.8106384277344
88.86666666666666 63.71480941772461 387.1495056152344
89.03333333333333 66.96542358398438 369.41845703125
89.5 65.60317993164062 364.26824951171875
89.53333333333333 75.69927978515625 361.73583984375
89.56666666666666 63.85173034667969 365.8057556152344
89.6 41.45283126831055 368.4890441894531
89.76666666666667 62.81404495239258 364.6017761230469
89.8 57.22843933105469 365.2697448730469
89.9 51.63302230834961 365.9388732910156
89.9 24.549901962280273 370.5139465332031
89.93333333333334 66.3160629272461 361.5295715332031
89.93333333333334 56.19023895263672 364.0647888183594
90.2 50.59419631958008 364.73284912109375
90.26666666666667 55.15214157104492 362.8599548339844
90.36666666666666 34.78763198852539 367.953369140625
90.73333333333333 35.82844543457031 369.1628112792969
90.9 34.05377197265625 370.7102966308594
91.0 14.571269035339355 377.0685119628906
91.2 -11.536218643188477 386.9571228027344
91.43333333333334 -29.80449867248535 387.8271484375
91.63333333333334 -21.955373764038086 389.5766906738281
91.83333333333333 -49.75896453857422 409.3023376464844
92.03333333333333 -66.72720336914062 419.6349182128906
92.33333333333333 -113.38726043701172 433.801025390625
93.1 -135.09532165527344 538.2216186523438
93.1 -154.65447998046875 535.25830078125
93.13333333333334 -133.57554626464844 548.058349609375
93.13333333333334 -154.2440643310547 543.8273315429688
93.16666666666667 -135.09593200683594 558.36376953125
93.16666666666667 -147.72047424316406 551.5365600585938
93.36666666666666 -163.98109436035156 622.536865234375
93.46666666666667 -248.49998474121094 580.7422485351562
93.5 -237.79415893554688 585.053466796875
93.53333333333333 -228.2045135498047 588.0504760742188
93.56666666666666 -113.51823425292969 657.4863891601562
93.56666666666666 -227.10382080078125 589.3585205078125
93.6 -187.6312713623047 582.0484619140625
93.66666666666667 -87.42931365966797 663.643310546875
93.76666666666667 -73.88214111328125 667.3615112304688
93.8 -130.30349731445312 572.119140625
93.8 -141.2121124267578 579.5390014648438
93.96666666666667 -51.808597564697266 644.6043090820312
94.03333333333333 -49.068023681640625 639.7634887695312
94.03333333333333 -59.202880859375 639.9173583984375
94.06666666666666 -43.879085540771484 625.7777099609375
94.1 -27.027406692504883 621.660888671875
94.1 -38.70087814331055 627.876220703125
94.16666666666667 -117.78397369384766 538.6181030273438
94.16666666666667 -50.70277786254883 629.7776489257812
94.2 -29.204492568969727 619.0958862304688
94.2 -52.617713928222656 631.5433959960938
94.3 -102.47516632080078 540.718994140625
94.4 15.37890625 628.0005493164062
94.43333333333334 -73.91795349121094 546.6038208007812
94.46666666666667 -85.39759826660156 556.8662109375
94.53333333333333 20.0355167388916 637.419189453125
94.56666666666666 -59.5692253112793 551.6565551757812
94.63333333333334 19.571949005126953 644.7731323242188
94.63333333333334 11.31546688079834 654.8825073242188
94.7 33.98273468017578 638.0717163085938
94.73333333333333 17.239215850830078 653.9118041992188
94.76666666666667 15.059216499328613 651.3455810546875
94.83333333333333 22.062664031982422 651.660888671875
94.9 27.51069450378418 658.0720825195312
94.9 -51.740386962890625 564.8107299804688
94.93333333333334 -62.88935852050781 579.4097900390625
95.0 51.70479202270508 662.8369140625
95.03333333333333 -42.266719818115234 587.8219604492188
95.06666666666666 -6.413467884063721 586.6709594726562
95.1 69.07421875 695.098388671875
95.1 63.95381546020508 693.0316162109375
95.16666666666667 90.99071502685547 697.2103271484375
95.26666666666667 109.5399169921875 707.2266235351562
95.3 19.874826431274414 621.489013671875
95.33333333333333 31.62209129333496 619.6226196289062
95.36666666666666 141.72067260742188 706.0
95.36666666666666 46.2457389831543 617.2992553710938
95.36666666666666 35.955448150634766 624.7128295898438
95.4 28.871192932128906 635.993408203125
95.43333333333334 150.1192626953125 723.61767578125
95.46666666666667 165.56626892089844 722.330810546875
95.56666666666666 164.6986541748047 744.6128540039062
95.6 189.53701782226562 750.4237060546875
95.6 165.90371704101562 757.73974609375
95.6 83.7806167602539 669.1539916992188
95.63333333333334 187.76974487304688 752.2283935546875
95.63333333333334 74.98797607421875 682.3359985351562
95.66666666666667 197.7666015625 775.6076049804688
95.73333333333333 110.98529052734375 701.0941162109375
95.76666666666667 252.83523559570312 785.978515625
95.76666666666667 234.98106384277344 780.470458984375
95.76666666666667 145.99569702148438 699.3948364257812
95.76666666666667 141.01812744140625 709.0572509765625
96.13333333333334 362.9977722167969 775.1115112304688
96.3 496.6404724121094 778.0563354492188
96.3 496.9401550292969 799.7445678710938
96.33333333333333 521.4288330078125 789.0146484375
96.5 551.6303100585938 813.3148803710938
96.6 563.1309814453125 795.0367431640625
96.66666666666667 643.0819702148438 897.74658203125
96.76666666666667 555.8534545898438 793.6279296875
96.8 634.6004638671875 905.5741577148438
96.9 628.3970947265625 905.4834594726562
97.0 615.3026123046875 900.9918212890625
97.03333333333333 615.3026123046875 900.9918212890625
97.13333333333334 609.919189453125 894.772705078125
97.16666666666667 614.597900390625 878.9567260742188
97.2 531.4058227539062 765.4307250976562
97.26666666666667 529.2826538085938 762.98193359375
97.33333333333333 594.21728515625 873.0899658203125
97.36666666666666 511.01116943359375 759.3953247070312
97.4 505.44110107421875 770.5477905273438
97.43333333333334 497.22418212890625 782.2779541015625
97.43333333333334 569.93505859375 902.1556396484375
97.53333333333333 570.7210083007812 870.810302734375
97.56666666666666 492.7634582519531 762.9605102539062
97.63333333333334 483.26763916015625 759.0579223632812
97.63333333333334 558.4395141601562 860.17529296875
97.7 547.6915283203125 847.7459106445312
97.83333333333333 439.7570495605469 722.9270629882812
97.96666666666667 419.03082275390625 688.345947265625
97.96666666666667 505.2906188964844 795.1558227539062
98.0 483.36737060546875 812.7066040039062
98.03333333333333 395.1546630859375 692.6570434570312
98.06666666666666 472.4847717285156 785.7432250976562
98.1 461.33740234375 783.5949096679688
98.2 435.7156677246094 768.3023681640625
98.26666666666667 417.5304260253906 754.4373779296875
98.26666666666667 329.9349365234375 667.3029174804688
98.3 420.7295227050781 750.935546875
98.33333333333333 311.2768859863281 649.27001953125
98.43333333333334 364.95172119140625 729.69091796875
98.6 237.46961975097656 610.7721557617188
98.63333333333334 350.7361755371094 687.81884765625
98.63333333333334 339.4345703125 685.5531616210938
98.63333333333334 333.84521484375 700.8571166992188
98.7 317.2320861816406 685.207275390625
98.7 230.8708038330078 592.1674194335938
98.7 218.55621337890625 599.7532958984375
98.7 215.36825561523438 596.0459594726562
98.73333333333333 323.3562316894531 674.1406860351562
98.76666666666667 322.97222900390625 662.837646484375
98.8 221.9688720703125 578.1898803710938
98.83333333333333 198.1396484375 583.3348999023438
98.86666666666666 285.413818359375 666.5018920898438
98.9 271.2218322753906 664.6726684570312
98.93333333333334 275.8070068359375 655.3350219726562
99.03333333333333 273.6872863769531 627.3632202148438
99.03333333333333 251.73858642578125 631.0151977539062
99.06666666666666 265.6400146484375 621.6491088867188
99.2 214.7538604736328 580.7214965820312
99.26666666666667 206.51058959960938 563.8644409179688
99.33333333333333 202.92703247070312 556.0695190429688
99.4 191.5572509765625 535.6153564453125
99.46666666666667 86.90239715576172 450.2901306152344
99.6 176.6774444580078 507.5052795410156
99.73333333333333 161.6897430419922 497.3182067871094
99.76666666666667 162.7406005859375 498.53839111328125
99.76666666666667 159.58836364746094 494.878173828125
99.8 179.566650390625 489.3082580566406
99.9 169.86851501464844 485.2246398925781
99.96666666666667 161.20553588867188 482.35198974609375
100.06666666666666 153.49172973632812 469.8113708496094
100.1 167.27589416503906 467.9079895019531
100.13333333333334 139.64674377441406 471.72314453125
100.16666666666667 142.79283142089844 475.3761901855469
100.16666666666667 137.9193115234375 473.3246154785156
100.2 161.76950073242188 468.6683349609375
100.3 155.874267578125 465.40875244140625
100.36666666666666 143.77163696289062 465.7127685546875
100.43333333333334 131.99349975585938 470.0532531738281
100.53333333333333 141.6775665283203 463.2823791503906
101.16666666666667 129.57655334472656 474.47845458984375
101.26666666666667 132.35992431640625 474.093505859375
101.4 159.2969512939453 462.22705078125
101.46666666666667 130.2609405517578 471.6551513671875
101.53333333333333 148.55508422851562 456.9191589355469
101.53333333333333 136.5016326904297 468.07122802734375
101.63333333333334 137.85946655273438 462.4458312988281
101.63333333333334 134.71853637695312 458.79986572265625
101.66666666666667 144.3750457763672 452.07073974609375
101.66666666666667 121.86934661865234 461.9068603515625
101.73333333333333 130.21434020996094 460.7707824707031
101.76666666666667 147.13633728027344 451.6977844238281
101.76666666666667 130.5321502685547 453.94036865234375
101.83333333333333 124.61662292480469 450.6702880859375
102.03333333333333 116.93826293945312 438.1607360839844
102.06666666666666 111.37574005126953 438.896484375
102.06666666666666 94.28528594970703 437.0914306640625
102.2 86.28215789794922 420.5661315917969
102.53333333333333 79.01313781738281 401.31890869140625
102.63333333333334 60.5171012878418 394.2415771484375
102.73333333333333 75.22463989257812 389.74005126953125
102.76666666666667 73.14344787597656 387.3242492675781
102.93333333333334 58.188690185546875 377.1387634277344
103.03333333333333 57.22843933105469 365.2697448730469
103.23333333333333 57.62721633911133 358.5837097167969
103.23333333333333 23.206892013549805 365.33203125
103.26666666666667 43.325382232666016 356.29400634765625
103.36666666666666 21.865617752075195 360.15679931640625
103.7 -3.348881959915161 367.1513366699219
103.73333333333333 -3.348881959915161 367.1513366699219
103.8 -8.001602172851562 369.04461669921875
104.06666666666666 4.716373443603516 372.889892578125
104.3 -14.680174827575684 383.29241943359375
104.36666666666666 14.867974281311035 381.0579528808594
104.4 8.14277172088623 380.52972412109375
104.43333333333334 -19.85610008239746 392.02520751953125
104.6 25.184804916381836 404.0285949707031
104.63333333333334 2.38985013961792 406.8789367675781
104.66666666666667 29.070207595825195 404.8930969238281
104.73333333333333 34.927886962890625 419.0379638671875
104.73333333333333 38.38825225830078 426.73748779296875
104.73333333333333 22.363555908203125 430.1646423339844
104.76666666666667 39.01341247558594 434.81829833984375
104.76666666666667 25.215726852416992 429.7965393066406
104.8 49.94768142700195 440.2010803222656
104.8 31.83856773376465 441.2108154296875
104.83333333333333 42.79912185668945 446.6002502441406
104.9 65.4029769897461 454.527587890625
104.93333333333334 78.75711822509766 466.40631103515625
105.0 51.044464111328125 478.4366760253906
105.06666666666666 57.47380447387695 474.80029296875
105.23333333333333 72.33109283447266 481.0184020996094
105.23333333333333 64.14456939697266 486.2874755859375
105.26666666666667 62.75798797607422 480.961669921875
105.26666666666667 -20.350555419921875 398.8573913574219
105.3 -20.350555419921875 398.8573913574219
105.3 -36.592952728271484 402.2204895019531
105.33333333333333 66.32575225830078 477.7158508300781
105.33333333333333 -35.539939880371094 403.45025634765625
105.36666666666666 -27.156877517700195 398.3400573730469
105.46666666666667 -22.175371170043945 400.43896484375
105.46666666666667 45.234169006347656 490.29583740234375
105.53333333333333 -27.660747528076172 405.1931457519531
105.6 72.99971008300781 489.1972351074219
105.63333333333334 58.778114318847656 491.1795349121094
105.7 58.3721923828125 498.1612243652344
105.73333333333333 65.86384582519531 495.7242431640625
105.73333333333333 60.16507339477539 496.5235290527344
105.76666666666667 -29.219562530517578 410.8314514160156
105.8 -32.89122009277344 414.0179748535156
106.0 70.10193634033203 500.6681823730469
106.0 -39.200233459472656 421.64501953125
106.1 76.12494659423828 503.974365234375
106.1 55.758270263671875 513.8234252929688
106.13333333333334 -10.804340362548828 424.8725280761719
106.2 -30.19764518737793 439.6973571777344
106.23333333333333 -8.123005867004395 435.4688720703125
106.23333333333333 -17.554195404052734 439.43267822265625
106.26666666666667 -0.5456291437149048 433.1214904785156
106.26666666666667 72.11141967773438 525.4198608398438
106.3 75.64137268066406 533.2922973632812
106.3 72.44776153564453 529.5626831054688
106.3 -6.779695510864258 440.7774658203125
106.33333333333333 94.86951446533203 522.118408203125
106.36666666666666 9.711404800415039 441.3691101074219
106.36666666666666 84.19657897949219 532.0399169921875
106.4 99.8245620727539 524.1813354492188
106.4 11.822232246398926 443.8326721191406
106.43333333333334 109.0206069946289 531.1910400390625
106.46666666666667 20.719093322753906 446.7747497558594
106.53333333333333 95.189453125 548.6171875
106.63333333333334 126.71099090576172 548.1030883789062
106.66666666666667 14.218974113464355 476.5622253417969
106.7 33.26618957519531 472.5895690917969
106.7 104.0728988647461 562.7398681640625
106.73333333333333 132.0251007080078 554.2974243164062
106.8 117.22553253173828 570.5941772460938
106.83333333333333 31.205583572387695 496.4124755859375
106.86666666666666 125.06734466552734 583.498779296875
106.93333333333334 147.37762451171875 587.0811767578125
106.93333333333334 50.76665496826172 511.7480163574219
106.96666666666667 50.34965515136719 518.7838745117188
107.03333333333333 54.935211181640625 527.9115600585938
107.13333333333334 178.24136352539062 611.889892578125
107.16666666666667 73.84959411621094 534.9545288085938
107.2 84.54004669189453 536.184326171875
107.2 75.25328063964844 540.3535766601562
107.3 97.3314208984375 539.8936157226562
107.3 76.9988021850586 549.9255981445312
107.33333333333333 89.49198150634766 549.4675903320312
107.33333333333333 79.13375854492188 552.4204711914062
107.36666666666666 193.2122344970703 629.3432006835938
107.43333333333334 203.32650756835938 626.2578125
107.43333333333334 86.60965728759766 561.1566772460938
107.46666666666667 197.9062042236328 638.544677734375
107.46666666666667 185.6096649169922 639.1582641601562
107.5 204.15748596191406 634.656005859375
107.6 110.11741638183594 566.045166015625
107.63333333333334 207.7863311767578 642.607421875
107.66666666666667 98.0057144165039 582.0325317382812
107.7 116.1810073852539 580.6361083984375
107.83333333333333 112.9916000366211 588.2107543945312
108.0 218.9613800048828 622.2717895507812
108.13333333333334 178.24510192871094 582.24658203125
108.16666666666667 204.15977478027344 568.408935546875
108.16666666666667 195.20094299316406 572.5928955078125
108.3 156.90188598632812 546.3602294921875
108.36666666666666 153.25436401367188 527.4642944335938
108.43333333333334 140.9561309814453 516.8143310546875
108.46666666666667 170.0996551513672 507.0832824707031
108.5 161.02261352539062 500.1549377441406
108.63333333333334 131.04063415527344 490.69586181640625
108.76666666666667 120.13165283203125 463.5048828125
108.76666666666667 107.55931854248047 459.7660827636719
109.03333333333333 93.23844909667969 435.875
109.06666666666666 107.5377426147461 427.24871826171875
109.1 76.0763931274414 434.06011962890625
109.16666666666667 73.98052215576172 431.6227722167969
109.23333333333333 74.69575500488281 428.8207702636719
109.26666666666667 106.14423370361328 422.0419616699219
109.3 106.83779907226562 419.2617492675781
109.33333333333333 76.12388610839844 423.2259216308594
109.36666666666666 92.91383361816406 421.05889892578125
109.53333333333333 99.8926010131836 404.04681396484375
110.1 106.13479614257812 400.5825500488281
110.23333333333333 97.12466430664062 393.69769287109375
110.43333333333334 92.9681167602539 388.8772277832031
111.4 112.34392547607422 386.474853515625
111.83333333333333 111.64334869384766 378.59344482421875
112.03333333333333 96.4397964477539 385.7820129394531
112.13333333333334 123.03999328613281 391.7925720214844
112.26666666666667 91.54889678955078 405.10247802734375
112.43333333333334 83.5192642211914 410.1488037109375
112.43333333333334 68.80294799804688 414.7161560058594
112.63333333333334 31.34698486328125 422.2091369628906
113.13333333333334 -3.0294885635375977 452.65216064453125
113.16666666666667 -9.57685661315918 456.2734069824219
113.23333333333333 -1.680099368095398 457.98284912109375
113.26666666666667 -22.72882843017578 463.54754638671875
113.43333333333334 33.51246643066406 450.5647888183594
115.06666666666666 -31.904172897338867 385.37738037109375
115.2 -44.489044189453125 385.5466003417969
115.9 74.69575500488281 428.8207702636719
115.93333333333334 71.49885559082031 436.015869140625
115.93333333333334 53.19038009643555 432.9734191894531
115.96666666666667 61.99199295043945 435.9019775390625
116.13333333333334 70.06182861328125 441.63970947265625
116.13333333333334 56.98689270019531 444.7266845703125
116.16666666666667 63.368324279785156 441.16094970703125
116.3 30.476924896240234 435.9291687011719
116.33333333333333 29.424467086791992 434.702392578125
116.36666666666666 25.520906448364258 433.8455505371094
116.56666666666666 23.11201286315918 427.3443603515625
117.0 0.5796457529067993 408.4616394042969
118.06666666666666 24.275243759155273 392.00634765625
118.8 4.135385990142822 364.92486572265625
118.9 8.766009330749512 363.039794921875
118.9 -3.6347856521606445 363.16912841796875
119.0 -24.654855728149414 364.31024169921875
119.06666666666666 -10.373178482055664 362.62615966796875
119.13333333333334 -22.838645935058594 362.7550964355469
119.16666666666667 -47.637813568115234 367.0204162597656
119.46666666666667 -57.630123138427734 377.6524353027344
119.56666666666666 -83.56114959716797 384.8245544433594
119.7 -77.72352600097656 384.1240234375
120.16666666666667 1.4063414335250854 380.0006103515625
120.2 10.689772605895996 376.1952819824219
120.2 -0.6850697994232178 377.5650634765625
120.43333333333334 41.76401901245117 372.4532470703125
120.53333333333333 48.326560974121094 383.6860046386719
120.56666666666666 56.026668548583984 385.4190979003906
122.16666666666667 -42.916446685791016 379.947021484375
122.23333333333333 -25.92609405517578 373.86767578125
122.43333333333334 -13.708581924438477 369.7235412597656
122.5 -25.152963638305664 371.0849609375
122.56666666666666 -39.24959182739258 376.8072204589844
122.9 -86.24398803710938 389.22998046875
123.0 -85.42923736572266 386.4091491699219
123.1 -72.14425659179688 379.3851013183594
123.16666666666667 -66.83226776123047 370.634521484375
123.23333333333333 -31.97113609313965 355.7847900390625
123.26666666666667 -21.575403213500977 353.2373046875
123.46666666666667 -24.15789031982422 357.5510559082031
123.53333333333333 -15.799308776855469 367.28802490234375
123.56666666666666 19.34062957763672 364.4568786621094
123.6 2.627936601638794 370.4589538574219
124.93333333333334 101.63155364990234 391.80120849609375
124.96666666666667 95.74336242675781 388.5331115722656
125.26666666666667 41.45283126831055 368.4890441894531
125.43333333333334 60.41790771484375 358.2528991699219
125.53333333333333 62.56209945678711 350.0575866699219
125.6 58.42206573486328 345.2569885253906
125.63333333333334 56.35268020629883 342.857421875
125.76666666666667 21.408742904663086 341.6094055175781
125.93333333333334 30.26969337463379 333.9811096191406
126.0 12.36794662475586 334.7018737792969
126.3 -10.737838745117188 343.982421875
126.33333333333333 -16.426515579223633 344.63671875
126.5 -22.399690628051758 341.32672119140625
126.53333333333333 -41.369991302490234 344.83258056640625
126.53333333333333 -48.154911041259766 344.2730712890625
126.83333333333333 -16.98136329650879 336.71832275390625
126.93333333333334 -24.7553653717041 334.94342041015625
127.0 -32.54150390625 333.1657409667969
127.16666666666667 -15.528098106384277 316.6908264160156
127.2 -11.938468933105469 313.6562194824219
127.33333333333333 12.545670509338379 299.1609191894531
127.43333333333334 64.00419616699219 288.3945007324219
127.73333333333333 53.82158660888672 311.62664794921875
127.86666666666666 51.899993896484375 334.1434326171875
128.76666666666668 94.28528594970703 437.0914306640625
128.96666666666667 135.96385192871094 431.60540771484375
129.16666666666666 114.12108612060547 416.97894287109375
132.3 -59.571414947509766 424.222412109375
133.06666666666666 -36.524444580078125 447.4056091308594
133.5 -41.5466423034668 460.5088806152344
133.6 -36.77275466918945 458.4919738769531
133.66666666666666 -7.457571029663086 458.7507629394531
133.73333333333332 -1.680099368095398 457.98284912109375
133.76666666666668 -0.6209388375282288 459.2205810546875
134.33333333333334 3.1455280780792236 471.1452941894531
134.46666666666667 12.858052253723145 471.215087890625
134.96666666666667 67.11488342285156 463.8754577636719
135.03333333333333 39.73072052001953 468.9562683105469
135.1 45.43866729736328 468.1828918457031
135.3 70.66657257080078 460.65728759765625
135.33333333333334 80.18858337402344 460.73980712890625
135.53333333333333 60.392452239990234 463.4134826660156
135.7 103.71216583251953 458.9247131347656
135.83333333333334 117.31873321533203 453.008544921875
135.86666666666667 88.635009765625 459.5990295410156
136.0 114.5323715209961 453.3836975097656
136.0 93.90882873535156 454.7978820800781
136.2 94.61388397216797 451.98046875
136.23333333333332 118.69771575927734 447.3983459472656
136.43333333333334 116.60517883300781 444.9686279296875
136.5 121.11905670166016 443.0137634277344
136.63333333333333 132.524169921875 434.7516174316406
136.66666666666666 122.49099731445312 437.42626953125
136.7 99.87430572509766 436.35577392578125
137.1 106.48844146728516 415.275390625
139.76666666666668 33.87865447998047 417.81610107421875
140.66666666666666 28.240421295166016 444.4165954589844
141.33333333333334 32.95477294921875 468.4964904785156
141.4 27.091222763061523 480.3395690917969
141.46666666666667 29.211925506591797 482.8166198730469
141.46666666666667 11.63602352142334 481.0702819824219
141.5 25.586084365844727 486.08648681640625
141.6 27.399913787841797 484.4507141113281
141.63333333333333 33.142398834228516 483.6602783203125
141.63333333333333 23.770431518554688 487.723876953125
141.7 45.234169006347656 490.29583740234375
141.73333333333332 62.357540130615234 487.9165344238281
141.76666666666668 51.27477264404297 493.6107482910156
141.76666666666668 42.68913269042969 494.809326171875
141.86666666666667 35.456695556640625 501.3802490234375
141.96666666666667 35.021705627441406 508.4070739746094
142.06666666666666 37.46623992919922 515.0393676757812
142.13333333333333 68.25332641601562 513.4295654296875
142.16666666666666 64.668212890625 516.728759765625
142.2 66.79428100585938 519.2112426757812
142.23333333333332 68.92080688476562 521.6943359375
142.33333333333334 58.8697624206543 528.7403564453125
142.36666666666667 78.53962707519531 521.6986694335938
142.36666666666667 81.00592041015625 528.3154907226562
142.46666666666667 90.95037078857422 532.4474487304688
142.46666666666667 75.98011016845703 537.4430541992188
142.46666666666667 72.78450775146484 533.7105102539062
142.5 78.11106872558594 539.9320678710938
142.56666666666666 103.00800323486328 527.8932495117188
142.63333333333333 100.52853393554688 532.4379272460938
142.7 94.48965454101562 540.3140258789062
142.76666666666668 111.8611068725586 541.9337158203125
142.76666666666668 96.61822509765625 542.7982788085938
142.8 98.74723815917969 545.2830200195312
142.9 103.00659942626953 550.254150390625
143.03333333333333 126.38378143310547 555.1494140625
143.13333333333333 116.15840148925781 569.3485107421875
143.33333333333334 42.47395324707031 517.118408203125
143.36666666666667 132.92446899414062 596.4285278320312
143.36666666666667 45.66945266723633 520.8538208007812
143.4 45.99065017700195 525.005615234375
143.43333333333334 50.25554656982422 529.9918823242188
143.56666666666666 76.65882110595703 545.7597045898438
143.56666666666666 63.72595977783203 553.3134155273438
143.66666666666666 197.9062042236328 638.544677734375
143.66666666666666 179.44619750976562 654.519775390625
143.7 190.46385192871094 659.8472900390625
143.76666666666668 221.49163818359375 684.7784423828125
143.8 149.89544677734375 593.7514038085938
143.86666666666667 250.53297424316406 699.9075317382812
143.93333333333334 278.5617980957031 706.4740600585938
143.93333333333334 193.96231079101562 607.9387817382812
143.96666666666667 197.5730743408203 615.8472900390625
144.03333333333333 306.796875 724.5125732421875
144.1 248.35853576660156 634.4111328125
144.1 316.4833984375 735.7877197265625
144.13333333333333 247.98638916015625 648.6802978515625
144.16666666666666 344.6684875488281 753.7893676757812
144.16666666666666 245.66070556640625 653.349853515625
144.2 361.06390380859375 743.4325561523438
144.2 352.8492431640625 752.2423095703125
144.2 256.5368957519531 658.6300048828125
144.23333333333332 282.8172912597656 659.825439453125
144.26666666666668 293.49322509765625 672.2330932617188
144.33333333333334 399.82110595703125 773.822509765625
144.4 438.4107360839844 775.0316772460938
144.53333333333333 445.8878173828125 687.7272338867188
144.53333333333333 435.9913330078125 707.950927734375
144.6 476.193603515625 687.8548583984375
144.63333333333333 489.3277587890625 699.5282592773438
144.66666666666666 505.9941101074219 704.8990478515625
144.7 547.43505859375 694.3922119140625
144.8 611.180419921875 693.6535034179688
144.83333333333334 631.1449584960938 706.5625610351562
144.93333333333334 679.5569458007812 712.5654907226562
144.96666666666667 696.9517822265625 716.1300048828125
145.2 837.2920532226562 824.4259643554688
145.26666666666668 838.5375366210938 800.19873046875
145.33333333333334 837.9894409179688 770.9844970703125
145.33333333333334 838.4554443359375 777.8441162109375
145.33333333333334 833.6368408203125 791.43115234375
145.36666666666667 831.6791381835938 776.4798583984375
145.4 832.7135620117188 777.656494140625
145.43333333333334 835.176513671875 764.6272583007812
145.53333333333333 836.4187622070312 740.883056640625
145.73333333333332 730.7161865234375 586.7867431640625
145.8 725.3218994140625 574.5194091796875
146.06666666666666 824.3956298828125 625.7329711914062
146.1 825.246826171875 617.6405639648438
146.26666666666668 831.3526000976562 591.57080078125
146.56666666666666 853.0263671875 598.1883544921875
147.4 850.34033203125 624.9583129882812
147.66666666666666 850.6101684570312 622.2691650390625
147.7 848.5989379882812 619.998291015625
147.9 833.635009765625 591.1677856445312
147.93333333333334 831.6311645507812 588.9064331054688
148.13333333333333 823.7738647460938 588.9815673828125
148.33333333333334 827.1015625 610.7092895507812
148.5 836.8161010742188 603.7056274414062
148.73333333333332 833.4185180664062 614.8424072265625
149.0 833.4185180664062 614.8424072265625
149.73333333333332 835.4310302734375 617.1158447265625
150.86666666666667 859.5094604492188 611.43798828125
150.86666666666667 856.5010986328125 608.0442504882812
151.13333333333333 854.96533203125 612.2606201171875
151.4 861.9428100585938 632.072509765625
151.83333333333334 889.4190673828125 696.2221069335938
152.1 788.128173828125 645.7147827148438
152.13333333333333 788.128173828125 645.7147827148438
152.23333333333332 878.1663208007812 757.0779418945312
152.66666666666666 776.9576416015625 633.0521850585938
152.76666666666668 761.22265625 639.9395751953125
152.86666666666667 750.3997192382812 633.8688354492188
152.86666666666667 747.05517578125 642.5311279296875
153.16666666666666 832.4216918945312 723.848388671875
153.23333333333332 830.2540893554688 733.8831176757812
154.0 745.6069946289062 616.0238037109375
154.03333333333333 744.5919189453125 614.8722534179688
154.06666666666666 823.0665283203125 725.7217407226562
154.06666666666666 822.1957397460938 734.1351928710938
154.1 729.3923950195312 616.241943359375
154.1 728.0438842773438 627.1845703125
154.16666666666666 696.9950561523438 632.761474609375
154.2 691.523681640625 629.7003173828125
154.2 686.6500854492188 640.024658203125
154.23333333333332 677.352294921875 638.995361328125
154.23333333333332 759.8573608398438 752.276611328125
154.26666666666668 653.0603637695312 643.3700561523438
154.46666666666667 595.9909057617188 639.9527587890625
154.46666666666667 587.47265625 656.5565795898438
154.63333333333333 509.0654296875 670.6953125
154.63333333333333 590.2294921875 788.0949096679688
154.86666666666667 485.25457763671875 793.3673706054688
154.86666666666667 478.91119384765625 793.1826782226562
154.9 465.18414306640625 798.8453369140625
155.03333333333333 273.6309509277344 730.587158203125
155.13333333333333 221.4727020263672 722.5552368164062
155.26666666666668 291.061279296875 743.41748046875
155.3 262.1514892578125 747.3211669921875
155.33333333333334 234.68524169921875 730.397216796875
155.43333333333334 240.45323181152344 703.1461181640625
155.56666666666666 213.30384826660156 678.9822998046875
155.56666666666666 201.39892578125 683.9354248046875
155.63333333333333 182.54945373535156 677.06298828125
155.73333333333332 157.95367431640625 671.1400756835938
155.76666666666668 151.17047119140625 670.8460693359375
155.76666666666668 131.12844848632812 674.2545166015625
155.8 143.294189453125 669.2855834960938
156.0 111.6324691772461 639.88427734375
156.06666666666666 100.84501647949219 627.251953125
156.06666666666666 90.39701843261719 630.3823852539062
156.13333333333333 78.52793884277344 616.4744873046875
156.3 19.71491241455078 605.6359252929688
156.33333333333334 42.141395568847656 589.2398681640625
156.36666666666667 11.534576416015625 588.225830078125
156.43333333333334 -4.251241683959961 589.2120361328125
156.46666666666667 -1.413010597229004 573.0220336914062
156.46666666666667 -13.39781379699707 586.3013916015625
156.5 -12.897371292114258 579.0509033203125
156.56666666666666 -13.477107048034668 570.5498657226562
156.8 -24.260723114013672 557.880859375
156.86666666666667 -37.1640739440918 558.3615112304688
156.9 -24.260723114013672 557.880859375
157.0 -34.20360565185547 557.9241943359375
157.16666666666666 -20.741933822631836 565.9209594726562
157.23333333333332 21.07906150817871 556.84130859375
157.33333333333334 4.158295631408691 567.9019775390625
157.43333333333334 43.433509826660156 567.6777954101562
157.43333333333334 21.24102210998535 572.4542846679688
157.46666666666667 45.580467224121094 570.1926879882812
157.56666666666666 57.478965759277344 572.6459350585938
157.6 45.04890060424805 588.791015625
157.66666666666666 57.31452178955078 595.4636840820312
157.7 82.22434997558594 590.160888671875
157.83333333333334 93.67134857177734 611.195068359375
157.93333333333334 119.1061782836914 614.2824096679688
157.96666666666667 144.3936767578125 617.3518676757812
158.0 121.99357604980469 625.26220703125
158.1 142.38719177246094 637.7067260742188
158.16666666666666 154.14149475097656 640.0731811523438
158.2 146.3084259033203 638.4961547851562
158.23333333333332 167.2252197265625 636.4800415039062
158.23333333333332 158.05332946777344 640.8607788085938
158.26666666666668 171.79803466796875 634.2958984375
158.36666666666667 166.8297882080078 632.2551879882812
158.43333333333334 169.93133544921875 624.6117553710938
158.43333333333334 147.69053649902344 632.5347290039062
158.46666666666667 145.54112243652344 630.02294921875
158.5 147.6118927001953 621.1107788085938
158.6 127.33196258544922 620.1050415039062
158.63333333333333 123.03455352783203 615.0807495117188
158.83333333333334 56.153221130371094 605.6692504882812
159.06666666666666 -31.453052520751953 584.7377319335938
159.1 -25.005035400390625 576.5800170898438
159.1 -64.79891204833984 581.1388549804688
159.13333333333333 -51.473243713378906 569.07275390625
159.13333333333333 -52.83784866333008 579.337646484375
159.26666666666668 -56.85621643066406 546.9793701171875
159.26666666666668 -82.89341735839844 547.9058837890625
159.3 -83.38883972167969 539.4059448242188
159.36666666666667 -85.45316314697266 521.2018432617188
159.4 -70.24565124511719 507.7525329589844
159.46666666666667 -64.27404022216797 491.4537658691406
159.5 -80.15042877197266 492.2195129394531
159.66666666666666 -62.35227966308594 474.4063720703125
159.66666666666666 -70.38269805908203 472.6916809082031
160.06666666666666 -13.323542594909668 444.37652587890625
160.26666666666668 -6.010924339294434 437.9354248046875
160.33333333333334 -26.23887062072754 440.5591125488281
161.53333333333333 71.11174774169922 442.8614196777344
161.6 89.71013641357422 449.9151306152344
161.7 74.54512023925781 461.50201416015625
161.8 112.4527816772461 461.8262939453125
162.0 134.4054412841797 465.6372375488281
162.03333333333333 138.22865295410156 466.4733581542969
162.03333333333333 131.62750244140625 466.017822265625
162.06666666666666 133.72434997558594 468.4529113769531
162.2 137.2985382080078 487.07415771484375
162.3 196.426513671875 491.00067138671875
162.33333333333334 180.09300231933594 504.2696533203125
162.53333333333333 194.00140380859375 513.2207641601562
162.53333333333333 167.44403076171875 518.474853515625
162.7 109.7244644165039 528.302978515625
162.8 109.36738586425781 524.1824951171875
162.86666666666667 86.35435485839844 523.3536987304688
163.1 37.699188232421875 492.7299499511719
163.1 30.143083572387695 495.1708679199219
163.13333333333333 47.77384948730469 485.7918701171875
163.26666666666668 29.782075881958008 464.79364013671875
163.8 159.6531524658203 350.4066467285156
163.83333333333334 153.2117919921875 349.86651611328125
164.13333333333333 169.8798370361328 389.8992004394531
164.33333333333334 153.81129455566406 423.89453125
164.43333333333334 154.1868133544922 427.8655700683594
164.66666666666666 191.32977294921875 421.65179443359375
164.7 202.15391540527344 420.2316589355469
165.0 232.7809295654297 434.7994689941406
165.03333333333333 238.14222717285156 434.0799865722656
165.1 241.2418212890625 437.656005859375
165.1 213.0947265625 446.8065490722656
165.26666666666668 238.60252380371094 455.37835693359375
165.3 231.56777954101562 457.68817138671875
165.46666666666667 234.90615844726562 472.0150451660156
165.53333333333333 200.85018920898438 489.010009765625
165.56666666666666 192.39498901367188 497.03057861328125
165.63333333333333 216.96356201171875 511.2367858886719
165.73333333333332 211.46218872070312 529.8855590820312
166.26666666666668 207.70147705078125 594.4580688476562
166.3 240.17967224121094 592.08154296875
166.53333333333333 257.335205078125 648.5210571289062
166.6 273.0614929199219 655.8045043945312
167.0 291.7471618652344 706.99462890625
167.03333333333333 300.5966491699219 702.5213623046875
167.03333333333333 280.0998229980469 711.9833984375
167.06666666666666 300.5966491699219 702.5213623046875
167.13333333333333 296.17608642578125 704.755859375
167.16666666666666 297.8509216308594 703.013916015625
167.2 279.4862976074219 714.9908447265625
167.3 293.895751953125 709.49560546875
167.33333333333334 276.1018371582031 718.5038452148438
167.4 288.99224853515625 707.4901123046875
167.7 290.25872802734375 727.5416870117188
167.73333333333332 265.7397766113281 736.412353515625
167.8 254.56817626953125 738.4664916992188
167.9 245.07894897460938 738.7457275390625
168.0 243.9951629638672 737.4796752929688
168.0 233.188720703125 743.8665161132812
168.0 224.7230987548828 745.4251098632812
169.33333333333334 434.06640625 755.5996704101562
169.33333333333334 431.92822265625 753.1229248046875
169.33333333333334 425.5534362792969 760.1296997070312
169.36666666666667 437.30657958984375 766.5441284179688
169.36666666666667 430.3851318359375 769.338623046875
169.43333333333334 457.56048583984375 775.6317749023438
169.56666666666666 512.542236328125 789.3504638671875
169.6 529.3636474609375 794.6514892578125
169.63333333333333 511.23138427734375 805.582275390625
169.83333333333334 544.3187255859375 861.7218627929688
169.86666666666667 541.23974609375 865.336669921875
169.96666666666667 518.1785278320312 874.7376098632812
170.0 510.2439880371094 876.444580078125
170.03333333333333 502.1806335449219 870.7341918945312
170.06666666666666 457.37060546875 892.3286743164062
170.2 436.1776123046875 878.8409423828125
170.23333333333332 428.5727844238281 877.4553833007812
170.26666666666668 420.95574951171875 876.067626953125
170.26666666666668 411.6936340332031 884.0529174804688
170.5 351.1308898925781 881.7575073242188
170.5 331.51385498046875 893.4937744140625
170.53333333333333 341.67913818359375 882.2286987304688
170.56666666666666 331.1021728515625 881.4136352539062
170.6 326.10345458984375 879.42431640625
170.66666666666666 292.9392395019531 883.3090209960938
170.66666666666666 284.918212890625 889.5657958984375
170.76666666666668 231.5782012939453 862.4050903320312
170.93333333333334 183.86354064941406 814.2445068359375
170.93333333333334 153.7220458984375 818.5735473632812
170.96666666666667 145.2752227783203 812.6292114257812
171.1 136.9073486328125 751.1638793945312
171.2 102.9994125366211 664.4716796875
171.36666666666667 71.43670654296875 588.988037109375
171.4 35.24072265625 588.874755859375
171.46666666666667 11.560257911682129 561.099609375
172.6 -61.98133087158203 432.77838134765625
172.66666666666666 -51.09838104248047 434.1380920410156
173.23333333333332 14.845076560974121 432.4995422363281
173.23333333333332 -15.439090728759766 441.9043273925781
173.36666666666667 24.468347549438477 432.61846923828125
173.4 27.31987762451172 432.24920654296875
173.53333333333333 3.3815653324127197 433.9815368652344
173.63333333333333 1.2724993228912354 431.5200500488281
173.8 9.118439674377441 433.2398681640625
174.03333333333333 15.299290657043457 425.624755859375
174.06666666666666 0.9810503721237183 427.4606018066406
174.13333333333333 11.091489791870117 420.7184753417969
174.2 -7.159365177154541 421.67919921875
174.26666666666668 2.212675094604492 417.7655029296875
174.3 2.212675094604492 417.7655029296875
174.56666666666666 -10.23464584350586 433.0028076171875
174.6 11.68549633026123 428.8143005371094
174.66666666666666 -18.611581802368164 438.197021484375
174.7 -18.611581802368164 438.197021484375
174.9 -18.611581802368164 438.197021484375
174.96666666666667 3.3815653324127197 433.9815368652344
175.3 -1.680099368095398 457.98284912109375
175.36666666666667 30.220443725585938 457.8603210449219
175.53333333333333 14.67712116241455 469.58782958984375
175.83333333333334 63.15751266479492 474.0228576660156
175.9 56.00965118408203 480.5125427246094
175.9 40.99400329589844 485.3455810546875
176.13333333333333 73.56495666503906 519.6297607421875
176.13333333333333 68.58686065673828 517.5594482421875
176.16666666666666 58.8697624206543 528.7403564453125
176.46666666666667 121.73214721679688 534.890869140625
177.3 256.3522033691406 621.7730102539062
177.36666666666667 262.2851867675781 625.0243530273438
177.46666666666667 275.35791015625 625.6756591796875
177.6 288.848388671875 630.4732055664062
177.86666666666667 352.1298828125 653.5446166992188
177.86666666666667 318.1338806152344 660.8388671875
177.96666666666667 377.66229248046875 668.8515625
178.1 413.2180480957031 699.3297729492188
178.16666666666666 454.89794921875 701.6321411132812
178.26666666666668 450.3468017578125 728.0835571289062
178.33333333333334 471.4867248535156 738.3772583007812
178.36666666666667 491.0267639160156 750.37646484375
178.43333333333334 475.0490417480469 777.985107421875
178.63333333333333 516.24755859375 854.400146484375
178.63333333333333 493.1289978027344 871.180908203125
178.66666666666666 491.64697265625 880.4454345703125
178.7 489.57000732421875 885.377197265625
178.83333333333334 491.64697265625 880.4454345703125
178.83333333333334 482.6400146484375 888.3714599609375
178.9 460.00811767578125 884.2506103515625
178.93333333333334 446.42962646484375 872.1663818359375
178.93333333333334 441.0653381347656 880.8014526367188
178.96666666666667 419.8648681640625 874.7968139648438
179.0 416.5759582519531 856.02099609375
179.0 402.409912109375 869.4677124023438
179.06666666666666 398.6216735839844 846.31103515625
179.1 388.8106994628906 842.3635864257812
179.13333333333333 371.2808532714844 844.4649658203125
179.16666666666666 372.45758056640625 830.802001953125
179.16666666666666 355.45391845703125 829.7745971679688
179.2 365.9332275390625 823.1981201171875
179.2 336.7000427246094 830.5737915039062
179.23333333333332 353.3415222167969 819.782470703125
179.26666666666668 326.3895263671875 814.7484741210938
179.3 332.60748291015625 803.1272583007812
179.36666666666667 339.6199035644531 766.4299926757812
179.43333333333334 329.5057373046875 743.5396728515625
179.46666666666667 320.40777587890625 729.2579345703125
179.5 308.94866943359375 727.0172119140625
179.56666666666666 307.270751953125 695.5750122070312
179.56666666666666 295.7052307128906 700.5175170898438
179.6 275.3435974121094 676.8274536132812
179.76666666666668 263.7371520996094 586.9234008789062
179.86666666666667 235.05325317382812 560.8443603515625
179.9 199.9252166748047 563.487548828125
179.93333333333334 219.02740478515625 549.4505004882812
180.03333333333333 191.15481567382812 531.5313110351562
180.06666666666666 186.5409393310547 522.562255859375
180.16666666666666 180.7484588623047 501.43621826171875
180.2 173.40293884277344 492.91351318359375
180.36666666666667 103.7132339477539 480.79791259765625
180.73333333333332 63.6258544921875 456.1324157714844
180.76666666666668 47.64999008178711 459.64404296875
180.8 53.33637619018555 458.8809509277344
181.06666666666666 38.359371185302734 463.6388854980469
181.1 54.39070510864258 460.1097106933594
181.1 24.05107307434082 465.5652160644531
181.13333333333333 22.24014663696289 467.1873779296875
181.36666666666667 55.037113189697266 468.256103515625
181.4 31.770971298217773 478.31610107421875
181.43333333333334 42.161888122558594 475.5152893066406
181.5 27.5339412689209 473.36871337890625
181.53333333333333 20.12340545654297 464.71575927734375
181.56666666666666 37.30299377441406 462.40655517578125
181.63333333333333 29.472999572753906 460.7083740234375
181.66666666666666 25.996519088745117 452.9320983886719
181.76666666666668 -9.57685661315918 456.2734069824219
181.8 -10.350202560424805 459.1352233886719
181.9 -24.34759521484375 454.08673095703125
181.96666666666667 -23.565641403198242 451.224609375
182.0 -16.990854263305664 447.6067810058594
182.0 -27.528579711914062 450.3659362792969
182.1 -33.34251403808594 451.12872314453125
182.1 -32.00797653198242 456.4789123535156
182.5 -33.10067367553711 440.0732727050781
182.73333333333332 -96.68317413330078 430.29888916015625
182.8 -130.1843719482422 437.3226623535156
183.26666666666668 -145.83187866210938 465.8872985839844
183.73333333333332 -159.24990844726562 481.75140380859375
183.76666666666668 -161.20449829101562 483.4261779785156
183.83333333333334 -162.0830841064453 486.3740539550781
184.0 -164.92242431640625 491.0067443847656
184.06666666666666 -168.84796142578125 494.3748474121094
184.13333333333333 -172.7816162109375 497.7499084472656
184.3 -172.7816162109375 497.7499084472656
184.33333333333334 -162.7639923095703 493.55316162109375
184.33333333333334 -172.7816162109375 497.7499084472656
184.36666666666667 -151.70758056640625 490.6434326171875
184.6 -157.0955352783203 484.2912902832031
184.66666666666666 -162.0830841064453 486.3740539550781
184.7 -142.19097900390625 478.0672912597656
