0.1 -52.8974494934082 917.0208129882812
0.13333333333333333 -32.13221740722656 911.2244873046875
0.3333333333333333 -16.878549575805664 903.3901977539062
0.36666666666666664 -16.878549575805664 903.3901977539062
0.43333333333333335 -17.711454391479492 906.7219848632812
0.5333333333333333 -22.789505004882812 909.3330078125
0.6 -21.653209686279297 910.6876831054688
0.7 -23.627273559570312 912.6737060546875
0.8 -17.711454391479492 906.7219848632812
0.9 -22.49034881591797 914.0293579101562
1.0 -31.544841766357422 920.639404296875
1.0666666666666667 -12.338603973388672 908.7996215820312
1.2 -31.250579833984375 925.3560791015625
1.2333333333333334 -21.05299186706543 920.0888061523438
1.2666666666666666 -19.078807830810547 918.0972290039062
1.3666666666666667 -14.832751274108887 918.8187866210938
1.4 -6.660800933837891 915.5648193359375
1.4 -16.80380630493164 920.8098754882812
1.4666666666666666 -9.760815620422363 916.197021484375
1.5 -10.590311050415039 919.5396728515625
1.5666666666666667 -32.09626007080078 928.7177734375
1.6 -24.70931625366211 928.7958374023438
1.6333333333333333 -5.524857521057129 916.9183349609375
1.7 -6.660800933837891 915.5648193359375
1.7333333333333334 -29.81547737121582 931.4402465820312
1.9 -22.429777145385742 931.515869140625
1.9666666666666666 -20.14972496032715 934.2365112304688
1.9666666666666666 -34.34623336791992 943.5698852539062
2.033333333333333 -20.98870086669922 937.6031494140625
2.1 -50.07164764404297 964.544921875
2.1666666666666665 -64.20315551757812 978.8589477539062
2.3666666666666667 -54.98814010620117 989.899169921875
2.3666666666666667 -69.47322082519531 999.5263061523438
2.4 -59.03736877441406 994.0230102539062
2.466666666666667 -71.23843383789062 1006.4489135742188
2.6 -78.25859069824219 1016.1697387695312
2.6333333333333333 -64.57421112060547 1009.920654296875
2.6333333333333333 -92.01376342773438 1022.4511108398438
2.7 -72.73574829101562 1018.2551879882812
2.7333333333333334 -74.78175354003906 1020.3445434570312
2.7666666666666666 -74.78175354003906 1020.3445434570312
2.8 -74.78175354003906 1020.3445434570312
2.8666666666666667 -56.16629409790039 1006.463623046875
2.8666666666666667 -68.37551879882812 1018.9485473632812
2.9 -72.46319580078125 1023.1285400390625
2.933333333333333 -61.981903076171875 1017.5553588867188
2.933333333333333 -74.51041412353516 1025.2220458984375
3.1 -78.61161804199219 1029.415771484375
3.1333333333333333 -78.61161804199219 1029.415771484375
3.2 -68.10018157958984 1023.8203125
3.2 -82.72188568115234 1033.618896484375
3.2333333333333334 -55.60085678100586 1016.1648559570312
3.2666666666666666 -55.60085678100586 1016.1648559570312
3.3 -59.666439056396484 1020.3335571289062
3.3333333333333335 -59.666439056396484 1020.3335571289062
3.3666666666666667 -55.60085678100586 1016.1648559570312
3.3666666666666667 -80.93330383300781 1026.62646484375
3.466666666666667 -61.70258331298828 1022.4213256835938
3.5 -61.70258331298828 1022.4213256835938
3.533333333333333 -61.70258331298828 1022.4213256835938
3.566666666666667 -61.70258331298828 1022.4213256835938
3.6 -61.70258331298828 1022.4213256835938
3.6333333333333333 -70.14410400390625 1025.9132080078125
3.6666666666666665 -56.75761795043945 1014.7774658203125
3.7666666666666666 -66.05850982666016 1021.7296752929688
3.8333333333333335 -66.05850982666016 1021.7296752929688
3.8666666666666667 -85.04566192626953 1030.825927734375
3.966666666666667 -69.53382873535156 1017.5582885742188
4.0 -77.72026824951172 1025.923828125
4.133333333333334 -82.36048126220703 1020.3500366210938
4.2 -60.506874084472656 1005.76708984375
4.333333333333333 -94.07648468017578 1024.5489501953125
4.4 -66.00691986083984 1003.683837890625
4.433333333333334 -63.972816467285156 1001.61083984375
4.533333333333333 -63.09547424316406 998.1558837890625
5.0 -76.4022445678711 991.2156372070312
5.033333333333333 -99.48751831054688 1004.3348388671875
5.266666666666667 -84.84366607666016 994.6502685546875
5.3 -82.79714965820312 992.5801391601562
5.3 -98.58439636230469 1000.86181640625
5.466666666666667 -64.47916412353516 974.0506591796875
5.733333333333333 -81.0189437866211 985.6783447265625
5.766666666666667 -81.0189437866211 985.6783447265625
6.666666666666667 -80.9288101196289 967.785888671875
6.8 -75.97834014892578 960.2764892578125
6.866666666666666 -37.774436950683594 939.4747314453125
6.9 -64.4320068359375 956.2544555664062
6.933333333333334 -66.72696685791016 953.5074462890625
7.2 -53.21393966674805 947.4828491210938
7.233333333333333 -53.21393966674805 947.4828491210938
7.266666666666667 -53.21393966674805 947.4828491210938
7.266666666666667 -60.67356872558594 947.4214477539062
7.3 -44.053714752197266 940.7723388671875
7.3 -53.21393966674805 947.4828491210938
7.3 -60.67356872558594 947.4214477539062
7.333333333333333 -30.9559326171875 930.0789184570312
7.333333333333333 -42.91035461425781 942.1386108398438
7.333333333333333 -55.223636627197266 949.5075073242188
7.333333333333333 -60.67356872558594 947.4214477539062
7.366666666666666 -42.91035461425781 942.1386108398438
7.4 -30.9559326171875 930.0789184570312
7.433333333333334 -46.912471771240234 946.1759643554688
7.533333333333333 -46.912471771240234 946.1759643554688
7.533333333333333 -57.5147819519043 946.76708984375
7.566666666666666 -54.0778694152832 950.8779296875
7.6 -26.393339157104492 935.525146484375
7.6 -38.62645721435547 942.8545532226562
7.6 -54.0778694152832 950.8779296875
7.666666666666667 -32.35477828979492 941.555419921875
7.733333333333333 -24.11126708984375 938.2492065429688
7.833333333333333 -33.20323944091797 944.9352416992188
7.866666666666666 -55.80884552001953 957.6802978515625
7.9 -24.11126708984375 938.2492065429688
7.9 -48.34707260131836 957.7323608398438
7.9 -53.79629898071289 955.648681640625
7.933333333333334 -47.4863395690918 954.3322143554688
7.933333333333334 -53.79629898071289 955.648681640625
7.966666666666667 -38.04440689086914 952.3623046875
8.0 -42.04477310180664 956.4143676757812
8.066666666666666 -33.75881576538086 953.0745239257812
8.133333333333333 -32.614288330078125 954.4421997070312
8.366666666666667 -36.607261657714844 958.4949951171875
8.6 -38.60700607299805 960.524658203125
9.033333333333333 -45.76688003540039 965.2542114257812
9.066666666666666 -37.7528076171875 957.1256103515625
9.1 -45.76688003540039 965.2542114257812
9.133333333333333 -35.75472640991211 955.0989379882812
9.4 -41.75548553466797 961.1854858398438
9.433333333333334 -39.75305938720703 959.1544189453125
9.466666666666667 -37.7528076171875 957.1256103515625
9.833333333333334 -33.75881576538086 953.0745239257812
10.033333333333333 -54.380126953125 963.8350830078125
10.2 -26.939149856567383 943.6345825195312
10.2 -50.35590362548828 959.764404296875
10.3 -37.19161605834961 948.972412109375
10.3 -50.35590362548828 959.764404296875
10.3 -57.823585510253906 959.7141723632812
10.333333333333334 -37.19161605834961 948.972412109375
10.333333333333334 -50.35590362548828 959.764404296875
10.533333333333333 -59.840518951416016 961.750244140625
10.733333333333333 -38.33562469482422 947.6053466796875
10.833333333333334 -38.33562469482422 947.6053466796875
11.7 -38.33562469482422 947.6053466796875
11.7 -63.8809928894043 965.8290405273438
11.766666666666667 -38.33562469482422 947.6053466796875
11.866666666666667 -60.71094512939453 965.1637573242188
11.9 -71.38024139404297 965.7843017578125
12.1 -56.67589569091797 961.087646484375
12.166666666666666 -70.23039245605469 967.16162109375
12.2 -57.823585510253906 959.7141723632812
12.3 -69.08040618896484 968.5391235351562
12.333333333333334 -43.478572845458984 950.2809448242188
12.333333333333334 -69.08040618896484 968.5391235351562
12.766666666666667 -79.51160430908203 973.9761352539062
12.866666666666667 -56.67589569091797 961.087646484375
12.933333333333334 -56.67589569091797 961.087646484375
13.0 -80.66337585449219 972.595458984375
13.266666666666667 -56.0892448425293 952.9056396484375
13.466666666666667 -77.47542572021484 971.9248046875
13.5 -57.823585510253906 959.7141723632812
13.666666666666666 -62.73176956176758 967.2051391601562
13.666666666666666 -76.32403564453125 973.3047485351562
13.7 -54.66166687011719 959.0529174804688
13.733333333333333 -56.67589569091797 961.087646484375
13.8 -56.395530700683594 965.8737182617188
14.1 -52.08383560180664 966.5831298828125
14.133333333333333 -52.08383560180664 966.5831298828125
14.133333333333333 -66.5055923461914 976.1005249023438
14.166666666666666 -81.28465270996094 980.850830078125
14.2 -70.56510925292969 980.2069091796875
14.233333333333333 -70.56510925292969 980.2069091796875
14.266666666666667 -73.75077056884766 980.8818359375
14.3 -48.06165313720703 962.5089721679688
14.3 -70.56510925292969 980.2069091796875
14.3 -78.09236145019531 980.17529296875
14.333333333333334 -48.06165313720703 962.5089721679688
14.433333333333334 -45.76688003540039 965.2542114257812
14.466666666666667 -50.93549346923828 967.9573974609375
14.666666666666666 -49.78702163696289 969.331787109375
14.7 -53.81593322753906 973.4182739257812
14.733333333333333 -41.75548553466797 961.1854858398438
14.8 -55.83369064331055 975.46484375
14.833333333333334 -57.8536491394043 977.513671875
14.866666666666667 -47.489681243896484 972.0811157226562
14.866666666666667 -63.05173873901367 980.2384643554688
14.966666666666667 -56.70299530029297 978.8917236328125
15.0 -33.16985321044922 962.6041259765625
15.0 -55.55221176147461 980.2699584960938
15.033333333333333 -26.889705657958984 961.282958984375
15.033333333333333 -49.216636657714844 978.9244384765625
15.066666666666666 -26.889705657958984 961.282958984375
15.133333333333333 -28.584815979003906 968.0851440429688
15.233333333333333 -28.584815979003906 968.0851440429688
15.266666666666667 -32.579341888427734 972.1588134765625
15.3 -42.60378646850586 982.3818359375
15.4 -24.298526763916016 968.7913208007812
15.466666666666667 -14.897713661193848 966.8019409179688
15.466666666666667 -25.991830825805664 975.6077880859375
15.466666666666667 -45.76578903198242 983.0557250976562
15.533333333333333 -31.987274169921875 981.7386474609375
15.6 -39.44487380981445 981.7085571289062
15.666666666666666 -20.859128952026367 972.902099609375
15.766666666666667 -34.8449592590332 987.2134399414062
15.9 -35.700836181640625 990.6443481445312
15.9 -44.32638168334961 989.2437133789062
15.966666666666667 -23.39484214782715 983.14208984375
16.0 -23.39484214782715 983.14208984375
16.033333333333335 -25.39127540588379 985.1891479492188
16.033333333333335 -47.205753326416016 994.741455078125
16.066666666666666 -25.39127540588379 985.1891479492188
16.166666666666668 -29.39067268371582 989.2899780273438
16.2 -29.39067268371582 989.2899780273438
16.233333333333334 -33.398799896240234 993.3997802734375
16.266666666666666 -19.40848731994629 979.0546264648438
16.266666666666666 -31.393644332885742 991.34375
16.3 -33.398799896240234 993.3997802734375
16.333333333333332 -19.40848731994629 979.0546264648438
16.333333333333332 -33.398799896240234 993.3997802734375
16.4 -18.260860443115234 980.426513671875
16.5 -35.40614700317383 995.4580078125
16.533333333333335 -25.39127540588379 985.1891479492188
16.566666666666666 -40.58005142211914 998.2008666992188
16.6 -40.58005142211914 998.2008666992188
16.633333333333333 -40.58005142211914 998.2008666992188
16.833333333333332 -25.090404510498047 989.9893188476562
16.9 -27.38988494873047 987.2384643554688
16.9 -54.13922882080078 1004.3908081054688
17.066666666666666 -45.76469039916992 1000.9494018554688
17.1 -33.398799896240234 993.3997802734375
17.1 -56.16629409790039 1006.463623046875
17.133333333333333 -33.398799896240234 993.3997802734375
17.133333333333333 -56.16629409790039 1006.463623046875
17.333333333333332 -41.732547760009766 996.8206176757812
17.366666666666667 -57.32148742675781 1005.07861328125
17.433333333333334 -61.66231918334961 1004.3815307617188
17.9 -33.69465255737305 988.590087890625
17.933333333333334 -33.69465255737305 988.590087890625
18.033333333333335 -50.091758728027344 1000.251953125
18.1 -51.24540328979492 998.8695678710938
18.333333333333332 -40.01174545288086 989.9443359375
18.4 -37.70920944213867 992.7008666992188
18.666666666666668 -46.91808319091797 999.5675659179688
18.866666666666667 -62.26084899902344 1012.69580078125
18.9 -62.26084899902344 1012.69580078125
18.933333333333334 -62.26084899902344 1012.69580078125
18.966666666666665 -49.805667877197266 1005.0872802734375
19.0 -39.71977996826172 994.7596435546875
19.0 -49.805667877197266 1005.0872802734375
19.0 -64.29683685302734 1014.7777709960938
19.033333333333335 -41.732547760009766 996.8206176757812
19.133333333333333 -55.01096725463867 1007.8488159179688
19.133333333333333 -64.29683685302734 1014.7777709960938
19.166666666666668 -31.393644332885742 991.34375
19.2 -44.61116409301758 1002.3314208984375
19.433333333333334 -59.946956634521484 1015.4716186523438
19.466666666666665 -57.91424560546875 1013.3901977539062
19.5 -57.91424560546875 1013.3901977539062
19.8 -59.07073974609375 1012.0031127929688
19.866666666666667 -56.75761795043945 1014.7774658203125
20.1 -33.102561950683594 998.2158203125
20.1 -43.1671142578125 1008.5496215820312
20.166666666666668 -45.1866455078125 1010.6231689453125
20.266666666666666 -41.14979934692383 1006.4783325195312
20.3 -38.84156036376953 1009.2437744140625
20.433333333333334 -52.4150390625 1015.4706420898438
20.533333333333335 -46.05278396606445 1014.0842895507812
20.6 -44.89704895019531 1015.4697265625
20.633333333333333 -44.89704895019531 1015.4697265625
20.666666666666668 -44.89704895019531 1015.4697265625
20.7 -44.89704895019531 1015.4697265625
20.8 -24.487472534179688 999.6085815429688
20.866666666666667 -44.031558990478516 1012.007568359375
20.9 -42.01254653930664 1009.9331665039062
20.933333333333334 -44.031558990478516 1012.007568359375
21.066666666666666 -26.188640594482422 1006.4929809570312
21.133333333333333 -13.052282333374023 995.5103149414062
21.133333333333333 -40.56550598144531 1016.1616821289062
21.166666666666668 -35.378211975097656 1013.39306640625
21.233333333333334 -34.2234992980957 1014.7764892578125
21.266666666666666 -39.409889221191406 1017.5466918945312
21.3 -39.409889221191406 1017.5466918945312
21.333333333333332 -38.2541389465332 1018.931884765625
21.433333333333334 -17.57657241821289 1007.8790893554688
21.7 -25.585634231567383 1016.158447265625
21.733333333333334 -14.736257553100586 1002.3759155273438
21.8 -12.433893203735352 1005.1301879882812
21.833333333333332 -13.5851411819458 1003.7529907226562
21.866666666666667 -13.5851411819458 1003.7529907226562
21.9 -13.5851411819458 1003.7529907226562
21.966666666666665 -13.5851411819458 1003.7529907226562
21.966666666666665 -43.159263610839844 1026.5699462890625
22.033333333333335 -14.736257553100586 1002.3759155273438
22.066666666666666 -14.736257553100586 1002.3759155273438
22.233333333333334 -6.777403354644775 994.154052734375
22.3 -9.60240650177002 999.6358032226562
22.3 -19.8807315826416 1005.1216430664062
22.366666666666667 -21.33660888671875 998.9267578125
22.4 -21.33660888671875 998.9267578125
22.466666666666665 5.922201156616211 978.484130859375
22.566666666666666 -9.696455955505371 981.8284912109375
22.633333333333333 -12.82930850982666 982.4993286132812
22.7 -8.54919719696045 983.1994018554688
22.766666666666666 -12.82930850982666 982.4993286132812
22.866666666666667 -2.608004093170166 977.0827026367188
22.866666666666667 -13.97681713104248 981.1278076171875
22.966666666666665 -10.843584060668945 980.4577026367188
23.0 -6.878598213195801 976.381103515625
23.066666666666666 -15.430792808532715 974.97607421875
23.266666666666666 11.99939250946045 959.5067749023438
23.366666666666667 -9.17042350769043 973.6434326171875
23.366666666666667 -16.5772705078125 973.6060791015625
23.4 -5.211999416351318 969.5791015625
23.4 -19.71240234375 974.2726440429688
23.433333333333334 11.99939250946045 959.5067749023438
23.433333333333334 -9.17042350769043 973.6434326171875
23.466666666666665 -20.555984497070312 977.6829223632812
23.5 -11.152859687805176 975.6788940429688
23.533333333333335 0.7095734477043152 963.4990844726562
23.566666666666666 4.9648895263671875 964.2042236328125
23.733333333333334 -10.099213600158691 959.3563232421875
23.766666666666666 -4.174923419952393 953.2982788085938
23.766666666666666 -14.365971565246582 958.6482543945312
23.866666666666667 -31.17380714416504 960.5740356445312
23.9 -12.693169593811035 951.878662109375
23.933333333333334 -4.487078666687012 948.5599975585938
24.166666666666668 15.91642951965332 955.4767456054688
24.2 49.45852279663086 943.6312866210938
24.233333333333334 34.780826568603516 956.2888793945312
24.333333333333332 58.54826736450195 954.4444580078125
24.4 43.89771270751953 967.14794921875
24.433333333333334 72.67448425292969 949.8585205078125
24.566666666666666 73.50615692138672 933.83056640625
24.766666666666666 75.7182846069336 949.213623046875
24.833333333333332 117.2833023071289 943.5645141601562
24.833333333333332 92.76799011230469 956.7080078125
24.866666666666667 112.033935546875 954.1771850585938
24.9 124.06420135498047 951.6041870117188
24.9 114.2982177734375 956.8636474609375
24.966666666666665 128.58731079101562 956.9669189453125
25.166666666666668 234.7789306640625 934.1483764648438
25.4 335.7313537597656 964.9609985351562
25.466666666666665 362.0262451171875 983.978515625
25.5 366.3312683105469 1012.7870483398438
25.666666666666668 427.4774169921875 1072.6768798828125
25.666666666666668 395.9607849121094 1083.60205078125
25.833333333333332 424.77032470703125 1113.4671630859375
25.866666666666667 443.26422119140625 1099.169677734375
25.9 301.2502136230469 1098.7052001953125
26.033333333333335 402.6695861816406 1156.514892578125
26.1 290.7660827636719 1132.35107421875
26.133333333333333 296.63861083984375 1130.887939453125
26.2 282.273681640625 1147.6602783203125
26.3 288.6734924316406 1151.0076904296875
26.333333333333332 289.1737365722656 1155.8441162109375
26.333333333333332 270.5831604003906 1172.1881103515625
26.4 284.9163513183594 1163.55322265625
26.433333333333334 412.94244384765625 1176.8536376953125
26.466666666666665 399.186767578125 1193.688720703125
26.566666666666666 278.33746337890625 1168.548828125
26.6 404.364990234375 1179.0975341796875
26.666666666666668 398.619873046875 1188.867919921875
26.833333333333332 412.365478515625 1163.8486328125
26.866666666666667 279.65264892578125 1161.5694580078125
26.9 290.47186279296875 1148.9022216796875
26.933333333333334 290.47186279296875 1148.9022216796875
27.033333333333335 406.65667724609375 1173.5538330078125
27.1 285.07098388671875 1155.2255859375
27.2 414.0796203613281 1169.9736328125
27.233333333333334 423.7440490722656 1160.8968505859375
27.233333333333334 410.6568908691406 1174.15673828125
27.266666666666666 424.3045349121094 1157.47705078125
27.333333333333332 423.1828918457031 1164.3206787109375
27.733333333333334 433.9419860839844 1156.616455078125
27.833333333333332 432.77593994140625 1147.1236572265625
27.933333333333334 412.9336853027344 1160.420654296875
28.1 399.2490234375 1152.480224609375
28.133333333333333 415.7569580078125 1135.19873046875
28.466666666666665 379.1892395019531 1157.6348876953125
28.5 379.1892395019531 1157.6348876953125
28.533333333333335 379.1892395019531 1157.6348876953125
28.633333333333333 395.2684326171875 1143.685302734375
28.633333333333333 384.37860107421875 1151.3800048828125
28.666666666666668 394.7079772949219 1138.9298095703125
28.7 395.84613037109375 1140.2718505859375
28.7 382.650634765625 1153.4627685546875
28.733333333333334 396.98443603515625 1141.6141357421875
29.333333333333332 414.0508728027344 1129.130859375
29.366666666666667 415.1856384277344 1130.4671630859375
29.4 415.7569580078125 1135.19873046875
29.433333333333334 411.78472900390625 1134.5833740234375
29.466666666666665 412.3544616699219 1139.3226318359375
29.5 408.9447937011719 1143.4552001953125
29.7 421.9813537597656 1130.3642578125
29.8 424.7890319824219 1121.5465087890625
29.8 398.6855773925781 1147.71533203125
29.833333333333332 424.7890319824219 1121.5465087890625
30.033333333333335 390.6453552246094 1162.90087890625
30.133333333333333 409.5138854980469 1156.38818359375
30.2 405.52325439453125 1155.779296875
30.333333333333332 386.54925537109375 1187.0693359375
30.5 407.80157470703125 1166.675537109375
30.5 395.7630310058594 1181.3477783203125
30.533333333333335 395.7630310058594 1181.3477783203125
30.633333333333333 393.4532775878906 1186.914306640625
30.9 390.576171875 1187.6693115234375
31.2 387.10906982421875 1191.89501953125
31.366666666666667 405.51385498046875 1172.205078125
31.633333333333333 405.51385498046875 1172.205078125
31.7 392.8902587890625 1182.0992431640625
31.733333333333334 379.040283203125 1190.6966552734375
31.8 382.5189208984375 1186.46875
31.866666666666667 394.0359191894531 1183.4527587890625
31.9 388.8435363769531 1189.781005859375
32.0 383.6979064941406 1179.541015625
32.03333333333333 396.3755798339844 1161.4205322265625
32.03333333333333 383.1410827636719 1174.72998046875
32.1 263.8382263183594 1155.6092529296875
32.2 266.8089294433594 1154.861083984375
32.36666666666667 393.5118103027344 1162.160400390625
32.46666666666667 388.308837890625 1176.68701171875
32.6 380.8508605957031 1172.02392578125
32.63333333333333 394.67205810546875 1155.2955322265625
32.7 258.5589599609375 1153.6195068359375
32.733333333333334 380.260498046875 1175.478759765625
32.733333333333334 269.9502868652344 1145.7935791015625
33.0 384.2863464355469 1176.0831298828125
33.233333333333334 392.3488464355469 1169.041259765625
33.266666666666666 392.3488464355469 1169.041259765625
33.3 406.0952453613281 1152.357177734375
33.43333333333333 407.23468017578125 1153.70068359375
33.46666666666667 403.2435302734375 1153.0906982421875
33.86666666666667 404.9505615234375 1159.2054443359375
34.36666666666667 378.5232238769531 1177.5828857421875
34.53333333333333 377.9308166503906 1181.044921875
34.93333333333333 385.4317932128906 1177.4365234375
35.0 382.5519714355469 1178.186767578125
35.06666666666667 387.163818359375 1175.3343505859375
35.06666666666667 245.54428100585938 1176.8955078125
35.13333333333333 259.52496337890625 1163.34228515625
35.166666666666664 263.1708679199219 1159.09716796875
35.333333333333336 368.5596618652344 1203.4346923828125
35.36666666666667 368.5596618652344 1203.4346923828125
35.36666666666667 248.53993225097656 1176.133056640625
35.43333333333333 239.33108520507812 1186.8555908203125
35.53333333333333 239.33108520507812 1186.8555908203125
35.63333333333333 372.0606689453125 1199.1795654296875
35.666666666666664 246.02088928222656 1181.79345703125
35.8 247.17955017089844 1183.1719970703125
35.86666666666667 363.84234619140625 1214.7054443359375
35.86666666666667 239.80467224121094 1191.77099609375
35.96666666666667 384.8137512207031 1189.1815185546875
35.96666666666667 237.95594787597656 1193.926513671875
36.0 387.10906982421875 1191.89501953125
36.06666666666667 255.67919921875 1175.985595703125
36.06666666666667 245.3388214111328 1185.3182373046875
36.233333333333334 272.74176025390625 1153.3670654296875
36.4 428.7650451660156 1130.261474609375
36.46666666666667 428.1868591308594 1125.54443359375
36.9 428.7414855957031 1122.1650390625
37.93333333333333 406.67315673828125 1132.629150390625
37.96666666666667 408.3778381347656 1130.5701904296875
38.1 430.4015808105469 1112.0506591796875
38.1 411.7817687988281 1126.4588623046875
38.13333333333333 429.2713317871094 1110.7216796875
38.166666666666664 429.2713317871094 1110.7216796875
38.266666666666666 421.9660339355469 1122.260498046875
38.3 421.9660339355469 1122.260498046875
38.46666666666667 433.763427734375 1107.9815673828125
38.5 432.66241455078125 1114.7088623046875
38.666666666666664 446.05975341796875 1098.470947265625
38.666666666666664 430.9798278808594 1116.748291015625
38.766666666666666 429.2955017089844 1118.7896728515625
38.8 429.2955017089844 1118.7896728515625
38.93333333333333 443.3052062988281 1107.1951904296875
39.1 450.51727294921875 1095.7540283203125
39.333333333333336 457.8075866699219 1100.342041015625
39.56666666666667 461.654052734375 1092.973388671875
39.6 459.4662170410156 1098.3233642578125
40.8 465.75921630859375 1117.622314453125
40.833333333333336 450.76690673828125 1135.996337890625
41.06666666666667 453.51824951171875 1127.1943359375
41.13333333333333 449.5856628417969 1126.579345703125
41.266666666666666 418.0283203125 1137.8739013671875
41.46666666666667 390.1565856933594 1133.5631103515625
41.53333333333333 373.5653381347656 1134.501220703125
41.7 338.4867858886719 1130.26171875
41.86666666666667 262.566650390625 1132.778076171875
41.9 271.1269836425781 1117.513916015625
42.0 254.71986389160156 1114.980224609375
42.03333333333333 252.42706298828125 1112.2608642578125
42.166666666666664 231.39501953125 1125.6357421875
42.2 203.43344116210938 1144.12109375
42.266666666666666 214.3314208984375 1139.7645263671875
42.333333333333336 203.43344116210938 1144.12109375
42.43333333333333 195.34495544433594 1134.4921875
42.43333333333333 185.98655700683594 1145.107666015625
42.46666666666667 199.0741424560547 1130.2620849609375
42.46666666666667 185.54830932617188 1140.2232666015625
42.5 186.98440551757812 1133.2257080078125
42.6 175.86622619628906 1124.3343505859375
42.833333333333336 159.50259399414062 1126.6546630859375
42.9 157.60928344726562 1128.77587890625
42.93333333333333 151.91696166992188 1135.153564453125
43.0 140.47634887695312 1147.9716796875
43.06666666666667 160.769287109375 1141.3187255859375
43.1 148.19773864746094 1152.7666015625
43.233333333333334 166.2606964111328 1156.668701171875
43.266666666666666 168.15493774414062 1154.52587890625
43.3 170.4767608642578 1157.2958984375
43.333333333333336 172.7991180419922 1160.0665283203125
43.46666666666667 173.500244140625 1191.85107421875
43.86666666666667 267.839111328125 1247.0218505859375
43.93333333333333 293.9234619140625 1221.456787109375
43.96666666666667 278.51275634765625 1220.4527587890625
44.233333333333334 358.19183349609375 1043.1890869140625
44.266666666666666 358.2536926269531 1035.23046875
44.3 362.8622131347656 1024.6429443359375
44.36666666666667 363.4507141113281 1021.3446655273438
44.6 374.1687927246094 1021.993408203125
44.63333333333333 378.68701171875 1019.3579711914062
44.766666666666666 381.5356750488281 1010.8230590820312
45.0 362.9182434082031 1016.7337646484375
45.03333333333333 362.9182434082031 1016.7337646484375
45.13333333333333 357.2559814453125 1018.0532836914062
45.166666666666664 342.9737243652344 1029.3037109375
45.266666666666666 362.386474609375 1012.1287231445312
45.266666666666666 342.9737243652344 1029.3037109375
45.46666666666667 370.9017333984375 1002.29541015625
45.53333333333333 355.01434326171875 1015.41845703125
45.56666666666667 358.43841552734375 1011.4698486328125
45.63333333333333 366.9674377441406 1001.6342163085938
45.8 370.3666687011719 997.7142333984375
45.9 366.9674377441406 1001.6342163085938
46.03333333333333 375.4522705078125 991.8494873046875
46.3 350.674072265625 994.3953857421875
46.43333333333333 347.3220520019531 990.4580078125
46.46666666666667 355.2752685546875 983.951904296875
46.5 356.45416259765625 977.4397583007812
46.53333333333333 349.6284484863281 985.2356567382812
46.56666666666667 362.08294677734375 976.1658325195312
46.833333333333336 396.7617492675781 962.12646484375
46.96666666666667 397.30853271484375 966.6449584960938
47.03333333333333 405.076416015625 967.9830322265625
47.03333333333333 388.3689880371094 979.5382080078125
47.13333333333333 389.4805908203125 980.8407592773438
47.3 410.06268310546875 962.217041015625
47.333333333333336 403.4109191894531 969.9089965820312
47.36666666666667 406.1883239746094 961.5469360351562
47.36666666666667 394.510986328125 975.03173828125
47.4 397.85595703125 971.1690063476562
47.63333333333333 407.2976989746094 955.1254272460938
47.666666666666664 398.9776611328125 964.7200927734375
47.733333333333334 409.50909423828125 950.0098876953125
47.733333333333334 400.64508056640625 962.7972412109375
47.833333333333336 393.4198303222656 965.97509765625
47.86666666666667 409.50909423828125 950.0098876953125
47.9 410.61376953125 951.3013916015625
48.266666666666666 408.9565734863281 953.21240234375
48.3 405.6371154785156 957.0404663085938
48.4 393.4198303222656 965.97509765625
48.43333333333333 403.4250183105469 954.4530029296875
48.46666666666667 403.4250183105469 954.4530029296875
48.5 407.2976989746094 955.1254272460938
48.56666666666667 395.0916442871094 964.0498046875
48.63333333333333 395.0916442871094 964.0498046875
48.666666666666664 395.0916442871094 964.0498046875
48.7 395.0916442871094 964.0498046875
48.733333333333334 395.0916442871094 964.0498046875
48.766666666666666 395.0916442871094 964.0498046875
48.9 406.19207763671875 953.8323974609375
49.03333333333333 384.49407958984375 971.09375
49.06666666666667 384.49407958984375 971.09375
49.1 386.17376708984375 969.162109375
49.266666666666666 387.85174560546875 967.2323608398438
49.3 387.85174560546875 967.2323608398438
49.333333333333336 378.9068298339844 972.3582763671875
49.5 396.2156677246094 957.6136474609375
49.5 374.9978332519531 971.6885375976562
49.53333333333333 383.9540100097656 966.5618896484375
49.63333333333333 387.31011962890625 962.70751953125
49.86666666666667 380.0531005859375 965.8908081054688
49.9 381.7347412109375 963.9622192382812
49.9 372.7751770019531 969.083251953125
50.0 374.46295166015625 967.1502075195312
50.06666666666667 376.1490173339844 965.2191772460938
50.1 377.8333435058594 963.2901611328125
50.13333333333333 368.86248779296875 968.4119873046875
50.2 384.55328369140625 955.5938720703125
50.233333333333334 387.90289306640625 951.7576293945312
50.333333333333336 370.0210266113281 961.9443969726562
50.36666666666667 362.72344970703125 965.1334228515625
50.4 373.3952331542969 958.090576171875
50.56666666666667 358.8038635253906 964.4600219726562
50.6 372.86236572265625 953.5691528320312
50.7 376.2281188964844 949.7302856445312
50.733333333333334 374.01312255859375 947.1365356445312
50.86666666666667 361.6690673828125 956.065185546875
50.93333333333333 366.7416687011719 950.2953491210938
51.03333333333333 368.4290771484375 948.3760375976562
51.46666666666667 371.79864501953125 944.5433349609375
51.833333333333336 369.5846252441406 941.95068359375
51.833333333333336 362.8346862792969 949.6177978515625
51.93333333333333 345.91351318359375 961.1315307617188
52.1 363.3616638183594 954.139892578125
52.13333333333333 362.252197265625 952.8396606445312
52.166666666666664 363.3616638183594 954.139892578125
52.166666666666664 350.955078125 963.1116943359375
52.2 350.955078125 963.1116943359375
52.333333333333336 347.5450744628906 966.9850463867188
52.36666666666667 347.5450744628906 966.9850463867188
52.4 362.252197265625 952.8396606445312
52.56666666666667 356.0568542480469 957.316650390625
52.6 356.0568542480469 957.316650390625
52.733333333333334 345.8374328613281 968.9247436523438
52.9 347.02587890625 962.4366455078125
52.9 338.4739074707031 972.1373291015625
53.13333333333333 353.83563232421875 954.712158203125
53.266666666666666 348.73095703125 960.5025024414062
53.46666666666667 357.22998046875 950.8618774414062
53.53333333333333 356.7066650390625 946.3404541015625
53.56666666666667 358.4004211425781 944.4218139648438
53.666666666666664 342.5771179199219 957.2169189453125
53.7 344.2841491699219 955.2859497070312
53.733333333333334 344.2841491699219 955.2859497070312
53.766666666666666 344.2841491699219 955.2859497070312
54.03333333333333 358.92449951171875 948.939697265625
54.06666666666667 358.92449951171875 948.939697265625
54.1 357.22998046875 950.8618774414062
54.13333333333333 368.477783203125 940.654541015625
54.13333333333333 357.22998046875 950.8618774414062
54.166666666666664 355.53369140625 952.7860107421875
54.266666666666666 352.1358337402344 956.6402587890625
54.3 360.03363037109375 950.2395629882812
54.36666666666667 354.9461975097656 956.0143432617188
54.43333333333333 365.6331787109375 948.9966430664062
54.46666666666667 366.7416687011719 950.2953491210938
54.56666666666667 352.6574401855469 961.177978515625
54.6 367.321044921875 947.0780639648438
54.6 352.6574401855469 961.177978515625
54.63333333333333 350.955078125 963.1116943359375
54.733333333333334 370.6454772949219 950.9723510742188
54.96666666666667 364.4712829589844 955.4403076171875
55.06666666666667 353.1796875 965.7213745117188
55.1 362.1959228515625 960.596435546875
55.13333333333333 355.9930725097656 965.0903930664062
55.166666666666664 371.1769104003906 955.4915771484375
55.166666666666664 358.8038635253906 964.4600219726562
55.2 369.4897155761719 957.4159545898438
55.233333333333334 366.6907958984375 958.04150390625
55.333333333333336 366.1100769042969 961.2706909179688
55.36666666666667 364.4176330566406 963.2010498046875
55.4 362.72344970703125 965.1334228515625
55.56666666666667 353.1796875 965.7213745117188
55.833333333333336 343.2518615722656 946.2218017578125
55.9 317.9247131347656 944.0548095703125
55.9 303.7183532714844 947.1720581054688
56.03333333333333 288.66827392578125 870.4970092773438
56.06666666666667 269.7829284667969 856.157470703125
56.166666666666664 200.5545196533203 794.4930419921875
56.233333333333334 211.41726684570312 756.7339477539062
56.266666666666666 171.65890502929688 756.6787719726562
56.3 176.19293212890625 711.6395874023438
56.333333333333336 183.24136352539062 704.54833984375
56.333333333333336 161.6945037841797 690.8257446289062
56.4 141.1316375732422 666.7539672851562
56.46666666666667 105.86308288574219 595.0048828125
56.63333333333333 39.59667205810547 517.5301513671875
56.7 47.6756477355957 496.8872985839844
56.7 20.133655548095703 491.0036315917969
56.733333333333334 13.45882797241211 479.4352722167969
57.0 -34.729801177978516 415.6136169433594
57.06666666666667 -55.03418731689453 403.1358642578125
57.266666666666666 -60.240108489990234 367.15771484375
58.13333333333333 108.17324829101562 349.9614562988281
58.2 107.1487045288086 359.2999572753906
58.7 -2.571776866912842 404.7870788574219
58.766666666666666 -41.57964324951172 415.1080627441406
58.833333333333336 -48.70956039428711 425.59051513671875
58.86666666666667 -106.9947738647461 441.30499267578125
59.53333333333333 -332.9864501953125 626.0336303710938
59.6 -339.8634338378906 609.0574951171875
59.666666666666664 -335.7874450683594 596.5010986328125
61.233333333333334 -169.0430450439453 490.142578125
62.13333333333333 -95.50248718261719 382.173583984375
62.46666666666667 -85.42923736572266 386.4091491699219
62.666666666666664 -42.66022491455078 369.1253967285156
62.7 -35.85812759399414 369.6658935546875
62.8 21.707544326782227 345.55145263671875
63.13333333333333 41.15443420410156 328.7872619628906
63.3 83.75755310058594 335.7373962402344
63.43333333333333 104.73870086669922 352.9989013671875
63.46666666666667 101.29747009277344 356.04229736328125
63.53333333333333 127.02505493164062 354.294921875
63.6 132.84649658203125 357.54052734375
63.7 167.10989379882812 352.12939453125
63.733333333333334 171.47933959960938 350.30181884765625
63.8 163.75912475585938 355.1451110839844
63.8 147.86288452148438 360.9894104003906
63.86666666666667 165.16310119628906 360.2121887207031
63.9 167.48809814453125 356.00518798828125
64.0 170.56805419921875 359.55908203125
64.06666666666666 174.93753051757812 357.7233581542969
64.1 166.83969116210938 358.7002258300781
64.1 153.6679229736328 364.2272644042969
64.26666666666667 174.03128051757812 366.9996643066406
64.3 153.00999450683594 366.935546875
64.33333333333333 152.63880920410156 363.0385437011719
64.4 145.8047637939453 358.61181640625
64.46666666666667 159.00045776367188 353.09918212890625
64.46666666666667 139.63291931152344 351.48187255859375
64.53333333333333 147.41986083984375 346.63201904296875
64.53333333333333 144.3399658203125 343.07611083984375
64.53333333333333 135.15977478027344 342.8491516113281
64.53333333333333 125.28369140625 345.31927490234375
64.56666666666666 138.90708923339844 343.71563720703125
64.56666666666666 118.7885971069336 344.7728271484375
64.6 133.41371154785156 333.914306640625
64.6 134.79954528808594 338.97186279296875
64.63333333333334 113.99309539794922 342.71405029296875
64.7 98.21775817871094 331.4505920410156
64.76666666666667 93.07499694824219 325.5024719238281
64.8 108.49372100830078 322.44189453125
64.83333333333333 95.483642578125 321.31231689453125
64.86666666666666 70.04096984863281 316.3489990234375
64.9 74.85984802246094 318.4203186035156
64.9 62.451934814453125 314.5854187011719
65.0 47.645904541015625 304.4742126464844
65.1 37.248287200927734 303.0039978027344
65.13333333333334 16.671728134155273 303.94677734375
65.26666666666667 3.8411035537719727 296.17791748046875
65.3 9.742255210876465 299.4649658203125
65.3 -5.062697410583496 303.6949157714844
65.5 -79.35920715332031 293.24658203125
65.56666666666666 -98.15946960449219 285.9859313964844
65.73333333333333 -95.27416229248047 252.8720245361328
65.8 -97.7973861694336 242.69189453125
66.03333333333333 -145.07455444335938 264.4148254394531
66.06666666666666 -137.79315185546875 272.914306640625
66.1 -152.20399475097656 278.3572082519531
66.13333333333334 -144.6701202392578 272.2936706542969
66.23333333333333 -121.7786865234375 280.5177001953125
66.23333333333333 -130.50648498535156 281.4199523925781
66.33333333333333 -132.3717803955078 301.5290832519531
66.6 -96.08915710449219 389.0538024902344
66.66666666666667 -64.52263641357422 392.0442810058594
67.03333333333333 -42.11223602294922 406.9880065917969
67.13333333333334 -39.23321533203125 391.6826477050781
67.16666666666667 -37.66598892211914 386.0748596191406
67.26666666666667 -50.52220153808594 367.36053466796875
67.3 -41.8868522644043 351.579345703125
67.36666666666666 -26.339418411254883 325.83056640625
67.36666666666666 -41.381256103515625 330.1724853515625
67.4 -14.97341537475586 324.55841064453125
67.4 -47.3681640625 326.8547058105469
67.46666666666667 -53.6145133972168 319.57940673828125
67.5 -35.18244552612305 308.2928161621094
67.63333333333334 -72.39154052734375 312.3508605957031
67.66666666666667 -103.98527526855469 319.799560546875
67.7 -122.53091430664062 320.4947814941406
67.76666666666667 -112.12199401855469 314.0146484375
67.76666666666667 -109.80770874023438 320.4381103515625
67.83333333333333 -118.7797622680664 317.4099426269531
67.83333333333333 -129.43289184570312 319.9107666015625
67.86666666666666 -112.12199401855469 314.0146484375
67.96666666666667 -107.9407730102539 318.89764404296875
68.03333333333333 -101.8944320678711 322.2409362792969
68.1 -72.4530029296875 326.989501953125
68.23333333333333 -79.5932388305664 337.1414489746094
68.4 -52.84559631347656 331.4603576660156
68.43333333333334 -47.10835266113281 330.81585693359375
68.46666666666667 -135.7093963623047 256.897705078125
68.56666666666666 -49.98458480834961 345.8198547363281
68.76666666666667 -15.72794246673584 382.07110595703125
68.76666666666667 -43.696434020996094 397.65777587890625
68.86666666666666 -16.566919326782227 425.60772705078125
69.03333333333333 -17.48615837097168 454.56121826171875
69.1 -29.609262466430664 463.0796813964844
69.1 -103.70885467529297 376.34967041015625
69.16666666666667 -19.823802947998047 463.1601867675781
69.2 -19.823802947998047 463.1601867675781
69.23333333333333 -101.59928131103516 378.8188171386719
69.23333333333333 -117.1362075805664 383.3914794921875
69.33333333333333 10.439743995666504 464.6376647949219
69.43333333333334 30.529800415039062 461.94158935546875
69.43333333333334 12.558211326599121 467.11248779296875
69.46666666666667 18.309795379638672 466.3381652832031
69.46666666666667 -76.66983032226562 385.35614013671875
69.56666666666666 32.207855224609375 471.35418701171875
69.6 -49.22052001953125 387.4735107421875
69.63333333333334 -41.33587646484375 389.22784423828125
69.66666666666667 -14.118589401245117 391.323486328125
69.73333333333333 80.82427215576172 479.84564208984375
69.73333333333333 67.3187026977539 489.98907470703125
69.76666666666667 79.38926696777344 485.5499267578125
69.83333333333333 18.153226852416992 399.50311279296875
69.96666666666667 113.91297912597656 499.9950866699219
70.0 25.048097610473633 414.87152099609375
70.03333333333333 44.58143615722656 408.3443298339844
70.06666666666666 29.24692153930664 419.76275634765625
70.1 122.36160278320312 509.8293151855469
70.1 31.34698486328125 422.2091369628906
70.16666666666667 120.9735107421875 515.5615844726562
70.2 120.9735107421875 515.5615844726562
70.2 41.961326599121094 423.5625915527344
70.23333333333333 126.58854675292969 514.74951171875
70.23333333333333 34.497901916503906 425.8796691894531
70.26666666666667 50.45252227783203 422.4720764160156
70.33333333333333 34.18809127807617 421.845458984375
70.36666666666666 132.51173400878906 506.9910888671875
70.43333333333334 36.40504837036133 413.4322204589844
70.46666666666667 141.13223266601562 487.9044494628906
70.46666666666667 123.34832763671875 489.0337829589844
70.5 119.85829162597656 492.27154541015625
70.6 105.4605941772461 457.3265380859375
70.7 60.942405700683594 434.6804504394531
70.76666666666667 64.22821807861328 416.6496887207031
70.76666666666667 44.58143615722656 408.3443298339844
70.83333333333333 54.9849853515625 384.2090148925781
71.03333333333333 -42.684959411621094 325.0034484863281
71.1 -51.52037048339844 307.4301452636719
71.2 -76.41416931152344 278.4537048339844
71.23333333333333 -80.7958984375 269.72216796875
71.8 -27.86270523071289 248.74595642089844
72.06666666666666 5.378523826599121 266.07708740234375
72.23333333333333 -1.8822838068008423 282.42584228515625
72.56666666666666 51.360084533691406 315.8246154785156
72.9 25.063608169555664 303.02984619140625
73.33333333333333 45.996612548828125 295.5332336425781
73.36666666666666 55.3316650390625 295.82049560546875
73.6 100.98778533935547 268.9988708496094
73.93333333333334 129.3150634765625 250.75054931640625
74.06666666666666 121.27922821044922 261.7597351074219
74.2 132.80528259277344 278.4275817871094
74.6 166.14219665527344 323.6380920410156
74.66666666666667 171.77651977539062 316.5316467285156
74.9 128.9110870361328 314.9288635253906
75.2 53.99079895019531 290.76995849609375
75.53333333333333 49.26508712768555 278.3177795410156
75.6 59.27318572998047 275.9677429199219
76.06666666666666 112.88304901123047 289.5674133300781
76.5 160.29315185546875 310.0944519042969
77.56666666666666 86.48760223388672 345.93463134765625
77.6 40.62995147705078 346.0053405761719
77.63333333333334 33.9874267578125 345.4529724121094
77.7 20.66938591003418 344.345458984375
77.83333333333333 -20.531911849975586 354.4525146484375
77.86666666666666 -33.7921142578125 357.3367004394531
79.66666666666667 -9.755326271057129 291.0963439941406
81.33333333333333 36.86592483520508 274.4502258300781
81.76666666666667 114.88526153564453 271.3748779296875
82.0 139.20619201660156 279.0204772949219
83.36666666666666 19.90186309814453 272.3421936035156
83.76666666666667 -25.223468780517578 273.1410827636719
84.93333333333334 -126.95596313476562 292.97772216796875
85.0 -108.46832275390625 292.3569030761719
85.83333333333333 -58.758121490478516 284.4901428222656
87.83333333333333 -111.36931610107422 292.66265869140625
87.9 -108.24440002441406 296.3086242675781
88.4 -127.99884033203125 291.7599792480469
88.43333333333334 -127.99884033203125 291.7599792480469
88.46666666666667 -127.99884033203125 291.7599792480469
89.0 -115.19857025146484 329.0646057128906
89.73333333333333 -59.60480499267578 316.2586364746094
89.83333333333333 -58.029754638671875 310.7845458984375
90.06666666666666 -9.476099014282227 294.99334716796875
90.23333333333333 -25.44512176513672 283.6063537597656
90.56666666666666 7.719252109527588 272.3161315917969
90.6 13.302360534667969 271.7344665527344
90.73333333333333 44.55232620239258 265.89971923828125
90.8 46.28953552246094 264.4311218261719
90.9 62.7993049621582 262.7210388183594
90.93333333333334 80.24269104003906 262.1957702636719
90.96666666666667 92.84638214111328 259.60882568359375
91.0 78.89810180664062 257.2115783691406
91.23333333333333 125.65345001220703 260.0292053222656
91.3 105.73863983154297 271.0609130859375
91.46666666666667 116.94266510009766 283.9814453125
91.63333333333334 128.11727905273438 286.62744140625
91.66666666666667 132.54818725585938 295.1453857421875
91.76666666666667 99.60043334960938 315.63592529296875
91.8 121.46146392822266 323.5677795410156
91.8 99.25371551513672 322.18878173828125
91.86666666666666 133.05494689941406 330.04693603515625
92.2 164.78587341308594 356.33001708984375
92.23333333333333 136.96725463867188 362.30377197265625
92.26666666666667 163.86178588867188 365.6151123046875
92.3 159.46971130371094 367.4632873535156
92.33333333333333 170.30149841308594 366.14300537109375
92.33333333333333 147.93875122070312 371.5027770996094
92.4 164.89028930664062 366.8025817871094
92.56666666666666 148.89210510253906 362.17840576171875
92.6 140.36044311523438 359.26629638671875
93.33333333333333 64.70936584472656 285.7292175292969
93.86666666666666 79.38642883300781 220.27369689941406
94.4 24.813474655151367 215.39212036132812
94.46666666666667 28.582382202148438 216.30230712890625
94.86666666666666 -31.24160385131836 227.16612243652344
95.1 -106.4694595336914 276.2995300292969
95.2 -127.99884033203125 291.7599792480469
95.66666666666667 -196.82925415039062 343.552734375
96.1 -261.5731506347656 376.98345947265625
96.93333333333334 -137.4398956298828 432.6853942871094
97.03333333333333 -97.04015350341797 441.4145202636719
97.23333333333333 -13.73706340789795 466.4978942871094
97.23333333333333 -18.76214599609375 464.4022216796875
97.26666666666667 -61.83229446411133 372.7449645996094
97.26666666666667 -3.987729549407959 466.5738525390625
97.3 7.856343746185303 469.1269836425781
97.33333333333333 -69.54064178466797 389.9332580566406
97.36666666666666 34.01255798339844 469.7310485839844
97.36666666666666 -62.66860580444336 390.4599609375
97.4 37.81504440307617 481.6342468261719
97.43333333333334 44.91514587402344 486.1872253417969
97.7 136.16299438476562 536.9308471679688
97.76666666666667 136.16299438476562 536.9308471679688
97.76666666666667 115.41165161132812 549.797119140625
97.8 117.87728118896484 545.2308349609375
97.83333333333333 124.54889678955078 534.474853515625
97.83333333333333 36.364585876464844 450.1869201660156
97.9 126.58854675292969 514.74951171875
98.0 131.3103790283203 472.874267578125
98.0 120.52098846435547 478.466064453125
98.03333333333333 115.26524353027344 472.3559265136719
98.13333333333334 101.96451568603516 449.6367492675781
98.16666666666667 110.33016967773438 437.68243408203125
98.3 91.54889678955078 405.10247802734375
98.36666666666666 80.05548858642578 402.52923583984375
98.36666666666666 67.81935119628906 402.7257080078125
98.63333333333334 74.23442077636719 377.85235595703125
98.66666666666667 42.0755729675293 376.42218017578125
98.76666666666667 63.85173034667969 365.8057556152344
98.8 56.909114837646484 361.3227844238281
98.8 22.465871810913086 368.0907287597656
98.93333333333334 29.889476776123047 365.8705139160156
99.36666666666666 85.02726745605469 372.550537109375
99.53333333333333 135.5751953125 357.213623046875
99.73333333333333 175.19839477539062 351.162109375
99.73333333333333 161.7059326171875 352.775634765625
99.96666666666667 186.86837768554688 368.05108642578125
100.13333333333334 209.1220245361328 373.1665344238281
100.76666666666667 196.5872344970703 365.552734375
100.76666666666667 193.66436767578125 372.4571533203125
100.83333333333333 204.22381591796875 360.7039489746094
100.83333333333333 180.0692596435547 363.6430358886719
100.9 176.9899139404297 360.09088134765625
101.03333333333333 164.95394897460938 339.34820556640625
101.1 158.1609344482422 334.9407653808594
101.13333333333334 166.14219665527344 323.6380920410156
101.26666666666667 165.01702880859375 312.1397399902344
101.3 162.97854614257812 309.79168701171875
101.33333333333333 169.626220703125 303.896728515625
101.6 166.5740966796875 300.38311767578125
103.23333333333333 138.3074951171875 298.3736877441406
103.73333333333333 132.192138671875 291.32452392578125
104.03333333333333 127.49249267578125 299.56866455078125
105.63333333333334 83.36759185791016 245.26255798339844
106.06666666666666 121.62777709960938 265.5507507324219
106.93333333333334 25.36255645751953 306.9226379394531
108.66666666666667 -78.47125244140625 323.65838623046875
110.46666666666667 -75.62003326416016 275.7459716796875
110.83333333333333 -68.31782531738281 269.7529602050781
110.83333333333333 -78.72586822509766 272.1313171386719
110.86666666666666 -78.72586822509766 272.1313171386719
113.46666666666667 -101.50389099121094 278.4217529296875
116.7 -34.942771911621094 297.7292175292969
116.83333333333333 -26.656150817871094 307.3629455566406
118.03333333333333 32.1012077331543 297.0401611328125
118.26666666666667 -2.3466227054595947 288.99853515625
119.06666666666666 14.329068183898926 272.9239196777344
119.3 11.539032936096191 273.21514892578125
119.36666666666666 11.539032936096191 273.21514892578125
121.26666666666667 21.055200576782227 238.72689819335938
121.36666666666666 4.12089729309082 236.5546112060547
121.43333333333334 14.934479713439941 231.64869689941406
121.9 32.5272216796875 231.20132446289062
121.9 1.0564801692962646 233.00819396972656
123.1 90.76937866210938 277.7839660644531
123.1 56.8333740234375 280.1019287109375
123.13333333333334 54.38859176635742 284.2445068359375
124.4 -68.1230697631836 288.10455322265625
127.73333333333333 6.1183271408081055 263.4117126464844
128.0 -11.423789024353027 267.8106689453125
128.26666666666668 -18.281864166259766 277.6316223144531
128.43333333333334 18.143184661865234 273.82196044921875
128.46666666666667 -17.251277923583984 278.8277282714844
128.5 -16.495420455932617 276.1415710449219
129.6 15.940715789794922 281.8436279296875
130.36666666666667 40.66041946411133 275.3450927734375
131.43333333333334 -1.5219088792800903 261.6069641113281
133.1 -49.94059753417969 273.09130859375
133.3 -18.346187591552734 263.3292541503906
134.36666666666667 38.611148834228516 272.9738464355469
134.73333333333332 57.22714614868164 273.6023254394531
135.26666666666668 40.445701599121094 296.1352233886719
135.33333333333334 75.00546264648438 287.21038818359375
135.36666666666667 46.71402359008789 292.8543701171875
135.53333333333333 78.40369415283203 294.609130859375
135.9 70.85675811767578 292.83721923828125
135.96666666666667 69.12932586669922 294.32135009765625
136.0 36.63813781738281 295.2452697753906
136.03333333333333 59.83176040649414 294.0328674316406
136.23333333333332 57.85746765136719 281.2862243652344
136.7 8.170387268066406 265.7890319824219
136.73333333333332 31.44196319580078 264.67822265625
137.13333333333333 21.64286231994629 246.36505126953125
137.26666666666668 36.185020446777344 242.34381103515625
137.66666666666666 34.8643684387207 237.35760498046875
137.7 63.32084274291992 235.8089599609375
138.03333333333333 68.40225219726562 241.6722869873047
138.6 65.92510223388672 255.9835968017578
139.43333333333334 -22.783052444458008 308.2577819824219
139.76666666666668 -76.00032043457031 300.81695556640625
140.1 -95.85008239746094 292.3489990234375
140.56666666666666 -75.20360565185547 298.08746337890625
140.73333333333332 -25.937761306762695 290.203125
141.36666666666667 -44.261573791503906 272.50421142578125
141.4 -48.132144927978516 271.5980529785156
141.66666666666666 -38.08614730834961 265.3500061035156
141.7 -48.64541244506836 263.82421875
142.3 -67.77584838867188 263.16265869140625
142.3 -87.56867218017578 269.10400390625
142.33333333333334 -56.38677978515625 262.00592041015625
144.4 -43.48280334472656 284.1966552734375
144.53333333333333 -32.36998748779297 293.51202392578125
144.56666666666666 -42.96208190917969 292.0147399902344
144.63333333333333 -31.602571487426758 290.8059387207031
144.73333333333332 -29.534469604492188 293.2091369628906
146.03333333333333 -144.55303955078125 332.3200378417969
146.73333333333332 -132.36428833007812 320.2310791015625
146.73333333333332 -139.28346252441406 319.6460876464844
146.9 -151.05764770507812 320.93017578125
146.96666666666667 -147.26324462890625 317.8327941894531
147.5 -97.60120391845703 345.89117431640625
147.9 -11.100369453430176 325.44757080078125
148.23333333333332 21.393590927124023 316.5433349609375
148.33333333333334 11.197519302368164 318.99468994140625
148.36666666666667 29.489097595214844 311.7076110839844
148.43333333333334 28.75847816467285 314.4112854003906
148.56666666666666 31.978837966918945 307.50390625
148.76666666666668 33.43354415893555 302.11529541015625
148.8 12.837563514709473 303.0557556152344
148.86666666666667 29.314863204956055 297.34234619140625
148.86666666666667 15.053565979003906 294.96881103515625
148.86666666666667 11.805688858032227 301.85870361328125
149.0 -5.157712936401367 289.2982482910156
149.06666666666666 -13.882482528686523 286.3055725097656
149.2 -44.25709533691406 286.90069580078125
149.5 -69.40547943115234 282.9786071777344
149.53333333333333 -73.0623779296875 285.99200439453125
149.56666666666666 -84.0764389038086 295.0679626464844
149.6 -85.91846466064453 296.5858459472656
149.83333333333334 -107.20254516601562 297.524169921875
149.86666666666667 -114.87434387207031 299.6671447753906
149.93333333333334 -119.4349365234375 305.4742736816406
150.03333333333333 -105.11851501464844 299.9556884765625
150.06666666666666 -98.28129577636719 300.5526123046875
150.16666666666666 -104.89241027832031 303.9149475097656
150.26666666666668 -102.44686126708984 295.69403076171875
150.46666666666667 -125.88639831542969 312.83758544921875
150.53333333333333 -98.63389587402344 311.2181091308594
150.53333333333333 -116.30146789550781 309.1336669921875
150.53333333333333 -125.88639831542969 312.83758544921875
150.66666666666666 -116.30146789550781 309.1336669921875
150.7 -128.59849548339844 317.14251708984375
150.73333333333332 -128.59849548339844 317.14251708984375
150.8 -121.08940887451172 310.98388671875
150.86666666666667 -110.25521850585938 312.4784240722656
150.86666666666667 -137.6025848388672 314.1058044433594
151.16666666666666 -117.3460693359375 307.91375732421875
151.3 -152.95770263671875 322.481201171875
151.36666666666667 -126.28955078125 323.5857849121094
151.36666666666667 -130.26820373535156 322.6820983886719
151.4 -158.4730682373047 331.1653747558594
151.53333333333333 -148.35202026367188 335.43792724609375
151.53333333333333 -169.95440673828125 340.55023193359375
151.6 -158.07989501953125 339.2236022949219
151.66666666666666 -156.5662384033203 329.6067199707031
151.7 -144.55303955078125 332.3200378417969
151.76666666666668 -121.26624298095703 325.7135925292969
151.8 -130.0557098388672 326.6829528808594
151.86666666666667 -135.50941467285156 335.3548889160156
151.9 -105.39632415771484 329.31671142578125
151.9 -104.94204711914062 337.3127746582031
152.0 -118.68380737304688 355.0453186035156
152.0 -118.46353149414062 359.0800476074219
152.13333333333333 -86.05475616455078 359.3841247558594
152.16666666666666 -85.57612609863281 367.4337158203125
152.2 -42.92414093017578 365.119384765625
152.2 -42.66022491455078 369.1253967285156
152.2 -131.33741760253906 284.1536560058594
152.2 -149.7185516357422 288.71875
152.2 -158.52845764160156 289.6365966796875
152.23333333333332 -130.29550170898438 285.37005615234375
152.3 -18.934587478637695 363.6357116699219
152.3 -38.467384338378906 374.0165710449219
152.33333333333334 -3.6347856521606445 363.16912841796875
152.36666666666667 0.2518174648284912 364.0473327636719
152.43333333333334 -34.22871017456055 266.25640869140625
152.5 -17.79937744140625 271.0693664550781
152.56666666666666 78.10230255126953 368.07733154296875
152.6 -10.591033935546875 279.4328918457031
152.63333333333333 9.773991584777832 274.6972961425781
152.66666666666666 26.490575790405273 272.94891357421875
152.66666666666666 87.101318359375 374.95513916015625
152.7 116.77613067626953 363.4201354980469
152.73333333333332 99.91071319580078 372.07086181640625
152.83333333333334 54.24245834350586 259.7504577636719
152.86666666666667 132.43714904785156 343.1690673828125
152.93333333333334 117.73506927490234 333.1209411621094
152.96666666666667 122.16629791259766 331.3038330078125
152.96666666666667 117.03475952148438 325.3757019042969
153.0 134.69313049316406 318.163818359375
153.0 104.73189544677734 321.56658935546875
153.06666666666666 105.7544937133789 312.3443603515625
153.1 112.2226791381836 302.54931640625
153.16666666666666 76.02906799316406 288.3934020996094
153.2 50.91299819946289 287.20855712890625
153.3 27.81515884399414 277.9927978515625
153.33333333333334 0.07087332010269165 270.5160217285156
153.5 -110.77281951904297 285.98291015625
153.53333333333333 -84.78829956054688 283.27044677734375
153.56666666666666 -152.45404052734375 292.9958190917969
153.6 -139.6829376220703 292.98675537109375
153.73333333333332 -189.63133239746094 302.25244140625
153.86666666666667 -272.19873046875 301.47930908203125
153.96666666666667 -286.7494201660156 292.1575927734375
154.1 -269.0265808105469 305.21160888671875
154.23333333333332 -205.83627319335938 344.55902099609375
154.53333333333333 -89.98867797851562 392.4084777832031
154.53333333333333 -85.52253723144531 401.42352294921875
154.86666666666667 53.30692672729492 375.0626220703125
154.93333333333334 63.45989227294922 372.5020446777344
155.1 64.95584106445312 356.3905029296875
155.16666666666666 66.3798599243164 350.93109130859375
155.3 34.22627258300781 324.30841064453125
155.36666666666667 20.063636779785156 311.4385986328125
155.53333333333333 15.790643692016602 292.2789306640625
155.7 -24.412883758544922 284.80511474609375
155.86666666666667 -45.2956428527832 256.978759765625
156.1 -82.61125183105469 224.36697387695312
156.13333333333333 -50.67606735229492 218.7516326904297
156.2 -82.05603790283203 217.86300659179688
156.23333333333332 -85.92723846435547 216.93902587890625
156.33333333333334 -95.96033477783203 208.85968017578125
156.56666666666666 -79.37479400634766 199.62594604492188
156.8 -127.25919342041016 215.64712524414062
156.86666666666667 -130.96240234375 218.58572387695312
157.0 -114.2951431274414 223.49737548828125
159.76666666666668 -208.7913360595703 249.59571838378906
159.83333333333334 -176.3426513671875 246.4364471435547
160.03333333333333 -138.82211303710938 253.26712036132812
160.03333333333333 -171.8107147216797 259.1712646484375
160.13333333333333 -153.44427490234375 273.18658447265625
160.3 -137.17282104492188 284.75927734375
160.56666666666666 -83.03697204589844 296.2792053222656
160.66666666666666 -28.500259399414062 294.4109191894531
161.26666666666668 82.46678161621094 309.7452087402344
162.13333333333333 237.87611389160156 406.3017272949219
162.26666666666668 199.5934295654297 386.1649169921875
162.46666666666667 148.95069885253906 324.31793212890625
162.53333333333333 121.04973602294922 298.9894104003906
162.66666666666666 93.86370086669922 260.78216552734375
162.73333333333332 74.50331115722656 248.712158203125
162.73333333333332 57.0700569152832 249.20254516601562
162.73333333333332 46.07874298095703 250.31666564941406
162.93333333333334 36.25901412963867 266.7604064941406
162.96666666666667 11.249258995056152 269.3559265136719
163.13333333333333 30.168569564819336 284.232666015625
163.3 112.2226791381836 302.54931640625
163.3 82.13666534423828 305.8797302246094
163.36666666666667 121.75128936767578 306.6661376953125
163.43333333333334 132.95457458496094 309.2943420410156
163.46666666666667 110.18905639648438 310.5493469238281
163.83333333333334 118.71027374267578 313.4852600097656
163.93333333333334 125.88008117675781 321.76318359375
163.93333333333334 111.90581512451172 319.4505615234375
163.96666666666667 106.78520202636719 323.939697265625
164.16666666666666 80.33506774902344 328.2640686035156
164.33333333333334 94.45632934570312 320.12445068359375
164.36666666666667 50.95665740966797 322.42205810546875
164.4 43.32524871826172 320.65673828125
164.43333333333334 34.954559326171875 321.5970764160156
164.7 -22.237192153930664 316.11248779296875
165.66666666666666 142.155517578125 319.90802001953125
166.13333333333333 126.432861328125 288.09521484375
166.4 121.97673034667969 269.3461608886719
166.76666666666668 91.49681854248047 254.63720703125
166.93333333333334 94.89549255371094 251.73681640625
166.96666666666667 94.89549255371094 251.73681640625
168.46666666666667 84.05565643310547 242.64605712890625
168.5 84.05565643310547 242.64605712890625
168.56666666666666 91.51687622070312 244.4381561279297
169.03333333333333 76.95144653320312 234.45465087890625
169.3 86.47241973876953 228.4381561279297
169.5 90.1712646484375 239.487548828125
169.73333333333332 83.36759185791016 245.26255798339844
170.76666666666668 22.546480178833008 282.44384765625
170.86666666666667 28.54207420349121 275.32415771484375
171.0 67.263671875 260.97509765625
172.06666666666666 98.62330627441406 252.62973022460938
172.23333333333332 43.735103607177734 278.9028625488281
172.43333333333334 -24.58342933654785 309.7726135253906
172.46666666666667 -58.56402587890625 317.4710693359375
172.56666666666666 -44.76604080200195 322.580322265625
172.56666666666666 -78.22913360595703 327.6324462890625
172.8 -19.061681747436523 334.2979431152344
172.93333333333334 -22.125255584716797 345.29217529296875
172.96666666666667 -12.539645195007324 345.5210876464844
173.06666666666666 -16.426515579223633 344.63671875
173.1 -8.1795654296875 339.6999816894531
173.2 10.746097564697266 325.63592529296875
173.23333333333332 15.783129692077637 317.1678466796875
173.36666666666667 43.839752197265625 303.587158203125
173.63333333333333 29.141429901123047 283.0430908203125
173.66666666666666 54.07497024536133 280.3948974609375
173.7 44.76020431518555 280.08905029296875
173.9 3.439903736114502 277.9597473144531
173.96666666666667 7.719252109527588 272.3161315917969
174.03333333333333 11.249258995056152 269.3559265136719
174.23333333333332 -27.01546859741211 274.6307373046875
174.4 -42.96956253051758 277.5971374511719
174.76666666666668 -38.02954864501953 308.60333251953125
174.8 -39.84130859375 310.1216125488281
174.83333333333334 -43.73129653930664 309.22515869140625
174.93333333333334 -95.27105712890625 318.8438415527344
175.2 -66.39085388183594 315.6764831542969
175.56666666666666 32.64631652832031 280.07611083984375
175.83333333333334 34.93304443359375 261.7388000488281
176.06666666666666 42.91641616821289 257.057861328125
176.1 14.19031810760498 258.70751953125
176.5 -15.261248588562012 266.9075012207031
176.73333333333332 -54.34264373779297 278.78204345703125
176.9 -56.43423843383789 290.8163757324219
177.13333333333333 -16.701881408691406 286.6044616699219
177.26666666666668 -23.92249870300293 278.2215881347656
177.7 -21.971994400024414 252.0355987548828
177.8 -14.85534954071045 246.15542602539062
178.16666666666666 -7.854187488555908 226.18800354003906
178.23333333333332 -8.13119888305664 222.37535095214844
178.3 10.281939506530762 219.3295135498047
178.5 -27.68062973022461 224.25537109375
178.63333333333333 -23.104812622070312 222.53359985351562
179.06666666666666 -1.8278427124023438 219.21470642089844
179.16666666666666 -17.99456024169922 228.45208740234375
179.26666666666668 -7.48826789855957 244.1322021484375
179.26666666666668 -30.67652130126953 249.0272216796875
179.33333333333334 9.069622993469238 252.7787322998047
179.63333333333333 -12.452005386352539 266.61822509765625
179.7 -18.82872200012207 269.87506103515625
179.76666666666668 -13.680953979492188 275.8477783203125
179.83333333333334 -43.48280334472656 284.1966552734375
180.4 -31.534591674804688 319.7861633300781
180.5 -32.0374755859375 326.46832275390625
181.7 96.5923843383789 250.2886962890625
181.93333333333334 107.78961944580078 293.9908447265625
182.0 106.09309387207031 305.8189392089844
182.1 61.99074935913086 331.6726379394531
182.13333333333333 89.96765899658203 332.3995056152344
182.13333333333333 77.9030990600586 332.4749755859375
182.16666666666666 87.54715728759766 336.61181640625
182.23333333333332 61.20610427856445 344.9327392578125
182.23333333333332 55.635589599609375 345.5815124511719
182.26666666666668 57.706016540527344 347.982666015625
183.2 -44.489044189453125 385.5466003417969
183.3 -35.61489486694336 358.8901672363281
183.4 -53.90625 344.9309997558594
183.4 -89.44204711914062 351.6880187988281
183.4 -94.45348358154297 349.56951904296875
183.43333333333334 -55.99599838256836 342.4943542480469
183.43333333333334 -82.0096435546875 345.45953369140625
183.5 -92.24569702148438 337.2269592285156
183.76666666666668 -38.82050704956055 296.830322265625
183.76666666666668 -50.215091705322266 298.0521240234375
183.83333333333334 -56.180999755859375 294.7381591796875
183.93333333333334 -11.065547943115234 286.0069580078125
183.96666666666667 -11.065547943115234 286.0069580078125
184.06666666666666 -30.07023048400879 285.40252685546875
184.4 -63.766845703125 311.4102478027344
184.46666666666667 -47.10620880126953 316.2097473144531
184.5 -98.52666473388672 329.8918151855469
184.6 -63.55751037597656 329.99627685546875
184.6 -94.33979034423828 334.7814025878906
184.73333333333332 -82.49067687988281 337.4681396484375
185.0 6.770176410675049 310.2789306640625
185.03333333333333 3.9569413661956787 310.588623046875
185.36666666666667 40.64527130126953 310.47265625
185.4 32.28179168701172 311.3984680175781
185.4 12.681563377380371 313.5681457519531
185.73333333333332 -20.651409149169922 325.1939392089844
185.83333333333334 -45.02410125732422 333.24383544921875
186.03333333333333 -13.098907470703125 337.604736328125
186.03333333333333 -50.2433967590332 341.8386535644531
186.1 -42.41376876831055 343.6163024902344
186.13333333333333 -24.209365844726562 342.8658752441406
186.13333333333333 -36.682796478271484 342.960693359375
186.16666666666666 -26.293045043945312 340.4400939941406
186.3 55.08415222167969 327.2052307128906
186.33333333333334 48.486915588378906 326.6401672363281
187.3 -12.259513854980469 349.4863586425781
187.3 -29.378490447998047 351.4695129394531
187.36666666666667 -33.01588439941406 354.5673828125
187.66666666666666 11.011370658874512 354.7720947265625
187.7 35.02455139160156 346.65704345703125
187.73333333333332 40.62995147705078 346.0053405761719
187.76666666666668 50.77605056762695 343.5046081542969
188.0 182.9966583251953 329.453857421875
188.33333333333334 222.2810516357422 327.4595947265625
188.53333333333333 179.17007446289062 318.2675476074219
188.6 143.83749389648438 318.4205017089844
188.7 80.0051040649414 324.3749084472656
188.83333333333334 14.74916934967041 315.9678039550781
188.83333333333334 -6.285406589508057 313.0327453613281
188.83333333333334 -7.793773174285889 318.47247314453125
189.1 -113.89328002929688 282.3432922363281
189.1 -158.723388671875 285.66607666015625
189.16666666666666 -157.87408447265625 282.92071533203125
189.16666666666666 -170.6878662109375 282.9123229980469
189.2 -193.1314697265625 290.5666809082031
189.33333333333334 -201.7142791748047 299.4996643066406
189.46666666666667 -224.28712463378906 311.3100891113281
189.46666666666667 -236.33514404296875 312.5921325683594
189.5 -204.35995483398438 307.84326171875
189.56666666666666 -227.45050048828125 307.595458984375
189.6 -221.44090270996094 306.9596252441406
189.66666666666666 -158.3332977294922 293.6119079589844
189.7 -169.26527404785156 292.0887451171875
189.73333333333332 -183.1850128173828 290.8696594238281
190.03333333333333 -106.04964447021484 233.0906982421875
190.06666666666666 -108.11165618896484 230.69163513183594
190.06666666666666 -114.88996887207031 230.04270935058594
190.23333333333332 -34.28374099731445 237.7594451904297
190.8 22.70486068725586 296.75347900390625
191.16666666666666 -30.34811019897461 379.78765869140625
191.33333333333334 -143.42373657226562 433.4411926269531
191.36666666666667 -154.1530303955078 440.37042236328125
191.5 -232.3404541015625 475.8145751953125
191.56666666666666 -286.0205993652344 494.3360290527344
191.6 -268.283203125 490.5476989746094
191.63333333333333 -332.16888427734375 514.9778442382812
191.73333333333332 -383.4530944824219 539.5313110351562
191.76666666666668 -365.0889892578125 535.5380249023438
191.86666666666667 -419.2317810058594 566.7428588867188
194.53333333333333 -279.86151123046875 489.209228515625
194.63333333333333 -259.04949951171875 485.03009033203125
194.63333333333333 -270.4589538574219 487.96759033203125
195.13333333333333 -125.96879577636719 403.6287536621094
195.46666666666667 -75.05487823486328 379.7325744628906
195.53333333333333 -38.73387145996094 370.00677490234375
195.56666666666666 -49.213382720947266 372.5978698730469
196.16666666666666 23.859649658203125 424.52716064453125
196.4 42.585968017578125 468.5694274902344
196.4 3.7352771759033203 479.37603759765625
196.43333333333334 3.7352771759033203 479.37603759765625
196.66666666666666 1.451732873916626 420.584228515625
196.7 23.834287643432617 398.7975158691406
196.76666666666668 -12.865885734558105 381.7252502441406
198.16666666666666 119.0074462890625 296.6331787109375
199.33333333333334 125.84198760986328 311.3869934082031
199.46666666666667 143.5419921875 324.93890380859375
199.83333333333334 77.61835479736328 318.10986328125
199.83333333333334 71.06990814208984 317.53997802734375
199.86666666666667 69.01213073730469 315.1581726074219
200.23333333333332 127.49249267578125 299.56866455078125
200.53333333333333 153.55690002441406 268.5558166503906
200.76666666666668 124.35986328125 275.4895935058594
201.23333333333332 74.71273803710938 349.9519348144531
201.26666666666668 38.75383377075195 358.1618347167969
201.33333333333334 3.9624764919281006 375.6630859375
201.36666666666667 -7.911993980407715 383.8202209472656
201.46666666666667 -51.33572769165039 399.9561767578125
201.5 -70.40269470214844 407.7654724121094
201.53333333333333 -100.33826446533203 418.34722900390625
201.6 -99.27686309814453 419.591552734375
201.8 -202.58685302734375 422.73193359375
201.83333333333334 -169.5039825439453 414.4833679199219
201.86666666666667 -194.72621154785156 416.1931457519531
201.93333333333334 -187.60203552246094 416.7082824707031
201.93333333333334 -194.72621154785156 416.1931457519531
202.0 -185.46420288085938 419.2253112792969
202.03333333333333 -190.44793701171875 421.2319641113281
202.06666666666666 -160.29420471191406 417.5059509277344
202.16666666666666 -173.69798278808594 433.0785217285156
202.33333333333334 -146.9050750732422 464.62371826171875
203.23333333333332 127.78105926513672 372.64666748046875
203.3 131.91384887695312 377.4280700683594
203.36666666666667 102.67149353027344 382.35211181640625
203.56666666666666 101.98673248291016 353.32513427734375
203.7 93.09259796142578 315.06597900390625
203.73333333333332 40.64527130126953 310.47265625
203.76666666666668 43.119258880615234 306.2775573730469
203.93333333333334 -21.473552703857422 313.3880615234375
204.03333333333333 -27.91954231262207 316.7403259277344
204.2 -104.34925079345703 330.5399169921875
204.3 -105.8495101928711 321.33990478515625
204.4 -91.7958755493164 311.80615234375
204.43333333333334 -93.88143920898438 309.37322998046875
204.43333333333334 -108.39030456542969 310.9437561035156
204.5 -109.43449401855469 309.72467041015625
204.66666666666666 -61.61393356323242 284.78997802734375
204.73333333333332 -100.23760986328125 283.5635986328125
204.9 -95.9644775390625 273.9029541015625
205.0 -77.13705444335938 266.7294006347656
205.56666666666666 -203.1037139892578 290.262939453125
205.56666666666666 -210.1161651611328 289.6497497558594
205.6 -213.98907470703125 292.7312927246094
205.6 -225.96681213378906 293.974365234375
205.63333333333333 -225.96681213378906 293.974365234375
205.66666666666666 -206.96629333496094 293.3424987792969
205.73333333333332 -202.76490783691406 298.2679748535156
205.86666666666667 -223.23245239257812 312.5485534667969
205.86666666666667 -273.5458068847656 323.3621826171875
205.93333333333334 -249.19876098632812 320.74658203125
206.1 -281.5362548828125 329.6857604980469
206.2 -283.5389709472656 331.27069091796875
206.23333333333332 -267.17816162109375 330.8617858886719
206.53333333333333 -335.5368347167969 361.827392578125
206.6 -365.724853515625 374.9977111816406
206.7 -380.2861328125 390.7112121582031
206.93333333333334 -361.26263427734375 388.5113830566406
206.93333333333334 -378.12347412109375 393.2793884277344
207.06666666666666 -404.6353759765625 403.4397888183594
207.06666666666666 -412.1414794921875 402.899169921875
207.13333333333333 -408.8831787109375 406.7766418457031
207.16666666666666 -441.1067199707031 419.1362609863281
207.23333333333332 -460.61627197265625 430.0727233886719
207.23333333333332 -473.71954345703125 431.6451721191406
207.36666666666667 -503.48175048828125 465.7497863769531
207.4 -493.52734375 468.8894958496094
207.46666666666667 -502.3910217285156 471.4603271484375
207.46666666666667 -510.1753845214844 475.3655090332031
207.53333333333333 -490.21624755859375 472.8571472167969
207.6 -513.5335693359375 480.189697265625
207.7 -529.203369140625 488.06060791015625
207.86666666666667 -530.3759155273438 495.58984375
208.2 -552.0081176757812 523.6541137695312
208.2 -562.2689819335938 529.4959106445312
208.23333333333332 -573.6942749023438 534.0103759765625
208.33333333333334 -576.0595092773438 540.3362426757812
208.36666666666667 -574.9375 541.6904296875
208.66666666666666 -602.1373291015625 592.4761352539062
208.66666666666666 -624.3905029296875 603.2946166992188
208.73333333333332 -628.091796875 613.0717163085938
208.93333333333334 -613.9840087890625 606.4330444335938
208.96666666666667 -597.6064453125 597.964111328125
209.03333333333333 -564.0360107421875 582.5504760742188
209.1 -531.9428100585938 556.9287109375
209.1 -544.4304809570312 560.1470336914062
209.13333333333333 -528.5180053710938 551.951171875
209.23333333333332 -505.9681091308594 542.8938598632812
209.3 -456.9462585449219 539.2206420898438
209.3 -468.0228576660156 543.702392578125
209.36666666666667 -424.8710632324219 551.1593627929688
209.73333333333332 -420.9012451171875 627.1658935546875
209.96666666666667 -374.87945556640625 673.47021484375
210.03333333333333 -405.5842590332031 709.2031860351562
210.1 -370.9133605957031 714.4189453125
210.13333333333333 -370.76629638671875 723.701416015625
210.3 -328.15673828125 747.687744140625
210.43333333333334 -307.8147277832031 767.6113891601562
210.46666666666667 -294.53424072265625 769.99951171875
210.5 -291.1250305175781 774.095458984375
210.76666666666668 -250.73526000976562 804.5619506835938
210.83333333333334 -210.68386840820312 798.9207153320312
210.9 -224.40121459960938 809.228515625
210.93333333333334 -204.83074951171875 810.3782348632812
211.1 -146.17259216308594 801.2572021484375
211.1 -158.65817260742188 808.2052612304688
211.3 -131.48681640625 818.7935791015625
211.33333333333334 -134.6515655517578 819.3800048828125
211.4 -84.63619232177734 805.4708251953125
211.4 -122.01085662841797 817.0377807617188
211.66666666666666 8.01168155670166 780.7577514648438
211.73333333333332 35.44564437866211 780.2721557617188
211.8 63.79045104980469 781.0973510742188
211.83333333333334 73.46472930908203 776.2885131835938
211.86666666666667 102.6244125366211 778.4232177734375
211.96666666666667 224.06881713867188 767.694091796875
212.06666666666666 303.66448974609375 780.6674194335938
212.1 313.551513671875 784.6644897460938
212.26666666666668 384.7749328613281 756.3517456054688
212.33333333333334 410.5706481933594 728.3837280273438
212.36666666666667 416.41937255859375 717.2702026367188
212.43333333333334 408.4394226074219 711.601806640625
212.46666666666667 424.8666687011719 698.626220703125
212.63333333333333 399.95147705078125 687.53369140625
212.66666666666666 383.9937438964844 683.3025512695312
212.66666666666666 377.5536193847656 690.1389770507812
212.76666666666668 373.9337463378906 668.0945434570312
212.76666666666668 335.7460021972656 677.65625
212.8 348.7444763183594 671.105712890625
212.93333333333334 314.3563232421875 660.073486328125
213.03333333333333 259.0233154296875 646.8134765625
213.3 154.76007080078125 584.5149536132812
213.33333333333334 113.69921875 585.2665405273438
213.43333333333334 102.65335845947266 534.916259765625
213.56666666666666 43.75043869018555 496.04876708984375
213.83333333333334 56.98689270019531 444.7266845703125
213.83333333333334 17.40282440185547 454.0724792480469
213.86666666666667 22.078487396240234 452.07958984375
213.9 22.829734802246094 449.2373046875
213.93333333333334 43.53623580932617 443.7713928222656
214.03333333333333 78.88579559326172 433.6927185058594
214.4 166.18115234375 427.62799072265625
214.46666666666667 179.43141174316406 421.8782043457031
214.56666666666666 169.34188842773438 403.2169189453125
214.56666666666666 156.74586486816406 406.1574401855469
214.73333333333332 88.7880630493164 394.7383728027344
215.43333333333334 -75.89662170410156 334.04986572265625
215.56666666666666 -73.25159454345703 329.7464294433594
215.6 -88.53010559082031 334.12994384765625
215.63333333333333 -66.43822479248047 330.3186950683594
215.66666666666666 -49.192169189453125 328.3883972167969
215.66666666666666 -80.6391830444336 335.9207458496094
215.7 -72.76066589355469 337.7087097167969
215.73333333333332 -77.50101470947266 339.58331298828125
215.76666666666668 -40.339813232421875 331.38531494140625
215.76666666666668 -53.63190460205078 334.21435546875
215.76666666666668 -82.25030517578125 341.46142578125
215.8 -33.84998321533203 327.99853515625
215.93333333333334 -32.0374755859375 326.46832275390625
216.13333333333333 -27.3786678314209 324.6214294433594
216.23333333333332 16.963340759277344 332.8561096191406
216.23333333333332 -5.059196949005127 343.32928466796875
216.33333333333334 -13.988808631896973 365.7325134277344
216.33333333333334 -27.246217727661133 368.6449890136719
216.46666666666667 15.767919540405273 367.5533752441406
216.46666666666667 -15.240412712097168 375.2806396484375
216.53333333333333 -1.2604621648788452 369.5826416015625
216.53333333333333 -14.474078178405762 372.50054931640625
216.63333333333333 15.62371826171875 352.90130615234375
216.76666666666668 30.57301139831543 337.90899658203125
216.76666666666668 5.229106903076172 340.8187561035156
216.8 2.4007155895233154 341.1434631347656
216.96666666666667 48.79985427856445 330.5491943359375
217.03333333333333 41.463470458984375 332.702880859375
217.2 57.545108795166016 322.9900207519531
217.23333333333332 44.35737228393555 321.8531799316406
217.26666666666668 32.15945053100586 321.91107177734375
217.26666666666668 17.40785789489746 326.2046813964844
217.43333333333334 34.22627258300781 324.30841064453125
217.46666666666667 5.688242435455322 334.13897705078125
217.5 28.198915481567383 331.5777587890625
217.6 8.473546981811523 359.0692443847656
217.63333333333333 27.807971954345703 363.45135498046875
217.66666666666666 -1.730613112449646 376.34747314453125
218.16666666666666 110.36637115478516 470.2966003417969
218.3 155.7672576904297 494.0517883300781
218.3 138.41085815429688 499.2642517089844
218.33333333333334 129.02516174316406 510.2519226074219
218.36666666666667 134.30641174316406 516.3974609375
218.4 184.03805541992188 516.0493774414062
218.6 204.6298065185547 554.4201049804688
218.66666666666666 216.47850036621094 560.9357299804688
218.7 235.67977905273438 557.9757080078125
218.76666666666668 232.54029846191406 572.3502197265625
218.9 231.72731018066406 600.4481811523438
218.93333333333334 256.2606506347656 603.50439453125
219.1 250.2327880859375 625.60791015625
219.16666666666666 260.6052551269531 626.7144775390625
219.23333333333332 286.5467834472656 609.7803344726562
219.23333333333332 262.6224365234375 610.8901977539062
219.26666666666668 276.87591552734375 605.7593994140625
219.26666666666668 255.46609497070312 613.4662475585938
219.33333333333334 268.57281494140625 588.9384765625
219.4 262.8480529785156 578.7124633789062
219.4 240.80609130859375 589.1835327148438
219.46666666666667 256.0791320800781 567.2822265625
219.56666666666666 242.76748657226562 537.5714721679688
219.56666666666666 229.5617218017578 543.7029418945312
219.56666666666666 212.47882080078125 549.0631103515625
219.66666666666666 218.03074645996094 494.71649169921875
219.83333333333334 148.63333129882812 467.76275634765625
219.83333333333334 140.3244171142578 468.906494140625
220.16666666666666 105.08647918701172 367.47186279296875
220.33333333333334 113.60939025878906 317.95709228515625
220.46666666666667 122.39006042480469 293.68365478515625
220.7 105.0609359741211 273.69671630859375
220.73333333333332 106.75667572021484 272.23492431640625
220.73333333333332 67.52254486083984 275.0965881347656
220.76666666666668 107.43315887451172 269.60113525390625
220.8 75.42594909667969 270.4016418457031
220.93333333333334 101.67044067382812 256.14215087890625
221.26666666666668 106.07947540283203 274.8714904785156
221.43333333333334 83.5611343383789 290.1661376953125
221.53333333333333 83.5611343383789 290.1661376953125
221.73333333333332 95.52396392822266 290.162109375
221.9 108.11686706542969 277.2213439941406
222.0 96.24589538574219 256.70184326171875
222.26666666666668 74.97049713134766 221.96817016601562
223.66666666666666 -86.34613800048828 241.57012939453125
223.8 -97.7973861694336 242.69189453125
223.9 -62.53547286987305 240.53262329101562
223.93333333333334 -77.54474639892578 244.6034698486328
223.96666666666667 -52.75339889526367 244.74990844726562
224.0 -47.09564208984375 244.1900177001953
224.2 -23.92249870300293 278.2215881347656
224.46666666666667 1.0318585634231567 296.4808654785156
224.46666666666667 -34.6772346496582 301.64788818359375
224.9 4.298603534698486 289.5950927734375
224.93333333333334 8.873210906982422 287.8023376464844
225.16666666666666 32.887264251708984 259.372314453125
225.53333333333333 45.562320709228516 232.47019958496094
225.6 58.94403839111328 227.33753967285156
225.8 92.91722106933594 218.95901489257812
225.93333333333334 73.58697509765625 227.17092895507812
226.43333333333334 123.65913391113281 267.89093017578125
226.73333333333332 120.9605941772461 268.17535400390625
226.86666666666667 132.4012908935547 264.4195861816406
227.06666666666666 102.68391418457031 277.80059814453125
227.43333333333334 57.383689880371094 253.01280212402344
227.7 9.964837074279785 239.82659912109375
227.73333333333332 -5.998318672180176 238.83726501464844
227.76666666666668 -9.812773704528809 237.9279022216797
227.86666666666667 -30.181493759155273 242.5162353515625
228.06666666666666 -54.30495834350586 250.0908660888672
228.1 -54.30495834350586 250.0908660888672
228.2 -28.62251091003418 251.40968322753906
228.46666666666667 -39.89990997314453 252.54147338867188
228.7 29.050085067749023 234.09762573242188
228.8 40.78157424926758 230.39108276367188
229.13333333333333 93.8797836303711 250.5658416748047
229.56666666666666 12.097302436828613 305.7572326660156
229.6 33.31338119506836 312.594482421875
229.73333333333332 1.006720781326294 361.28424072265625
230.16666666666666 -37.93344497680664 382.0505676269531
230.43333333333334 -51.287479400634766 340.62164306640625
230.66666666666666 -112.27753448486328 328.74066162109375
230.86666666666667 -171.27847290039062 312.37567138671875
231.53333333333333 -80.95771026611328 298.7021179199219
231.6 -29.495746612548828 307.6726379394531
231.63333333333333 -35.18244552612305 308.2928161621094
231.83333333333334 -2.2451424598693848 303.3882141113281
232.66666666666666 -176.9569549560547 275.579345703125
232.73333333333332 -214.31446838378906 284.7279052734375
232.93333333333334 -282.7218017578125 324.34796142578125
233.0 -282.35260009765625 336.61944580078125
233.03333333333333 -275.1581726074219 337.2026672363281
233.13333333333333 -323.2519226074219 352.137939453125
233.2 -311.8988342285156 349.4979553222656
233.36666666666667 -254.4306640625 345.8753356933594
233.36666666666667 -289.0823974609375 352.4808044433594
233.4 -250.17788696289062 350.8841247558594
233.4 -280.79156494140625 354.31060791015625
233.53333333333333 -257.4365539550781 377.8889465332031
233.7 -209.45957946777344 379.20941162109375
234.0 -146.41726684570312 315.0599365234375
234.36666666666667 -75.89662170410156 334.04986572265625
234.7 -18.035442352294922 390.4504089355469
234.8 -20.568010330200195 409.7496337890625
234.86666666666667 -12.70870590209961 411.48577880859375
234.96666666666667 -42.6266975402832 428.93243408203125
235.03333333333333 -22.561798095703125 437.33551025390625
235.06666666666666 -20.446489334106445 439.8078308105469
235.1 -27.804546356201172 446.26715087890625
235.13333333333333 -29.37369728088379 451.9878845214844
235.16666666666666 -46.32966613769531 462.5296325683594
235.23333333333332 -16.426145553588867 455.8007507324219
235.23333333333332 -12.960589408874512 463.62738037109375
235.33333333333334 -6.787344455718994 482.2002868652344
235.36666666666667 5.215941905975342 500.04071044921875
235.4 21.502294540405273 496.3752746582031
235.43333333333334 22.565773010253906 497.6186218261719
235.46666666666667 -1.0674365758895874 507.91070556640625
235.5 4.743959903717041 507.0931091308594
235.56666666666666 54.54226303100586 486.2374267578125
235.6 28.018421173095703 492.6880187988281
235.73333333333332 80.22908782958984 449.81903076171875
235.76666666666668 97.08102416992188 436.72344970703125
235.76666666666668 76.74417114257812 442.1176452636719
235.8 73.2645034790039 434.4278259277344
235.83333333333334 95.34622955322266 427.4875793457031
235.86666666666667 118.6185531616211 415.05816650390625
235.96666666666667 132.01177978515625 398.6510009765625
236.0 115.12235260009766 396.7808837890625
236.03333333333333 151.1134033203125 385.634765625
236.1 155.81573486328125 377.12603759765625
236.23333333333332 153.38162231445312 370.8370666503906
236.33333333333334 156.38265991210938 363.8980712890625
236.43333333333334 151.8977508544922 355.2582702636719
236.53333333333333 159.93128967285156 343.84735107421875
237.73333333333332 117.83333587646484 375.18487548828125
237.9 164.51278686523438 362.9122314453125
238.0 147.4947967529297 357.0968933105469
238.1 157.9737091064453 351.9140930175781
238.13333333333333 157.9737091064453 351.9140930175781
238.13333333333333 152.55511474609375 352.5609436035156
238.6 140.29754638671875 348.7835998535156
238.6 134.1848907470703 352.1299743652344
239.56666666666666 136.68331909179688 310.1690979003906
239.93333333333334 133.00466918945312 319.6530456542969
240.26666666666668 135.66171264648438 308.99078369140625
240.43333333333334 133.92483520507812 300.14697265625
