0.13331201481191593 608.8121337890625 761.5162963867188
0.1666400185148949 629.7260131835938 751.6988525390625
0.1666400185148949 608.8121337890625 761.5162963867188
0.19996802221787388 623.2615356445312 754.3934936523438
0.23329602592085288 616.779541015625 757.0953979492188
0.29995203332681086 612.5720825195312 752.2642211914062
0.29995203332681086 604.8173828125 763.7327880859375
0.3332800370297898 583.6751708984375 773.6589965820312
0.3666080407327688 583.6751708984375 773.6589965820312
0.39993604443574776 603.3447265625 765.4487915039062
0.4999200555446847 570.9117431640625 776.21484375
0.5332480592476637 584.9657592773438 764.8366088867188
0.6332320703566007 580.74072265625 759.9762573242188
0.6332320703566007 555.1918334960938 765.0299682617188
0.8998560999804325 600.3538208007812 684.5741577148438
0.9665121073863905 584.975830078125 657.0068359375
1.2331361370102223 586.39013671875 567.3128662109375
1.3664481518221383 563.5859375 528.491943359375
1.499760166634054 548.8903198242188 492.6437683105469
1.5664161740400122 530.976318359375 462.7430419921875
1.5664161740400122 515.17236328125 463.74566650390625
1.599744177742991 502.02978515625 448.7668151855469
1.699728188851928 478.9844970703125 394.0967712402344
1.733056192554907 485.6002197265625 370.3757629394531
1.7663841962578861 509.9647216796875 333.43927001953125
1.799712199960865 503.9275207519531 320.5152587890625
1.799712199960865 503.1373596191406 331.7911071777344
1.799712199960865 479.1636962890625 326.0036926269531
1.799712199960865 485.65142822265625 336.4384765625
1.833040203663844 481.907958984375 310.76446533203125
1.833040203663844 485.48980712890625 323.9909362792969
1.9996802221787389 499.2827453613281 240.3376922607422
1.9996802221787389 467.7053527832031 258.3191833496094
2.1663202406936337 480.33184814453125 183.68666076660156
2.29963225550555 482.2597351074219 148.16986083984375
2.29963225550555 471.24713134765625 138.64657592773438
2.332960259208529 472.07861328125 128.08038330078125
2.399616266614487 532.8271484375 97.50728607177734
2.399616266614487 532.0039672851562 102.14566040039062
2.399616266614487 485.4780578613281 106.0810317993164
2.5662562851293815 544.1871337890625 33.497398376464844
2.6995682999412973 527.6597900390625 6.939589023590088
3.1328323480800244 401.4981994628906 -24.768753051757812
3.199488355485982 411.8299255371094 -29.844175338745117
3.2328163591889614 423.0592346191406 -28.314645767211914
3.699408411030667 386.3385925292969 -8.177815437316895
3.732736414733646 383.9665222167969 -8.0253324508667
3.966032440654499 401.9642028808594 -21.45880126953125
3.9993604443574777 386.4084167480469 -24.952726364135742
4.199328466575352 437.4892883300781 -31.408191680908203
4.365968485090247 456.1537780761719 -15.98909854888916
4.399296488793226 478.7851257324219 -15.224547386169434
4.499280499902163 435.295654296875 -3.527474880218506
4.965872551743868 460.1508483886719 16.030366897583008
5.299152588773658 437.259521484375 15.366353034973145
5.332480592476637 449.4411315917969 17.892473220825195
5.365808596179616 471.7571105957031 15.227973937988281
5.899056655427279 457.82415771484375 16.191221237182617
5.932384659130259 452.22406005859375 15.457663536071777
6.165680685051112 409.0145263671875 17.30846405029297
6.53228872578388 438.68853759765625 19.762035369873047
6.632272736892817 426.0035095214844 19.51721954345703
6.632272736892817 401.9115905761719 17.796857833862305
6.698928744298775 401.9115905761719 17.796857833862305
6.798912755407712 434.9417724609375 21.147802352905273
6.898896766516649 445.25762939453125 21.552661895751953
6.9655527739226075 446.6533508300781 20.331533432006836
7.098864788734523 448.5387878417969 22.44704818725586
7.232176803546439 448.5387878417969 22.44704818725586
7.432144825764313 447.59600830078125 21.38924217224121
7.53212883687325 434.4825439453125 23.432016372680664
7.632112847982187 399.5302429199219 23.615903854370117
7.665440851685166 402.3742980957031 26.81477928161621
7.732096859091124 402.3742980957031 26.81477928161621
7.86540887390304 428.8573303222656 28.34033966064453
8.032048892417935 446.6910400390625 25.951379776000977
8.132032903526872 442.0072021484375 26.282236099243164
8.16536090722985 442.0072021484375 26.282236099243164
8.16536090722985 402.3742980957031 26.81477928161621
8.431984936853683 440.6069641113281 27.508159637451172
8.498640944259641 440.6069641113281 27.508159637451172
8.498640944259641 422.2521057128906 26.547683715820312
8.53196894796262 442.0072021484375 26.282236099243164
8.631952959071556 443.8955993652344 28.402090072631836
8.631952959071556 431.2109375 28.173643112182617
8.898576988695389 414.69671630859375 29.343278884887695
8.965232996101346 430.28668212890625 32.759525299072266
8.998560999804326 388.07525634765625 33.503963470458984
9.298513033131137 420.3824157714844 35.73518371582031
9.331841036834115 432.17962646484375 34.88629150390625
9.365169040537094 430.770751953125 36.119754791259766
9.398497044240074 429.34033203125 31.696290969848633
9.398497044240074 406.1643371582031 36.75827407836914
9.865089096081778 389.0260009765625 34.57438278198242
10.065057118299652 397.6107177734375 32.82501220703125
10.065057118299652 390.9465637207031 31.025407791137695
10.098385122002632 397.6107177734375 32.82501220703125
10.331681147923485 412.80218505859375 27.21342658996582
10.365009151626463 412.80218505859375 27.21342658996582
10.398337155329441 412.80218505859375 27.21342658996582
10.4649931627354 407.5931091308594 24.184865951538086
10.731617192359233 419.8924255371094 26.71392250061035
10.998241221983063 417.5225830078125 21.233278274536133
11.031569225686043 402.3813781738281 21.154754638671875
11.031569225686043 392.39764404296875 24.11302947998047
11.298193255309874 435.42694091796875 24.492450714111328
11.331521259012854 434.0228271484375 25.718441009521484
11.598145288636685 413.2738037109375 24.91818618774414
11.631473292339665 419.41412353515625 23.358747482299805
11.798113310854559 433.07806396484375 24.657485961914062
11.831441314557539 433.07806396484375 24.657485961914062
11.864769318260517 433.07806396484375 24.657485961914062
11.864769318260517 390.96533203125 25.346906661987305
11.898097321963496 433.07806396484375 24.657485961914062
12.198049355290307 407.118408203125 26.4814510345459
12.231377358993287 407.118408203125 26.4814510345459
12.264705362696265 451.3675537109375 25.621042251586914
12.331361370102224 407.118408203125 26.4814510345459
12.364689373805202 449.97357177734375 26.844758987426758
12.43134538121116 411.3825378417969 28.445493698120117
12.597985399726054 400.4781494140625 24.682098388671875
12.731297414537972 443.40625 25.057382583618164
13.164561462676698 409.961669921875 29.67864418029785
13.264545473785635 409.4876708984375 26.314983367919922
13.331201481191593 435.9126281738281 27.840641021728516
13.664481518221383 402.3671569824219 32.4863395690918
13.731137525627341 404.270751953125 28.94785499572754
13.76446552933032 426.98382568359375 31.864524841308594
14.097745566360109 429.8031311035156 29.40285873413086
14.197729577469046 395.22967529296875 32.99454879760742
14.231057581172026 400.9393005371094 33.723876953125
14.231057581172026 390.4619445800781 33.33402633666992
14.4310256033899 434.0478515625 31.36021614074707
14.564337618201815 393.7969665527344 34.2337760925293
14.597665621904794 391.8966064453125 32.094764709472656
14.664321629310752 387.12457275390625 32.43364715576172
14.73097763671671 432.156494140625 29.235736846923828
14.997601666340541 426.98382568359375 31.864524841308594
15.0642576737465 405.2191162109375 30.01453971862793
15.130913681152458 433.10211181640625 30.297927856445312
15.230897692261395 449.03021240234375 25.78614616394043
15.264225695964374 399.9994201660156 26.98164176940918
15.464193718182248 396.2064514160156 22.71495819091797
15.764145751509059 396.6740417480469 26.081388473510742
15.830801758915017 442.91741943359375 21.716209411621094
15.897457766320974 404.7472839355469 26.64805030822754
15.930785770023954 437.77398681640625 24.327545166015625
15.930785770023954 405.22332763671875 24.350479125976562
16.03076978113289 435.9126281738281 27.840641021728516
16.09742578853885 422.2521057128906 26.547683715820312
16.164081795944806 394.7621765136719 29.61952018737793
16.197409799647787 394.7621765136719 29.61952018737793
16.264065807053743 435.9126281738281 27.840641021728516
16.297393810756724 435.9126281738281 27.840641021728516
16.63067384778651 440.63861083984375 33.1478385925293
16.66400185148949 445.330322265625 32.81112289428711
16.66400185148949 440.63861083984375 33.1478385925293
16.79731386630141 453.7478942871094 31.080177307128906
16.79731386630141 433.5872497558594 33.65390396118164
16.897297877410345 420.85052490234375 33.43496322631836
16.963953884816302 427.44793701171875 29.570112228393555
17.163921907034176 442.49603271484375 29.62905502319336
17.230577914440133 420.3712158203125 30.072660446166992
17.763825973687798 445.2939453125 27.176198959350586
17.797153977390778 445.2939453125 27.176198959350586
17.830481981093754 445.2939453125 27.176198959350586
17.863809984796735 441.55145263671875 28.568557739257812
17.897137988499715 441.55145263671875 28.568557739257812
17.93046599220269 448.5783996582031 28.06954574584961
17.96379399590567 447.1819763183594 29.2954044342041
18.03045000331163 432.6410827636719 32.590999603271484
18.09710601071759 432.6410827636719 32.590999603271484
18.130434014420565 432.6410827636719 32.590999603271484
18.36373004034142 429.8031311035156 29.40285873413086
18.3970580440444 442.0072021484375 26.282236099243164
18.430386047747376 443.40625 25.057382583618164
18.66368207366823 433.10211181640625 30.297927856445312
18.863650095886104 412.8056945800781 32.8767204284668
18.99696211069802 438.2900085449219 33.3163948059082
19.130274125509935 433.5872497558594 33.65390396118164
19.130274125509935 396.17962646484375 34.06367492675781
19.430226158836746 406.1643371582031 36.75827407836914
19.730178192163557 398.5603942871094 33.893707275390625
19.99680222178739 388.0969543457031 27.81792640686035
20.030130225490367 388.0969543457031 27.81792640686035
20.196770244005265 437.8027648925781 29.963228225708008
20.2967542551142 399.52020263671875 29.283422470092773
20.39673826622314 426.9659423828125 26.215595245361328
20.39673826622314 415.64410400390625 30.40835189819336
20.563378284738032 389.0467529296875 28.886987686157227
20.63003429214399 388.0969543457031 27.81792640686035
20.863330318064843 432.156494140625 29.235736846923828
21.129954347688674 449.0703430175781 31.414995193481445
21.129954347688674 396.6611022949219 31.75641632080078
21.163282351391654 447.67340087890625 32.64296340942383
21.363250373609528 442.040283203125 31.91820526123047
21.396578377312505 442.040283203125 31.91820526123047
21.62987440323336 440.1815490722656 35.44080352783203
21.729858414342296 431.71771240234375 37.183807373046875
21.996482443966126 409.4879150390625 37.65522384643555
22.063138451372087 441.5840759277344 34.209571838378906
22.063138451372087 402.8384094238281 35.86070251464844
22.296434477292937 442.5296325683594 35.271400451660156
22.463074495807835 443.4752502441406 36.33332824707031
22.49640249951081 446.2752380371094 33.87200927734375
22.52973050321379 446.2752380371094 33.87200927734375
22.52973050321379 407.58953857421875 35.51972198486328
22.56305850691677 406.1643371582031 36.75827407836914
22.596386510619748 406.1643371582031 36.75827407836914
22.62971451432273 421.7980041503906 34.500003814697266
22.66304251802571 444.8758544921875 35.10212707519531
22.696370521728685 444.8758544921875 35.10212707519531
23.029650558758476 441.0952453613281 30.857091903686523
23.096306566164433 406.1643371582031 36.75827407836914
23.19629057727337 435.4798278808594 35.78001403808594
23.22961858097635 389.9768371582031 35.6448974609375
23.462914606897204 423.2264404296875 38.932456970214844
23.52957061430316 400.4600524902344 36.031394958496094
23.862850651332952 437.3727722167969 37.90651321411133
24.329442703174657 430.770751953125 36.119754791259766
24.362770706877637 400.9393005371094 33.723876953125
24.49608272168955 406.1675720214844 31.081321716308594
24.52941072539253 439.6932373046875 32.086204528808594
24.729378747610404 427.46630859375 35.22544860839844
24.86269076242232 436.857666015625 28.901885986328125
24.996002777234235 394.7621765136719 29.61952018737793
25.295954810561046 435.9126281738281 27.840641021728516
25.429266825372963 446.6910400390625 25.951379776000977
25.462594829075943 445.2939453125 27.176198959350586
25.595906843887857 443.8955993652344 28.402090072631836
25.962514884620628 435.9126281738281 27.840641021728516
25.995842888323605 434.50799560546875 29.06874656677246
26.19581091054148 413.7538757324219 33.94293975830078
26.26246691794744 413.7538757324219 33.94293975830078
26.295794921650415 413.7538757324219 33.94293975830078
26.56241895127425 434.50799560546875 29.06874656677246
26.595746954977226 443.8955993652344 28.402090072631836
26.629074958680206 434.50799560546875 29.06874656677246
26.695730966086163 448.5783996582031 28.06954574584961
26.729058969789143 448.5783996582031 28.06954574584961
27.029011003115954 456.5318603515625 28.629667282104492
27.195651021630848 451.3675537109375 25.621042251586914
27.295635032739785 434.0228271484375 25.718441009521484
28.028851114205324 433.9978942871094 20.08808135986328
28.062179117908304 445.71075439453125 19.273921966552734
28.12883512531426 409.01416015625 22.95489501953125
28.195491132720218 399.5302429199219 23.615903854370117
28.262147140126178 440.1191711425781 24.16276741027832
28.328803147532135 446.2006530761719 22.61088752746582
28.39545915493809 439.17529296875 23.103179931640625
28.42878715864107 423.66412353515625 25.318923950195312
28.52877116975001 420.8388366699219 27.77752113342285
28.56209917345299 420.8388366699219 27.77752113342285
28.762067195670863 418.9460754394531 25.650421142578125
28.79539519937384 418.9460754394531 25.650421142578125
29.09534723270065 405.2191162109375 30.01453971862793
29.12867523640363 405.2191162109375 30.01453971862793
29.228659247512567 448.5783996582031 28.06954574584961
29.361971262324484 421.3060302734375 25.484607696533203
29.595267288245335 439.17529296875 23.103179931640625
29.628595291948315 439.17529296875 23.103179931640625
29.761907306760232 430.2654724121094 27.11164665222168
29.895219321572146 397.6226806640625 27.14863395690918
29.961875328978106 428.8375549316406 22.700185775756836
30.195171354898957 438.7182312011719 25.387653350830078
30.228499358601937 438.7182312011719 25.387653350830078
30.261827362304917 438.7182312011719 25.387653350830078
30.361811373413854 434.0228271484375 25.718441009521484
30.595107399334704 424.14453125 28.67412757873535
30.661763406740665 439.2054748535156 28.735157012939453
30.72841941414662 400.4691162109375 30.350963592529297
30.82840342525556 426.03729248046875 30.800962448120117
30.82840342525556 391.8966064453125 32.094764709472656
30.895059432661515 397.6107177734375 32.82501220703125
30.895059432661515 389.9966125488281 29.956148147583008
30.995043443770452 428.8573303222656 28.34033966064453
31.261667473394287 430.28668212890625 32.759525299072266
31.294995477097263 398.5603942871094 33.893707275390625
31.46163549561216 442.9853820800781 32.97941589355469
31.828243536344928 397.6107177734375 32.82501220703125
31.894899543750885 442.9853820800781 32.97941589355469
31.961555551156845 426.98382568359375 31.864524841308594
32.26150758448365 441.0952453613281 30.857091903686523
32.294835588186636 442.49603271484375 29.62905502319336
32.36149159559259 434.50799560546875 29.06874656677246
32.52813161410749 438.7182312011719 25.387653350830078
32.56145961781046 434.4825439453125 23.432016372680664
32.59478762151345 412.32708740234375 23.854028701782227
32.628115625216424 412.32708740234375 23.854028701782227
32.928067658543235 441.0310974121094 19.59920310974121
32.928067658543235 400.4781494140625 24.682098388671875
32.96139566224621 421.77276611328125 23.19391441345215
33.06137967335515 427.8927917480469 21.639101028442383
33.26134769557302 424.5945129394531 20.741710662841797
33.42798771408792 445.71075439453125 19.273921966552734
33.72793974741473 421.76019287109375 17.558053970336914
33.82792375852367 434.4317626953125 12.192728996276855
33.82792375852367 398.5933532714844 16.895158767700195
33.994563777038564 438.1731872558594 10.816498756408691
34.02789178074154 438.1731872558594 10.816498756408691
34.12787579185048 417.9822998046875 13.314539909362793
34.294515810365375 422.69134521484375 12.99339485168457
34.32784381406835 439.1150817871094 11.87333869934082
34.39449982147431 410.90484619140625 13.797203063964844
34.461155828880266 445.6374816894531 8.070856094360352
35.460995939969635 408.0712890625 4.989548206329346
35.594307954781556 460.9874267578125 5.91719913482666
35.62763595848453 452.6292419433594 7.597960948944092
35.72761996959347 458.2207336425781 8.336191177368164
35.79427597699943 461.92620849609375 6.969150543212891
35.827603980702406 461.92620849609375 6.969150543212891
35.92758799181134 458.2207336425781 8.336191177368164
36.02757200292028 454.9562072753906 7.440574645996094
36.66080407327688 438.62933349609375 8.544859886169434
36.7941160880888 442.3623962402344 7.173441410064697
37.19405213252455 444.24420166015625 9.284122467041016
37.19405213252455 413.7360534667969 11.353280067443848
37.294036143633484 462.3689880371094 4.709278583526611
37.36069215103944 424.0847473144531 6.162927150726318
37.56066017325731 421.735107421875 6.320530891418457
37.760628195475185 407.1274719238281 3.9292659759521484
37.79395619917817 446.08929443359375 5.804286479949951
37.827284202881145 441.421630859375 6.118244647979736
38.49384427694073 405.70635986328125 10.771641731262207
38.56050028434668 400.0279235839844 10.028864860534668
38.593828288049664 440.96722412109375 8.386734962463379
38.62715629175264 440.5123596191406 10.657410621643066
38.827124313970515 442.3957214355469 12.770347595214844
38.827124313970515 400.4962158203125 13.378918647766113
38.893780321376475 427.3930358886719 12.672752380371094
38.92710832507945 397.64654541015625 15.83050537109375
39.127076347297326 400.4962158203125 13.378918647766113
39.26038836210924 446.61572265625 14.723027229309082
39.3270443695152 442.8835144042969 16.101665496826172
39.360372373218176 440.5438232421875 16.26297950744629
39.69365241024797 446.61572265625 14.723027229309082
39.72698041395095 442.3957214355469 12.770347595214844
39.72698041395095 435.374267578125 13.250507354736328
39.893620432465845 447.0675354003906 12.450865745544434
39.893620432465845 441.9084167480469 9.442543029785156
39.893620432465845 395.75323486328125 13.70149040222168
39.92694843616882 449.4007263183594 12.291312217712402
39.92694843616882 444.24420166015625 9.284122467041016
39.9602764398718 449.4007263183594 12.291312217712402
39.9602764398718 444.24420166015625 9.284122467041016
39.99360444357478 401.4422912597656 14.442525863647461
40.060260450980735 449.89166259765625 15.618475914001465
40.29355647690159 452.6728515625 13.18681812286377
40.360212484307546 454.0616455078125 11.972578048706055
40.39354048801053 397.64654541015625 15.83050537109375
40.72682052504032 411.8499755859375 14.859207153320312
40.96011655096117 452.6728515625 13.18681812286377
40.96011655096117 418.4498596191406 11.033576011657715
41.226740580585 444.6968994140625 7.015982151031494
41.293396587990955 445.18524169921875 10.339607238769531
41.46003660650585 447.5189208984375 10.180891990661621
41.56002061761479 435.8321838378906 10.97571086883545
41.62667662502075 445.6374816894531 8.070856094360352
41.660004628723726 446.5781555175781 9.125825881958008
41.8599726509416 417.0380554199219 12.253904342651367
42.0266126694565 397.658447265625 10.188684463500977
42.059940673159474 397.658447265625 10.188684463500977
42.09326867686245 444.24420166015625 9.284122467041016
42.09326867686245 397.658447265625 10.188684463500977
42.126596680565434 397.658447265625 10.188684463500977
42.126596680565434 395.76702880859375 8.062350273132324
42.19325268797139 444.24420166015625 9.284122467041016
42.19325268797139 438.62933349609375 8.544859886169434
42.39322071018926 409.9591979980469 7.110403537750244
42.62651673611012 440.96722412109375 8.386734962463379
42.75982875092203 403.82196044921875 3.0257346630096436
42.79315675462501 403.82196044921875 3.0257346630096436
43.126436791654804 445.6374816894531 8.070856094360352
43.25974880646672 441.421630859375 6.118244647979736
43.25974880646672 429.25958251953125 9.178594589233398
43.32640481387268 433.4649963378906 5.533743381500244
43.359732817575654 442.3623962402344 7.173441410064697
43.39306082127863 435.3480224609375 7.646556377410889
43.39306082127863 403.3469543457031 5.304671764373779
43.55970083979353 440.96722412109375 8.386734962463379
43.7596688620114 442.8497009277344 10.49844741821289
43.79299686571438 440.0260925292969 7.331023216247559
43.79299686571438 440.5123596191406 10.657410621643066
43.82632486941736 434.8901062011719 9.918546676635742
43.9263088805263 446.1263427734375 11.395188331604004
43.959636884229276 444.7325439453125 12.610544204711914
43.99296488793225 446.1263427734375 11.395188331604004
43.99296488793225 431.1446838378906 11.294508934020996
43.99296488793225 420.8039855957031 10.87391185760498
44.05962089533821 443.3375244140625 13.826960563659668
44.05962089533821 406.6514892578125 11.833778381347656
44.292916921259064 445.18524169921875 10.339607238769531
44.359572928665024 447.5189208984375 10.180891990661621
44.392900932368 447.5189208984375 10.180891990661621
44.659524961991835 455.4491882324219 10.759393692016602
44.69285296569481 455.4491882324219 10.759393692016602
44.69285296569481 414.68048095703125 12.4142427444458
44.92614899161567 407.1252136230469 9.550159454345703
45.12611701383354 447.0295715332031 6.858645915985107
45.192773021239496 426.8948059082031 3.733981132507324
45.25942902864546 453.0771789550781 5.334266662597656
45.39274104345737 431.5823059082031 3.4213154315948486
45.49272505456631 451.198486328125 3.2283413410186768
45.69269307678418 404.7706298828125 -1.5255300998687744
45.726021080487165 404.7706298828125 -1.5255300998687744
45.75934908419014 404.7706298828125 -1.5255300998687744
45.892661099002055 407.60028076171875 1.6528844833374023
46.025973113813976 409.01556396484375 0.4377521574497223
46.09262912121993 418.4314880371094 -0.18328627943992615
46.32592514714079 405.2400817871094 1.808992862701416
46.42590915824972 434.8386535644531 -1.2654402256011963
46.49256516565568 437.1752014160156 -1.4195513725280762
46.6258771804676 437.659423828125 1.898419737815857
46.892501210091424 457.2331848144531 1.7103488445281982
46.92582921379441 455.84906005859375 2.917271614074707
47.0924692323093 456.7402038574219 -1.5973559617996216
47.259109250824196 447.8922424316406 -3.240232229232788
47.29243725452717 456.7402038574219 -1.5973559617996216
47.29243725452717 433.8985595703125 -2.3198680877685547
47.39242126563611 451.6468505859375 0.968037486076355
47.42574926933909 459.55419921875 1.5555320978164673
47.65904529525994 454.41839599609375 -1.443786382675171
48.12563734710165 465.56915283203125 0.041990526020526886
48.192293354507605 442.78228759765625 -0.6741432547569275
48.22562135821059 442.78228759765625 -0.6741432547569275
48.258949361913565 442.78228759765625 -0.6741432547569275
48.29227736561654 456.2948303222656 0.6588749289512634
48.325605369319526 427.8179931640625 -0.8023844361305237
48.45891738413144 467.8832092285156 -0.11193127185106277
48.5255733915374 425.0114440917969 1.6202590465545654
48.75886941745825 432.98236083984375 2.2095158100128174
48.92550943597315 454.9103698730469 1.865286111831665
49.192133465596974 427.8366394042969 4.790987014770508
49.22546146929996 467.0040588378906 4.397513389587402
49.22546146929996 452.1377868652344 4.281256198883057
49.29211747670591 466.06622314453125 3.3470001220703125
49.29211747670591 425.9530944824219 2.6770718097686768
49.325445480408895 459.99786376953125 -0.700354278087616
49.39210148781485 425.0114440917969 1.6202590465545654
49.42542949151783 425.0114440917969 1.6202590465545654
49.45875749522081 425.0114440917969 1.6202590465545654
49.59206951003272 427.35662841796875 1.464705228805542
49.69205352114166 459.1101379394531 3.8135828971862793
49.92534954706252 428.7589416503906 0.2533961236476898
50.22530158038933 422.18701171875 -1.5496008396148682
50.258629584092304 422.18701171875 -1.5496008396148682
50.39194159890422 466.5064392089844 1.0918031930923462
50.72522163593401 445.56451416015625 -3.087136745452881
50.75854963963699 454.8646240234375 -3.6988043785095215
50.82520564704295 452.54229736328125 -3.5460658073425293
50.95851766185486 462.7577209472656 -3.1068763732910156
51.02517366926082 451.15643310546875 -2.341700553894043
51.02517366926082 444.62579345703125 -4.139381408691406
51.19181368777571 418.89764404296875 -2.452033281326294
51.2251416914787 466.0093688964844 -2.210442304611206
51.258469695181674 466.0093688964844 -2.210442304611206
51.29179769888465 466.0093688964844 -2.210442304611206
51.39178170999359 446.0523376464844 0.22463710606098175
51.45843771739955 432.98236083984375 2.2095158100128174
52.05834178405317 461.4306335449219 3.6579344272613525
52.091669787756146 421.2577209472656 2.9893856048583984
52.45827782848892 436.2353820800781 -2.4735612869262695
52.491605832191894 436.2353820800781 -2.4735612869262695
52.82488586922169 421.2577209472656 2.9893856048583984
52.924869880330625 459.1101379394531 3.8135828971862793
52.924869880330625 432.52362060546875 4.477481365203857
53.19149390995445 462.81134033203125 2.451573610305786
53.25814991736041 459.60467529296875 7.126169681549072
53.35813392846935 422.2129821777344 9.655198097229004
53.39146193217233 457.2813415527344 7.283310890197754
53.39146193217233 424.5636901855469 9.496206283569336
53.39146193217233 414.67510986328125 6.794083118438721
53.72474196920212 459.60467529296875 7.126169681549072
53.791397976608074 459.60467529296875 7.126169681549072
53.89138198771701 411.84747314453125 9.231647491455078
53.924709991419995 411.84747314453125 9.231647491455078
53.95803799512297 411.84747314453125 9.231647491455078
54.35797403955872 438.1441345214844 5.219888210296631
54.457958050667656 427.37481689453125 7.063066005706787
54.49128605437063 419.38360595703125 6.47825813293457
54.52461405807362 455.84906005859375 2.917271614074707
54.52461405807362 439.54034423828125 4.0081400871276855
54.55794206177659 453.9717712402344 0.8133960962295532
54.55794206177659 404.7659606933594 4.086342811584473
54.59127006547957 453.9717712402344 0.8133960962295532
54.59127006547957 418.440673828125 5.419471263885498
54.59127006547957 404.7659606933594 4.086342811584473
54.624598069182554 404.7659606933594 4.086342811584473
54.65792607288553 406.1837463378906 2.8690807819366455
54.69125407658851 422.1999816894531 4.047136306762695
54.75791008399447 455.84906005859375 2.917271614074707
54.82456609140043 450.70806884765625 -0.08417334407567978
54.82456609140043 451.198486328125 3.2283413410186768
54.857894095103404 457.2331848144531 1.7103488445281982
54.89122209880638 455.84906005859375 2.917271614074707
54.924550102509365 458.6161193847656 0.5044739842414856
54.924550102509365 425.0114440917969 1.6202590465545654
54.99120610991532 456.2948303222656 0.6588749289512634
55.12451812472724 434.3811950683594 0.9987722635269165
55.25783013953915 434.3559875488281 -4.581292629241943
55.25783013953915 405.2442626953125 -3.7978641986846924
55.29115814324213 405.2442626953125 -3.7978641986846924
55.35781415064809 434.3559875488281 -4.581292629241943
55.35781415064809 408.0726013183594 -0.6212972402572632
55.35781415064809 405.2442626953125 -3.7978641986846924
55.59111017656894 459.99786376953125 -0.700354278087616
55.59111017656894 426.4153137207031 0.4084087908267975
55.72442219138086 461.3783874511719 -1.9041372537612915
56.02437422470767 454.41839599609375 -1.443786382675171
56.12435823581661 417.02252197265625 1.029672622680664
56.19101424322256 458.6161193847656 0.5044739842414856
56.35765426173746 452.5857238769531 2.0203440189361572
56.49096627654937 424.5483093261719 3.8904974460601807
56.524294280252356 433.9233093261719 3.2651658058166504
56.85757431728214 459.1101379394531 3.8135828971862793
56.89090232098512 459.1101379394531 3.8135828971862793
57.05754233950002 463.74932861328125 3.5024068355560303
57.157526350608954 458.6161193847656 0.5044739842414856
57.157526350608954 437.2032775878906 4.164464950561523
57.224182358014914 463.74932861328125 3.5024068355560303
57.29083836542087 420.79241943359375 5.262165546417236
58.29067847651024 453.5246887207031 3.0727460384368896
58.42399049132216 459.60467529296875 7.126169681549072
58.457318495025135 423.142333984375 5.104983329772949
58.62395851354003 457.7266845703125 5.021529197692871
58.757270528351945 459.60467529296875 7.126169681549072
58.85725453946088 417.97357177734375 7.695414066314697
58.92391054686684 456.342041015625 6.230525970458984
58.95723855056982 456.342041015625 6.230525970458984
59.057222561678756 459.55419921875 1.5555320978164673
59.09055056538173 459.55419921875 1.5555320978164673
59.25719058389663 426.43255615234375 6.005446434020996
59.390502598708544 460.49237060546875 2.6066854000091553
59.457158606114504 459.60467529296875 7.126169681549072
59.49048660981748 426.8948059082031 3.733981132507324
59.72378263573834 424.5483093261719 3.8904974460601807
59.757110639441315 453.0332336425781 -0.23839835822582245
59.757110639441315 444.66131591796875 1.4326847791671753
59.757110639441315 431.5823059082031 3.4213154315948486
59.79043864314429 453.0332336425781 -0.23839835822582245
59.79043864314429 444.66131591796875 1.4326847791671753
59.79043864314429 431.5823059082031 3.4213154315948486
59.823766646847275 453.0332336425781 -0.23839835822582245
59.823766646847275 436.2624816894531 3.109137773513794
59.85709465055025 453.0332336425781 -0.23839835822582245
59.92375065795621 450.74969482421875 5.490817546844482
60.32368670239196 431.5599060058594 -2.166055202484131
60.4236707135009 448.8307800292969 -2.1883082389831543
60.49032672090685 420.30450439453125 -3.6623587608337402
60.523654724609834 420.30450439453125 -3.6623587608337402
60.55698272831281 445.56451416015625 -3.087136745452881
60.823606757936645 472.5059814453125 -0.4194166660308838
60.85693476163962 472.5059814453125 -0.4194166660308838
60.85693476163962 459.55419921875 1.5555320978164673
60.8902627653426 465.12847900390625 2.296581983566284
60.95691877274856 466.5064392089844 1.0918031930923462
60.990246776451535 420.3155517578125 1.9317317008972168
61.02357478015452 463.2532653808594 0.19603191316127777
61.123558791263456 459.99786376953125 -0.700354278087616
61.123558791263456 455.8023681640625 -2.648127794265747
61.15688679496643 455.8023681640625 -2.648127794265747
61.19021479866941 453.4803161621094 -2.49497389793396
61.22354280237239 454.41839599609375 -1.443786382675171
61.5234948356992 463.2532653808594 0.19603191316127777
61.55682283940218 457.2331848144531 1.7103488445281982
61.59015084310516 454.4637145996094 4.125243663787842
61.65680685051112 468.3813171386719 3.19171404838562
61.95675888383793 462.7577209472656 -3.1068763732910156
62.123398902352825 448.3811340332031 0.0701717659831047
62.88994298752134 464.2459411621094 6.812253952026367
62.9565989949273 444.6968994140625 7.015982151031494
62.989926998630274 443.3032531738281 8.228734016418457
63.08991100973921 425.0272521972656 7.2209672927856445
63.15656701714517 450.30047607421875 7.755469799041748
63.18989502084815 467.0040588378906 4.397513389587402
63.289879031957085 462.3689880371094 4.709278583526611
63.32320703566007 462.3689880371094 4.709278583526611
63.356535039363045 460.9874267578125 5.91719913482666
63.38986304306602 458.6656494140625 6.073801517486572
63.423191046769006 458.6656494140625 6.073801517486572
63.48984705417496 410.9032897949219 8.170977592468262
63.52317505787794 410.9032897949219 8.170977592468262
63.55650306158092 447.0675354003906 12.450865745544434
63.589831065283896 452.22406005859375 15.457663536071777
63.62315906898688 452.22406005859375 15.457663536071777
63.78979908750177 429.29986572265625 20.414640426635742
64.25639113934348 400.4781494140625 24.682098388671875
64.45635916156135 446.6910400390625 25.951379776000977
64.58967117637327 437.3160400390625 26.613609313964844
64.58967117637327 402.3742980957031 26.81477928161621
64.62299918007625 437.3160400390625 26.613609313964844
64.62299918007625 402.3742980957031 26.81477928161621
64.65632718377923 448.0869445800781 24.727630615234375
64.6896551874822 414.2205810546875 25.982440948486328
64.6896551874822 403.7994384765625 25.58208656311035
64.72298319118518 414.2205810546875 25.982440948486328
64.95627921710603 449.4411315917969 17.892473220825195
65.1895752430269 456.9313049316406 20.736839294433594
65.22290324672987 456.9313049316406 20.736839294433594
65.25623125043285 428.35552978515625 19.354171752929688
65.28955925413582 440.08807373046875 18.54084587097168
65.3228872578388 440.08807373046875 18.54084587097168
65.75615130597753 413.7405090332031 16.983509063720703
65.82280731338349 447.59600830078125 21.38924217224121
65.82280731338349 440.5753479003906 21.879884719848633
65.85613531708647 438.2314758300781 22.04368782043457
65.85613531708647 410.90643310546875 19.43485450744629
65.88946332078945 449.48162841796875 23.50494956970215
65.92279132449242 449.48162841796875 23.50494956970215
65.92279132449242 412.7987060546875 21.561634063720703
65.98944733189839 442.4625244140625 23.998119354248047
66.02277533560137 442.4625244140625 23.998119354248047
66.1227593467103 444.35003662109375 26.116743087768555
66.1227593467103 405.2191162109375 30.01453971862793
66.48936738744307 445.2939453125 27.176198959350586
66.52269539114604 445.2939453125 27.176198959350586
67.08927145409669 443.8606872558594 22.774856567382812
67.12259945779967 443.8606872558594 22.774856567382812
67.25591147261159 442.4625244140625 23.998119354248047
67.35589548372052 451.3675537109375 25.621042251586914
67.35589548372052 445.74749755859375 24.89244270324707
67.42255149112648 419.41412353515625 23.358747482299805
67.52253550223541 412.80218505859375 27.21342658996582
67.55586350593839 418.00860595703125 30.240440368652344
67.62251951334436 432.156494140625 29.235736846923828
67.78915953185926 401.4261779785156 25.748390197753906
67.82248753556223 434.4825439453125 23.432016372680664
67.92247154667116 444.8040466308594 23.833600997924805
67.98912755407713 404.27593994140625 23.285139083862305
68.05578356148308 451.3675537109375 25.621042251586914
68.22242357999798 419.8924255371094 26.71392250061035
68.25575158370096 453.25384521484375 27.737520217895508
68.32240759110691 443.8955993652344 28.402090072631836
68.52237561332478 442.4625244140625 23.998119354248047
68.58903162073075 415.6377258300781 24.75253677368164
68.78899964294862 449.03021240234375 25.78614616394043
68.92231165776053 414.69671630859375 29.343278884887695
69.22226369108735 426.4844665527344 22.864633560180664
69.32224770219628 413.26983642578125 19.271461486816406
69.38890370960225 442.4290771484375 18.378562927246094
69.52221572441415 445.71075439453125 19.273921966552734
69.788839754038 440.5753479003906 21.879884719848633
70.05546378366182 438.2023010253906 16.424421310424805
70.18877579847374 435.85894775390625 16.585988998413086
70.58871184290949 409.0145263671875 17.30846405029297
70.68869585401842 452.6728515625 13.18681812286377
70.7220238577214 418.9266357421875 14.375272750854492
70.92199187993927 405.2317199707031 13.056855201721191
71.355255928078 430.2654724121094 27.11164665222168
71.58855195399886 445.2939453125 27.176198959350586
71.62187995770184 422.2521057128906 26.547683715820312
71.65520796140481 443.8955993652344 28.402090072631836
71.82184797991971 449.0703430175781 31.414995193481445
71.85517598362269 448.1261291503906 30.35515022277832
71.88850398732566 448.1261291503906 30.35515022277832
71.92183199102864 455.1404724121094 29.854387283325195
71.92183199102864 448.1261291503906 30.35515022277832
72.22178402435546 435.9126281738281 27.840641021728516
72.22178402435546 429.3200988769531 26.049747467041016
73.02165611322695 441.0952453613281 30.857091903686523
73.38826415395972 433.5872497558594 33.65390396118164
73.4215921576627 398.54937744140625 39.583030700683594
73.48824816506865 404.7378845214844 37.997920989990234
73.5882321761776 407.58953857421875 35.51972198486328
73.65488818358355 439.6932373046875 32.086204528808594
73.78820019839547 417.0693054199219 34.83937454223633
73.82152820209845 436.3988342285156 31.1923770904541
73.82152820209845 392.84674072265625 33.164222717285156
73.92151221320738 398.09130859375 30.51937484741211
73.95484021691036 400.4691162109375 30.350963592529297
74.02149622431632 413.7449645996094 22.625171661376953
74.42143226875207 447.0295715332031 6.858645915985107
74.55474428356398 449.81005859375 4.437389850616455
74.55474428356398 444.2090759277344 3.6958558559417725
74.98800833170272 446.5032958984375 -2.0347962379455566
75.02133633540569 453.9717712402344 0.8133960962295532
75.38794437613846 437.659423828125 1.898419737815857
75.4879283872474 434.3811950683594 0.9987722635269165
75.62124040205931 454.9103698730469 1.865286111831665
75.92119243538612 465.12847900390625 2.296581983566284
76.22114446871294 460.0487365722656 4.8653435707092285
76.25447247241591 460.0487365722656 4.8653435707092285
76.28780047611889 424.0847473144531 6.162927150726318
76.48776849833676 447.9698791503906 7.9131011962890625
76.82104853536656 436.2896423339844 8.703107833862305
77.15432857239634 456.8355712890625 9.547266006469727
77.28764058720826 442.8159484863281 4.906522750854492
77.55426461683209 435.3480224609375 7.646556377410889
77.75423263904996 420.3377380371094 13.15390396118164
77.82088864645593 420.3377380371094 13.15390396118164
77.8542166501589 420.3377380371094 13.15390396118164
78.0208566686738 451.2406311035156 8.809602737426758
78.0208566686738 442.3623962402344 7.173441410064697
78.08751267607975 410.9032897949219 8.170977592468262
78.12084067978273 410.9032897949219 8.170977592468262
78.15416868348571 410.9032897949219 8.170977592468262
78.62076073532742 449.850830078125 10.022299766540527
78.62076073532742 416.56231689453125 8.91363525390625
78.68741674273338 445.18524169921875 10.339607238769531
78.72074474643635 431.6047668457031 9.019974708557129
79.15400879457508 448.45977783203125 11.236054420471191
79.25399280568402 437.23138427734375 9.75975513458252
79.65392885011977 430.1810302734375 4.6341729164123535
79.7539128612287 435.80548095703125 5.376754283905029
79.7539128612287 433.9481201171875 8.861478805541992
79.78724086493169 440.5123596191406 10.657410621643066
79.82056886863467 440.5123596191406 10.657410621643066
79.88722487604062 472.1321105957031 7.392678260803223
80.42047293528829 424.0847473144531 6.162927150726318
80.82040897972404 454.0616455078125 11.972578048706055
80.92039299083297 464.2459411621094 6.812253952026367
81.05370500564489 420.32666015625 7.5371413230896
81.48696905378361 436.7743225097656 12.032971382141113
81.58695306489255 424.0996398925781 11.773643493652344
82.25351313895213 433.97296142578125 14.469106674194336
82.58679317598191 461.4830017089844 9.231192588806152
82.6201211796849 460.0997314453125 10.442239761352539
82.72010519079383 461.9790954589844 12.548670768737793
82.75343319449681 424.5790710449219 15.113265037536621
83.5533052833683 448.0088195800781 13.50663948059082
83.58663328707128 472.6327819824219 10.702594757080078
83.81992931299214 467.0619812011719 9.967432022094727
83.81992931299214 424.0996398925781 11.773643493652344
83.91991332410107 439.0850830078125 6.275407314300537
83.95324132780405 464.2459411621094 6.812253952026367
83.95324132780405 450.30047607421875 7.755469799041748
84.15320935002192 467.502197265625 7.706693649291992
84.25319336113087 429.7411193847656 12.512619018554688
84.31984936853682 471.6944580078125 9.651509284973145
84.38650537594278 472.6327819824219 10.702594757080078
84.55314539445767 459.1601867675781 9.389167785644531
84.6864574092696 464.2459411621094 6.812253952026367
84.78644142037852 461.4306335449219 3.6579344272613525
84.78644142037852 452.6292419433594 7.597960948944092
84.81976942408151 466.1231994628906 8.915610313415527
85.21970546851726 424.0996398925781 11.773643493652344
85.28636147592321 457.32958984375 12.8674955368042
85.55298550554704 460.0997314453125 10.442239761352539
85.58631350925002 457.775390625 10.600754737854004
85.61964151295301 457.775390625 10.600754737854004
85.68629752035896 423.1562805175781 10.714372634887695
85.75295352776492 472.6327819824219 10.702594757080078
85.91959354627981 468.0008239746094 11.019350051879883
85.95292154998279 462.42230224609375 10.283846855163574
86.35285759441854 417.50604248046875 9.973557472229004
86.4195136018245 425.9866638183594 13.892475128173828
86.78612164255726 441.421630859375 6.118244647979736
86.95276166107216 451.6468505859375 0.968037486076355
86.98608966477514 451.6468505859375 0.968037486076355
87.25271369439898 428.7785339355469 5.848089218139648
87.28604169810195 455.40283203125 5.177836894989014
87.28604169810195 431.5823059082031 3.4213154315948486
87.31936970180493 460.49237060546875 2.6066854000091553
87.48600972031983 462.3689880371094 4.709278583526611
87.48600972031983 449.3201599121094 1.122799277305603
87.58599373142876 457.6781311035156 -0.5464887022972107
87.9859297758645 449.3201599121094 1.122799277305603
88.05258578327047 467.8832092285156 -0.11193127185106277
88.05258578327047 462.3689880371094 4.709278583526611
88.11924179067643 463.74932861328125 3.5024068355560303
88.3192098128943 457.2331848144531 1.7103488445281982
88.38586582030025 459.99786376953125 -0.700354278087616
88.41919382400324 459.99786376953125 -0.700354278087616
88.45252182770622 416.08026123046875 -0.02820892259478569
88.785801864736 468.3813171386719 3.19171404838562
88.98576988695388 467.8832092285156 -0.11193127185106277
88.98576988695388 457.6781311035156 -0.5464887022972107
89.25239391657772 464.1908264160156 1.246259331703186
89.38570593138962 468.3813171386719 3.19171404838562
89.61900195731049 459.60467529296875 7.126169681549072
89.68565796471644 473.5068054199219 6.185884475708008
89.71898596841942 470.25653076171875 5.29200553894043
89.81896997952836 469.7574157714844 1.9869601726531982
89.88562598693431 467.44384765625 2.1417109966278076
89.88562598693431 430.1810302734375 4.6341729164123535
89.91895399063729 467.44384765625 2.1417109966278076
90.15225001655814 473.5068054199219 6.185884475708008
90.25223402766709 470.7561950683594 8.600519180297852
90.25223402766709 464.6874084472656 4.553335666656494
90.41887404618198 458.6656494140625 6.073801517486572
90.48553005358794 446.5781555175781 9.125825881958008
90.58551406469687 417.497802734375 4.360781669616699
90.61884206839986 419.38360595703125 6.47825813293457
91.21874613505348 443.3032531738281 8.228734016418457
91.28540214245943 464.2459411621094 6.812253952026367
91.31873014616241 464.2459411621094 6.812253952026367
91.41871415727135 458.2207336425781 8.336191177368164
91.4853701646773 434.4064636230469 6.590101718902588
91.58535417578624 438.62933349609375 8.544859886169434
91.8186502017071 466.1231994628906 8.915610313415527
91.8186502017071 459.60467529296875 7.126169681549072
91.85197820541008 467.94195556640625 5.448122024536133
91.88530620911305 460.49237060546875 2.6066854000091553
91.91863421281603 427.37481689453125 7.063066005706787
91.95196221651901 436.7466735839844 6.432693004608154
91.98529022022198 413.73162841796875 5.734452247619629
92.21858624614285 429.2394714355469 3.577587127685547
92.25191424984583 459.1101379394531 3.8135828971862793
92.25191424984583 413.73162841796875 5.734452247619629
92.2852422535488 439.0850830078125 6.275407314300537
92.35189826095475 426.43255615234375 6.005446434020996
92.41855426836072 452.6292419433594 7.597960948944092
92.41855426836072 443.7563781738281 5.961204528808594
92.41855426836072 422.2129821777344 9.655198097229004
92.4518822720637 422.2129821777344 9.655198097229004
92.68517829798455 462.3689880371094 4.709278583526611
92.68517829798455 455.84906005859375 2.917271614074707
92.71850630168753 443.7563781738281 5.961204528808594
92.71850630168753 439.9952087402344 1.743053674697876
92.78516230909348 459.1101379394531 3.8135828971862793
92.81849031279647 459.1101379394531 3.8135828971862793
92.95180232760838 462.3689880371094 4.709278583526611
93.0851143424203 447.4804992675781 4.5936455726623535
93.21842635723222 469.3188781738281 4.241812229156494
93.2517543609352 423.142333984375 5.104983329772949
93.48505038685605 417.497802734375 4.360781669616699
93.68501840907392 460.49237060546875 2.6066854000091553
93.78500242018285 421.735107421875 6.320530891418457
93.85165842758882 433.9481201171875 8.861478805541992
93.91831443499477 456.8355712890625 9.547266006469727
94.01829844610371 428.317138671875 8.120781898498535
94.11828245721264 454.9562072753906 7.440574645996094
94.1849384646186 460.5437927246094 8.178632736206055
94.25159447202456 460.9874267578125 5.91719913482666
94.3515784831335 459.60467529296875 7.126169681549072
94.41823449053946 466.06622314453125 3.3470001220703125
94.58487450905434 450.30047607421875 7.755469799041748
94.65153051646031 450.30047607421875 7.755469799041748
94.68485852016329 450.30047607421875 7.755469799041748
95.08479456459904 433.4649963378906 5.533743381500244
95.41807460162883 461.4830017089844 9.231192588806152
95.41807460162883 433.9481201171875 8.861478805541992
95.65137062754968 447.9698791503906 7.9131011962890625
95.75135463865861 458.2207336425781 8.336191177368164
95.75135463865861 441.421630859375 6.118244647979736
95.88466665347053 464.2459411621094 6.812253952026367
95.95132266087649 454.0616455078125 11.972578048706055
96.15129068309436 449.850830078125 10.022299766540527
96.61788273493607 430.1810302734375 4.6341729164123535
96.65121073863905 442.8159484863281 4.906522750854492
96.78452275345096 454.5091247558594 9.705487251281738
96.81785075715395 426.91253662109375 9.3373384475708
96.95116277196585 455.4491882324219 10.759393692016602
97.1844587978867 421.269775390625 8.596121788024902
97.25111480529267 458.2207336425781 8.336191177368164
97.3510988164016 453.0771789550781 5.334266662597656
97.45108282751055 443.7563781738281 5.961204528808594
97.6843788534314 461.4306335449219 3.6579344272613525
97.81769086824332 441.421630859375 6.118244647979736
97.88434687564927 457.7266845703125 5.021529197692871
97.88434687564927 406.1837463378906 2.8690807819366455
97.9843308867582 458.6161193847656 0.5044739842414856
98.08431489786715 420.79241943359375 5.262165546417236
98.25095491638204 462.86505126953125 8.021197319030762
98.35093892749097 425.9698486328125 8.279104232788086
98.38426693119395 440.96722412109375 8.386734962463379
98.38426693119395 425.9698486328125 8.279104232788086
98.61756295711481 448.42041015625 5.647490978240967
98.61756295711481 444.2090759277344 3.6958558559417725
98.65089096081779 422.6644287109375 1.7759344577789307
98.68421896452077 459.1101379394531 3.8135828971862793
98.71754696822374 422.1999816894531 4.047136306762695
98.7842029756297 444.2090759277344 3.6958558559417725
98.81753097933269 444.2090759277344 3.6958558559417725
98.91751499044162 457.2813415527344 7.283310890197754
99.01749900155056 444.6968994140625 7.015982151031494
99.05082700525354 429.72052001953125 6.905287742614746
99.11748301265949 429.72052001953125 6.905287742614746
99.15081101636247 429.72052001953125 6.905287742614746
99.25079502747141 459.60467529296875 7.126169681549072
99.31745103487737 451.198486328125 3.2283413410186768
99.31745103487737 420.3155517578125 1.9317317008972168
100.61724317929355 428.7785339355469 5.848089218139648
100.65057118299653 425.9698486328125 8.279104232788086
100.78388319780844 447.4804992675781 4.5936455726623535
100.81721120151143 465.12847900390625 2.296581983566284
100.91719521262036 421.2577209472656 2.9893856048583984
101.1504912385412 460.0487365722656 4.8653435707092285
101.21714724594717 448.9103088378906 8.967652320861816
101.38378726446206 470.6946105957031 3.036548614501953
101.41711526816505 472.1321105957031 7.392678260803223
101.61708329038292 462.3689880371094 4.709278583526611
101.61708329038292 458.171630859375 2.761918067932129
101.6504112940859 462.3689880371094 4.709278583526611
101.68373929778888 462.3689880371094 4.709278583526611
101.75039530519483 462.3689880371094 4.709278583526611
101.8170513126008 441.421630859375 6.118244647979736
101.8170513126008 416.5550231933594 3.3021883964538574
101.9503633274127 464.6874084472656 4.553335666656494
102.01701933481867 468.3813171386719 3.19171404838562
102.05034733852165 455.40283203125 5.177836894989014
102.08367534222462 469.7574157714844 1.9869601726531982
102.08367534222462 463.2532653808594 0.19603191316127777
102.1170033459276 463.2532653808594 0.19603191316127777
102.1170033459276 447.9310302734375 2.330821990966797
102.15033134963058 463.2532653808594 0.19603191316127777
102.2836433644425 454.9103698730469 1.865286111831665
102.41695537925442 458.6161193847656 0.5044739842414856
102.95020343850207 429.2394714355469 3.577587127685547
103.05018744961102 461.8734130859375 1.400835633277893
103.15017146071995 463.2532653808594 0.19603191316127777
103.15017146071995 438.1151123046875 -0.36544570326805115
103.18349946442292 460.49237060546875 2.6066854000091553
103.21682746812591 423.6063232421875 2.833167791366577
103.45012349404676 467.0040588378906 4.397513389587402
103.65009151626464 428.7589416503906 0.2533961236476898
103.68341951996761 457.6781311035156 -0.5464887022972107
103.71674752367059 459.55419921875 1.5555320978164673
103.75007552737357 452.09478759765625 -1.2900972366333008
104.08335556440336 427.8366394042969 4.790987014770508
104.11668356810634 427.8366394042969 4.790987014770508
104.18333957551229 429.2394714355469 3.577587127685547
104.51661961254209 415.61865234375 7.853810787200928
105.08319567549273 449.4411315917969 17.892473220825195
105.08319567549273 406.64874267578125 17.471134185791016
105.48313171992848 444.314697265625 20.494531631469727
105.58311573103741 440.1191711425781 24.16276741027832
105.78308375325528 406.6432189941406 28.780269622802734
106.249675805097 415.1733703613281 32.70768737792969
106.34965981620593 429.8238830566406 35.05580139160156
106.51629983472083 447.67340087890625 32.64296340942383
106.5496278384238 431.23309326171875 33.82286071777344
106.7162678569387 438.7182312011719 25.387653350830078
106.78292386434465 442.49603271484375 29.62905502319336
106.98289188656253 421.31817626953125 31.136978149414062
107.0495478939685 396.6611022949219 31.75641632080078
107.08287589767147 414.22552490234375 31.641992568969727
107.08287589767147 396.6611022949219 31.75641632080078
107.38282793099827 388.07525634765625 33.503963470458984
107.48281194210722 413.7538757324219 33.94293975830078
107.5161399458102 413.7538757324219 33.94293975830078
107.71610796802807 440.1815490722656 35.44080352783203
107.74943597173105 395.6976623535156 36.3731803894043
108.01606000135489 444.8758544921875 35.10212707519531
108.48265205319659 427.44793701171875 29.570112228393555
108.71594807911744 443.8955993652344 28.402090072631836
108.74927608282042 443.8955993652344 28.402090072631836
108.74927608282042 434.99365234375 32.422603607177734
108.94924410503829 428.8375549316406 22.700185775756836
109.01590011244426 400.4781494140625 24.682098388671875
109.18254013095914 404.7472839355469 26.64805030822754
109.34918014947404 401.4261779785156 25.748390197753906
109.61580417909786 407.5913391113281 29.846525192260742
109.81577220131574 419.41412353515625 23.358747482299805
110.54898828278128 435.42694091796875 24.492450714111328
111.51550039016767 447.59600830078125 21.38924217224121
112.21538846793023 443.8606872558594 22.774856567382812
112.38202848644512 429.78240966796875 23.761369705200195
112.48201249755407 448.5783996582031 28.06954574584961
112.61532451236597 435.9126281738281 27.840641021728516
112.7486365271779 407.118408203125 26.4814510345459
112.78196453088087 439.2054748535156 28.735157012939453
112.98193255309874 401.4180908203125 31.418603897094727
113.01526055680172 413.7538757324219 33.94293975830078
113.01526055680172 401.4180908203125 31.418603897094727
113.24855658272259 442.9853820800781 32.97941589355469
113.38186859753449 398.5714111328125 28.215978622436523
113.51518061234641 413.27777099609375 30.57639503479004
113.54850861604939 443.8955993652344 28.402090072631836
113.64849262715833 447.67340087890625 32.64296340942383
113.68182063086131 427.930419921875 32.92818832397461
113.71514863456429 453.7478942871094 31.080177307128906
113.78180464197024 454.6459045410156 26.513835906982422
114.51502072343578 428.8573303222656 28.34033966064453
114.61500473454471 404.270751953125 28.94785499572754
114.71498874565366 403.3224792480469 27.881267547607422
114.98161277527748 442.49603271484375 29.62905502319336
115.2815648086043 448.1261291503906 30.35515022277832
115.54818883822813 442.0072021484375 26.282236099243164
115.68150085304005 424.1295471191406 23.02920913696289
115.71482885674303 425.0749206542969 24.09123992919922
115.81481286785196 403.3224792480469 27.881267547607422
115.84814087155495 396.6611022949219 31.75641632080078
116.04810889377282 428.8375549316406 22.700185775756836
116.11476490117877 399.5302429199219 23.615903854370117
116.2147489122877 443.8258361816406 17.158987045288086
116.28140491969367 443.8258361816406 17.158987045288086
116.31473292339665 442.4290771484375 18.378562927246094
116.3813889308026 403.32861328125 22.219898223876953
116.41471693450558 398.102783203125 24.848102569580078
116.41471693450558 390.481201171875 27.65040397644043
116.41471693450558 383.32281494140625 28.153364181518555
116.48137294191154 408.5395202636719 30.912879943847656
116.61468495672345 418.01739501953125 35.90536117553711
116.64801296042644 421.330322265625 36.80084228515625
116.74799697153537 422.2914733886719 43.54334259033203
116.78132497523835 377.4926452636719 44.53679656982422
116.94796499375325 408.060791015625 50.28894805908203
116.98129299745622 408.060791015625 50.28894805908203
117.0146210011592 376.47161865234375 54.93009567260742
117.11460501226814 405.2064514160156 47.076133728027344
117.61452506781282 436.8855285644531 34.547664642333984
117.74783708262474 444.8399353027344 29.4621639251709
117.78116508632772 473.2624206542969 25.19530487060547
117.8144930900307 428.8375549316406 22.700185775756836
117.91447710113964 445.25762939453125 21.552661895751953
117.98113310854559 478.26458740234375 17.011110305786133
117.98113310854559 476.01806640625 22.75989532470703
118.01446111224857 476.01806640625 22.75989532470703
118.18110113076347 465.7956237792969 22.358701705932617
118.51438116779326 490.7428894042969 17.258596420288086
119.5475492825856 445.18524169921875 10.339607238769531
120.0474693381303 480.0006408691406 7.971804618835449
120.21410935664518 474.4443664550781 7.235853672027588
120.24743736034817 474.4443664550781 7.235853672027588
120.48073338626902 473.5068054199219 6.185884475708008
120.514061389972 473.5068054199219 6.185884475708008
120.88066943070477 439.0850830078125 6.275407314300537
120.91399743440775 436.7466735839844 6.432693004608154
121.04730944921967 443.7563781738281 5.961204528808594
121.21394946773455 448.9103088378906 8.967652320861816
121.38058948624945 474.4443664550781 7.235853672027588
121.38058948624945 468.0008239746094 11.019350051879883
121.38058948624945 435.8321838378906 10.97571086883545
121.41391748995242 475.38201904296875 8.285918235778809
121.71386952327924 438.62933349609375 8.544859886169434
121.88050954179414 479.1334533691406 12.487126350402832
121.98049355290307 481.0096740722656 14.588302612304688
122.38042959733882 456.8355712890625 9.547266006469727
122.38042959733882 427.8553161621094 10.395668983459473
122.51374161215074 473.1340026855469 14.015986442565918
122.51374161215074 465.6821594238281 11.177911758422852
122.58039761955669 452.22406005859375 15.457663536071777
122.94700566028946 430.68414306640625 13.571240425109863
123.98017377508181 455.8958435058594 8.49387264251709
124.01350177878479 455.8958435058594 8.49387264251709
125.07999789728012 476.3197326660156 9.336077690124512
125.24663791579502 462.3689880371094 4.709278583526611
125.24663791579502 433.9481201171875 8.861478805541992
125.34662192690395 473.94317626953125 3.9307727813720703
125.34662192690395 438.1441345214844 5.219888210296631
125.37994993060693 473.94317626953125 3.9307727813720703
125.37994993060693 438.1441345214844 5.219888210296631
125.9131979898546 436.2896423339844 8.703107833862305
126.41311804539927 454.9562072753906 7.440574645996094
126.71307007872609 434.4064636230469 6.590101718902588
126.87971009724099 480.0006408691406 7.971804618835449
127.0130221120529 476.25262451171875 3.7754337787628174
127.0130221120529 444.6968994140625 7.015982151031494
127.04635011575589 456.8355712890625 9.547266006469727
127.04635011575589 433.0062255859375 7.804507732391357
127.14633412686482 434.4064636230469 6.590101718902588
127.17966213056779 435.3480224609375 7.646556377410889
127.34630214908269 478.12646484375 5.873429298400879
127.37963015278567 455.8958435058594 8.49387264251709
127.37963015278567 445.18524169921875 10.339607238769531
127.91287821203333 450.25927734375 2.175522565841675
127.94620621573631 482.73895263671875 5.561458110809326
128.04619022684525 438.1441345214844 5.219888210296631
128.446126271281 481.2983093261719 1.2150046825408936
128.51278227868696 432.98236083984375 2.2095158100128174
128.9460463268257 429.2394714355469 3.577587127685547
128.97937433052866 476.25262451171875 3.7754337787628174
129.0460303379346 454.9103698730469 1.865286111831665
129.34598237126144 460.9874267578125 5.91719913482666
129.5459503934793 454.5091247558594 9.705487251281738
129.64593440458825 463.3074035644531 5.76071834564209
129.8459024268061 441.8756103515625 3.8519370555877686
130.012542445321 454.9562072753906 7.440574645996094
130.27916647494484 475.38201904296875 8.285918235778809
130.27916647494484 457.775390625 10.600754737854004
130.3124944786478 475.38201904296875 8.285918235778809
130.3791504860538 459.60467529296875 7.126169681549072
130.41247848975675 431.6047668457031 9.019974708557129
130.44580649345974 431.6047668457031 9.019974708557129
130.4791344971627 431.6047668457031 9.019974708557129
130.5124625008657 431.6047668457031 9.019974708557129
130.54579050456869 431.6047668457031 9.019974708557129
130.77908653048954 476.3869934082031 14.907889366149902
130.94572654900443 440.9991149902344 13.987309455871582
131.04571056011335 467.1200256347656 15.548556327819824
131.34566259344018 475.38201904296875 8.285918235778809
131.34566259344018 433.4893493652344 11.135047912597656
131.4789746082521 472.1951599121094 12.96419906616211
131.57895861936103 485.1183776855469 10.961963653564453
131.612286623064 485.1183776855469 10.961963653564453
131.612286623064 473.57122802734375 11.753775596618652
131.64561462676699 485.1183776855469 10.961963653564453
131.64561462676699 473.57122802734375 11.753775596618652
132.01222266749974 478.62969970703125 9.178544998168945
132.2455186934206 473.07000732421875 8.443157196044922
132.4121587119355 438.1731872558594 10.816498756408691
132.47881471934144 476.3197326660156 9.336077690124512
132.54547072674742 475.38201904296875 8.285918235778809
132.84542276007423 446.08929443359375 5.804286479949951
132.91207876748018 474.00799560546875 9.493732452392578
133.31201481191593 428.79815673828125 11.454095840454102
133.5119828341338 462.3689880371094 4.709278583526611
133.5119828341338 456.8355712890625 9.547266006469727
133.6786228526487 462.42230224609375 10.283846855163574
133.71195085635168 461.03936767578125 11.495407104492188
133.77860686375763 461.03936767578125 11.495407104492188
133.81193486746062 439.1150817871094 11.87333869934082
133.97857488597552 442.3623962402344 7.173441410064697
134.27852691930232 461.92620849609375 6.969150543212891
134.37851093041127 457.32958984375 12.8674955368042
134.81177497854998 473.5068054199219 6.185884475708008
134.84510298225297 473.5068054199219 6.185884475708008
134.87843098595593 473.5068054199219 6.185884475708008
134.87843098595593 447.9698791503906 7.9131011962890625
134.87843098595593 447.0675354003906 12.450865745544434
134.91175898965892 480.0006408691406 7.971804618835449
134.91175898965892 451.7320861816406 12.131882667541504
135.14505501557977 468.0008239746094 11.019350051879883
135.21171102298572 453.61370849609375 14.241849899291992
135.24503902668872 473.57122802734375 11.753775596618652
135.37835104150062 473.57122802734375 11.753775596618652
135.71163107853042 462.42230224609375 10.283846855163574
135.84494309334232 480.0715026855469 13.537667274475098
136.2115511340751 473.57122802734375 11.753775596618652
136.27820714148106 466.1231994628906 8.915610313415527
136.31153514518402 460.0997314453125 10.442239761352539
136.34486314888701 478.1954650878906 11.436681747436523
136.57815917480787 457.32958984375 12.8674955368042
136.64481518221382 480.0006408691406 7.971804618835449
138.01126333403596 480.9378356933594 9.021134376525879
138.04459133773895 461.4830017089844 9.231192588806152
138.0779193414419 461.4830017089844 9.231192588806152
138.1112473451449 461.4830017089844 9.231192588806152
138.5778393969866 468.44061279296875 8.758004188537598
138.5778393969866 454.5091247558594 9.705487251281738
138.67782340809555 450.30047607421875 7.755469799041748
138.7444794155015 445.6374816894531 8.070856094360352
139.2443994710462 476.8224792480469 12.646027565002441
139.31105547845215 449.850830078125 10.022299766540527
139.3443834821551 467.5606384277344 13.282866477966309
139.94428754880875 434.4571228027344 17.806690216064453
140.07759956362065 432.5704650878906 15.68877124786377
140.27756758583854 481.0096740722656 14.588302612304688
140.27756758583854 480.1425476074219 19.11471176147461
140.61084762286833 433.51373291015625 16.747682571411133
141.21075168952194 470.7561950683594 8.600519180297852
141.54403172655174 479.49688720703125 4.6687517166137695
141.64401573766068 462.3689880371094 4.709278583526611
141.81065575617558 453.0332336425781 -0.23839835822582245
141.97729577469048 466.9462585449219 -1.1612343788146973
141.97729577469048 460.93560791015625 0.3501930236816406
142.37723181912622 457.58123779296875 -11.64903736114502
142.51054383393813 491.69549560546875 -11.642792701721191
142.5438718376411 480.6519470214844 -13.136362075805664
142.97713588577983 478.71588134765625 -20.733713150024414
143.11044790059174 493.3933410644531 -20.561777114868164
145.34342414869133 471.3830871582031 -18.063678741455078
146.27660825237476 450.1361999511719 -14.497157096862793
146.30993625607772 450.1361999511719 -14.497157096862793
146.3765922634837 451.5196838378906 -15.693785667419434
146.8431843153254 446.39154052734375 -18.691787719726562
146.90984032273136 447.32757568359375 -17.643272399902344
147.54307239308795 493.98516845703125 -11.791254043579102
147.54307239308795 445.4918212890625 -14.20032787322998
148.84286453750414 440.9035949707031 -2.780587911605835
148.84286453750414 439.0252380371094 -4.8866496086120605
148.9095205449101 442.2959899902344 -3.986583709716797
149.00950455601904 440.93536376953125 2.7974472045898438
149.5427526152667 470.8797302246094 19.762046813964844
149.5427526152667 432.5939636230469 21.311439514160156
149.57608061896968 466.2375183105469 20.086471557617188
149.80937664489053 470.4404296875 22.032352447509766
150.27596869673224 438.2023010253906 16.424421310424805
150.3092967004352 448.9501953125 14.562509536743164
150.642576737465 432.5704650878906 15.68877124786377
150.87587276338584 466.1802978515625 14.495423316955566
150.9425287707918 440.5438232421875 16.26297950744629
150.9758567744948 452.6728515625 13.18681812286377
151.07584078560373 461.4830017089844 9.231192588806152
151.1091687893067 436.3168640136719 14.308382034301758
151.50910483374244 451.2828674316406 14.402116775512695
151.84238487077224 470.7561950683594 8.600519180297852
152.0756808966931 428.79815673828125 11.454095840454102
152.10900890039608 431.1446838378906 11.294508934020996
152.30897692261394 431.6047668457031 9.019974708557129
152.37563293001992 459.60467529296875 7.126169681549072
152.44228893742587 445.6374816894531 8.070856094360352
152.77556897445567 448.45977783203125 11.236054420471191
153.90872110035693 448.9501953125 14.562509536743164
153.90872110035693 425.9866638183594 13.892475128173828
154.07536111887183 428.8178405761719 17.071449279785156
154.30865714479268 478.26458740234375 17.011110305786133
154.30865714479268 473.6357727050781 17.33285903930664
154.40864115590162 430.7057189941406 19.191251754760742
154.57528117441652 473.6357727050781 17.33285903930664
154.74192119293141 464.3011169433594 12.389443397521973
154.7752491966344 468.9397888183594 12.071362495422363
154.84190520404036 465.24066162109375 13.44238567352295
154.84190520404036 451.2828674316406 14.402116775512695
154.94188921514927 448.4992370605469 16.835895538330078
154.94188921514927 434.9417724609375 21.147802352905273
154.97521721885226 421.76019287109375 17.558053970336914
155.17518524107015 427.8740234375 16.011693954467773
155.8750733188327 429.7411193847656 12.512619018554688
156.3749933743774 446.5781555175781 9.125825881958008
157.008225444734 429.72052001953125 6.905287742614746
157.07488145213995 430.66259765625 7.962583065032959
157.2748494743578 460.5953063964844 13.761797904968262
157.4748174965757 462.42230224609375 10.283846855163574
157.4748174965757 448.45977783203125 11.236054420471191
157.50814550027866 462.42230224609375 10.283846855163574
157.50814550027866 448.45977783203125 11.236054420471191
157.7414415261995 448.45977783203125 11.236054420471191
157.9414095484174 479.1334533691406 12.487126350402832
158.574641618774 481.9479064941406 15.639033317565918
158.84126564839784 441.0310974121094 19.59920310974121
159.0745616743187 455.9427185058594 14.081707954406738
159.5411537261604 480.1425476074219 19.11471176147461
159.57448172986338 480.1425476074219 19.11471176147461
159.57448172986338 456.436767578125 17.407520294189453
159.94108977059614 475.8842468261719 11.59516716003418
160.10772978911103 440.05706787109375 12.930275917053223
160.24104180392294 459.6552429199219 12.70802116394043
160.90760187798253 461.4830017089844 9.231192588806152
160.9409298816855 460.0997314453125 10.442239761352539
160.97425788538848 471.6944580078125 9.651509284973145
160.97425788538848 460.0997314453125 10.442239761352539
161.00758588909147 461.4830017089844 9.231192588806152
161.40752193352722 443.7563781738281 5.961204528808594
161.50750594463614 463.3616638183594 11.336597442626953
161.54083394833913 442.8497009277344 10.49844741821289
161.64081795944807 473.57122802734375 11.753775596618652
161.84078598166593 438.1731872558594 10.816498756408691
161.87411398536892 447.5189208984375 10.180891990661621
161.94076999277488 469.8788146972656 13.123470306396484
162.20739402239872 445.18524169921875 10.339607238769531
162.24072202610168 434.4317626953125 12.192728996276855
162.34070603721062 430.68414306640625 13.571240425109863
162.67398607424042 454.0616455078125 11.972578048706055
162.90728210016127 430.68414306640625 13.571240425109863
163.34054614829998 472.25836181640625 18.546924591064453
163.67382618532977 432.5704650878906 15.68877124786377
164.47369827420127 433.4893493652344 11.135047912597656
165.0736023408549 453.1212158203125 10.918156623840332
165.74016241491447 426.91253662109375 9.3373384475708
165.8734744297264 429.72052001953125 6.905287742614746
165.90680243342936 450.30047607421875 7.755469799041748
166.0067864445383 457.32958984375 12.8674955368042
166.1400984593502 433.4893493652344 11.135047912597656
166.40672248897405 473.5068054199219 6.185884475708008
166.40672248897405 456.8355712890625 9.547266006469727
166.7733305297068 486.4855651855469 9.755277633666992
166.9399705482217 442.8497009277344 10.49844741821289
166.9732985519247 442.8497009277344 10.49844741821289
167.2732505852515 475.3158264160156 2.726578712463379
167.3065785889545 462.86505126953125 8.021197319030762
167.37323459636045 454.5091247558594 9.705487251281738
167.83982664820215 480.0006408691406 7.971804618835449
167.9398106593111 445.6374816894531 8.070856094360352
168.00646666671705 484.6120910644531 7.658177852630615
168.4064027111528 460.1508483886719 16.030366897583008
168.4064027111528 449.4007263183594 12.291312217712402
169.13961879261834 437.259521484375 15.366353034973145
169.3395868148362 455.00213623046875 13.027094841003418
169.5062268333511 433.0301208496094 13.410810470581055
169.80617886667793 469.939697265625 18.70853042602539
169.8395068703809 475.44830322265625 13.856422424316406
169.8395068703809 469.939697265625 18.70853042602539
170.20611491111367 449.89166259765625 15.618475914001465
170.90600298887622 433.4893493652344 11.135047912597656
170.97265899628218 431.1446838378906 11.294508934020996
171.27261102960898 451.2828674316406 14.402116775512695
171.30593903331197 451.2828674316406 14.402116775512695
171.33926703701493 451.2828674316406 14.402116775512695
171.37259504071793 451.2828674316406 14.402116775512695
171.40592304442092 451.2828674316406 14.402116775512695
171.83918709255963 447.55743408203125 15.779412269592285
172.33910714810432 441.9412841796875 15.044438362121582
172.37243515180728 467.0619812011719 9.967432022094727
172.70571518883708 446.1263427734375 11.395188331604004
172.70571518883708 440.05706787109375 12.930275917053223
172.73904319254007 481.8751525878906 10.07055950164795
172.90568321105496 437.23138427734375 9.75975513458252
173.07232322956986 480.9378356933594 9.021134376525879
173.07232322956986 435.3480224609375 7.646556377410889
173.10565123327282 480.9378356933594 9.021134376525879
173.7722113073324 471.6944580078125 9.651509284973145
174.20547535547115 468.5 14.33548641204834
174.2388033591741 468.5 14.33548641204834
174.47209938509496 448.45977783203125 11.236054420471191
174.5720833962039 453.61370849609375 14.241849899291992
174.6054113999069 453.61370849609375 14.241849899291992
174.70539541101581 430.68414306640625 13.571240425109863
174.7387234147188 435.8321838378906 10.97571086883545
174.83870742582775 458.2699279785156 13.921689987182617
175.2053154665605 467.1200256347656 15.548556327819824
175.27197147396646 457.32958984375 12.8674955368042
175.30529947766945 457.32958984375 12.8674955368042
175.77189152951115 454.106689453125 17.569046020507812
175.80521953321414 454.106689453125 17.569046020507812
175.90520354432306 429.7617492675781 18.131301879882812
176.60509162208564 446.1634521484375 16.997377395629883
177.1050116776303 429.7617492675781 18.131301879882812
177.20499568873925 478.7689208984375 20.328716278076172
177.20499568873925 452.2673034667969 21.062786102294922
177.20499568873925 441.9742126464844 20.657657623291016
177.23832369244224 480.1425476074219 19.11471176147461
177.2716516961452 446.6533508300781 20.331533432006836
177.53827572576904 464.79876708984375 15.70903491973877
177.53827572576904 432.5704650878906 15.68877124786377
178.03819578131373 478.26458740234375 17.011110305786133
178.10485178871969 476.8902587890625 18.224090576171875
178.17150779612564 472.6963806152344 16.28036880493164
178.17150779612564 463.8587951660156 14.655484199523926
179.00470788870012 463.3616638183594 11.336597442626953
179.10469189980904 442.3957214355469 12.770347595214844
179.37131592943288 439.1451416015625 17.482585906982422
179.83790798127458 446.1634521484375 16.997377395629883
179.83790798127458 435.374267578125 13.250507354736328
180.43781204792822 456.38934326171875 11.813396453857422
180.67110807384907 468.5595397949219 19.924196243286133
181.07104411828482 467.2364501953125 26.74455451965332
181.13770012569077 416.5842590332031 25.81636619567871
181.20435613309672 428.8375549316406 22.700185775756836
181.70427618864142 481.1537780761719 25.756227493286133
182.00422822196822 481.0816345214844 20.166656494140625
182.10421223307716 480.64788818359375 22.433725357055664
182.10421223307716 447.59600830078125 21.38924217224121
182.2041962441861 487.57916259765625 21.94542121887207
182.2041962441861 476.95819091796875 23.813377380371094
182.2041962441861 442.91741943359375 21.716209411621094
182.5041482775129 492.1080322265625 16.04885482788086
182.60413228862186 486.99285888671875 13.060461044311523
182.77077230713672 485.54876708984375 8.706680297851562
183.3040203663844 460.9874267578125 5.91719913482666
183.4706603848993 466.0093688964844 -2.210442304611206
183.70395641082015 450.2181701660156 -3.3932085037231445
183.97058044044397 462.2626953125 -6.406323432922363
184.00390844414696 473.37835693359375 -4.916451454162598
184.2705324737708 464.08099365234375 -9.852276802062988
184.30386047747376 446.4659729003906 -7.59828519821167
184.50382849969165 455.7557678222656 -8.202360153198242
184.5371565033946 466.3919982910156 -10.00212287902832
184.5371565033946 455.7557678222656 -8.202360153198242
184.5704845070976 455.7557678222656 -8.202360153198242
184.6038125108006 455.7557678222656 -8.202360153198242
184.63714051450356 455.7557678222656 -8.202360153198242
184.83710853672144 465.8959655761719 -13.291956901550293
185.7036366329989 447.4039001464844 -6.547159194946289
185.73696463670186 446.4659729003906 -7.59828519821167
185.77029264040485 471.50726318359375 -7.0108962059021
186.60349273297933 442.9853820800781 32.97941589355469
187.103412788524 455.2796630859375 46.78399658203125
187.2700528070389 450.09710693359375 43.76953125
187.30338081074188 482.240478515625 38.025142669677734
187.33670881444485 457.57232666015625 40.95795440673828
187.37003681814784 484.0495300292969 34.52133560180664
187.40336482185083 469.18023681640625 34.473960876464844
188.10325289961338 471.8827819824219 26.41459846496582
