0.36666666666666664 413.73162841796875 5.734452247619629
0.43333333333333335 461.4306335449219 3.6579344272613525
0.43333333333333335 419.38360595703125 6.47825813293457
0.5333333333333333 462.86505126953125 8.021197319030762
0.5666666666666667 462.86505126953125 8.021197319030762
0.9 440.93536376953125 2.7974472045898438
0.9666666666666667 420.3155517578125 1.9317317008972168
1.0 451.6468505859375 0.968037486076355
1.3666666666666667 467.3275146484375 -8.954819679260254
1.7666666666666666 449.23992919921875 -10.000862121582031
2.933333333333333 450.0138854980469 -31.069801330566406
3.0 385.4916687011719 -31.577180862426758
3.066666666666667 388.3541564941406 -39.520347595214844
3.7333333333333334 373.2438049316406 -39.73814392089844
3.8 384.14556884765625 -47.02540969848633
4.066666666666666 423.8792419433594 -71.21267700195312
4.166666666666667 435.0113830566406 -64.18865966796875
4.3 434.13140869140625 -54.30055618286133
4.366666666666666 423.9373779296875 -49.32659912109375
4.6 407.14984130859375 -51.65955352783203
4.733333333333333 350.59637451171875 -53.96919250488281
5.166666666666667 398.1937255859375 -20.1096134185791
5.433333333333334 455.0809326171875 -33.58088302612305
5.566666666666666 479.3689880371094 -41.623291015625
6.033333333333333 460.2368469238281 -25.08597755432129
6.066666666666666 460.2368469238281 -25.08597755432129
6.233333333333333 419.3131103515625 -32.513885498046875
6.233333333333333 387.393798828125 -35.025394439697266
6.4 365.5960998535156 -31.491044998168945
6.7 353.8499755859375 0.6836076974868774
6.9 392.0028991699219 -1.81150221824646
6.966666666666667 455.3103942871094 -5.951661109924316
7.4 471.6944580078125 9.651509284973145
7.933333333333334 376.8720703125 -13.17955207824707
8.6 458.321044921875 -32.67795181274414
8.7 476.64990234375 -39.27300262451172
8.9 528.171630859375 -32.583343505859375
9.1 462.9841613769531 -27.4606876373291
9.3 420.24951171875 -31.46422004699707
9.5 407.1431884765625 -35.100337982177734
9.633333333333333 381.6768493652344 -24.661706924438477
11.0 440.17034912109375 -50.26536178588867
11.033333333333333 396.8524169921875 -52.171958923339844
11.333333333333334 384.601806640625 -43.73163604736328
12.0 477.53570556640625 -78.43799591064453
12.0 431.72564697265625 -75.98904418945312
12.133333333333333 472.6810302734375 -65.1932373046875
12.3 446.0968017578125 -62.62434005737305
12.633333333333333 347.65325927734375 -46.027626037597656
12.766666666666667 387.3493957519531 -23.895902633666992
12.933333333333334 384.5015869140625 -21.488418579101562
13.233333333333333 399.0719909667969 14.60417366027832
13.233333333333333 393.8602600097656 11.572866439819336
13.366666666666667 357.43267822265625 27.690353393554688
13.533333333333333 389.49127197265625 37.95802307128906
14.1 431.34466552734375 62.24180221557617
14.166666666666666 413.7763671875 62.4399299621582
14.466666666666667 444.52789306640625 54.39924240112305
14.633333333333333 392.779052734375 56.005489349365234
14.833333333333334 371.73388671875 43.811519622802734
14.966666666666667 376.079345703125 40.06551742553711
15.033333333333333 399.5001220703125 40.65317916870117
15.033333333333333 362.1491394042969 38.780906677246094
15.1 394.264404296875 37.614559173583984
15.166666666666666 366.0110168457031 37.3603630065918
15.2 360.240966796875 36.62937927246094
15.333333333333334 387.0790710449219 43.837928771972656
15.333333333333334 382.7798156738281 41.86579513549805
15.366666666666667 356.31683349609375 43.78499221801758
15.666666666666666 381.33660888671875 43.11328125
15.8 350.4637756347656 48.80690002441406
15.833333333333334 397.1171875 40.82599639892578
15.866666666666667 390.9089050292969 42.41725158691406
15.866666666666667 372.22998046875 41.486839294433594
16.066666666666666 376.50537109375 49.19022750854492
16.133333333333333 395.65570068359375 53.49882507324219
16.2 358.1228332519531 57.451419830322266
16.366666666666667 371.61773681640625 61.045963287353516
16.433333333333334 389.8973083496094 58.516597747802734
16.533333333333335 376.43780517578125 60.68177032470703
16.533333333333335 370.6607666015625 59.966400146484375
16.766666666666666 410.9175109863281 59.22126007080078
20.733333333333334 449.6852722167969 51.738258361816406
21.3 421.330322265625 36.80084228515625
22.6 428.51068115234375 64.74644470214844
23.7 413.7763671875 62.4399299621582
24.466666666666665 420.42742919921875 58.50090408325195
24.7 431.34466552734375 62.24180221557617
24.733333333333334 437.4869079589844 60.630367279052734
24.8 455.3729248046875 58.127708435058594
24.966666666666665 438.40777587890625 55.99948501586914
25.0 442.1732177734375 54.57670974731445
26.066666666666666 425.638427734375 55.8228874206543
26.433333333333334 419.4757385253906 57.42993927001953
26.533333333333335 417.57257080078125 55.28831100463867
27.466666666666665 426.1738586425781 76.39783477783203
27.5 422.3709716796875 77.8479995727539
27.533333333333335 432.8315734863281 78.1706314086914
28.1 440.4018249511719 75.2766342163086
28.133333333333333 440.4018249511719 75.2766342163086
28.4 450.75909423828125 69.88494873046875
29.166666666666668 431.8088684082031 59.921600341796875
29.8 444.52789306640625 54.39924240112305
29.966666666666665 447.33563232421875 51.914451599121094
30.0 453.9281005859375 53.69077682495117
30.0 445.932373046875 53.15630340576172
30.133333333333333 418.0439147949219 52.96949768066406
30.533333333333335 429.88641357421875 52.083709716796875
30.566666666666666 431.7860107421875 54.219783782958984
30.566666666666666 410.9159240722656 53.502647399902344
30.6 431.7860107421875 54.219783782958984
30.6 410.9159240722656 53.502647399902344
30.633333333333333 431.7860107421875 54.219783782958984
30.666666666666668 431.7860107421875 54.219783782958984
30.833333333333332 412.8197937011719 55.64561080932617
31.333333333333332 419.4757385253906 57.42993927001953
31.666666666666668 392.7449951171875 67.49649810791016
31.866666666666667 398.4827575683594 73.96442413330078
34.53333333333333 396.112060546875 62.63914489746094
37.3 431.87774658203125 77.09701538085938
37.43333333333333 423.79595947265625 76.58521270751953
37.733333333333334 415.2090759277344 66.9163589477539
38.03333333333333 429.9073486328125 57.7828254699707
38.03333333333333 407.1046447753906 60.655948638916016
38.1 429.9283142089844 63.493568420410156
38.2 423.7664489746094 65.1112289428711
38.3 423.7664489746094 65.1112289428711
38.43333333333333 405.1894226074219 69.98822784423828
38.666666666666664 426.1910705566406 82.14998626708984
38.833333333333336 450.4301452636719 89.40962219238281
38.9 434.3007507324219 88.41364288330078
39.0 417.1405334472656 86.33486938476562
40.833333333333336 519.7152709960938 113.51534271240234
40.9 531.5917358398438 104.46820831298828
40.9 518.653076171875 106.7146987915039
41.166666666666664 519.0469360351562 79.28367614746094
41.733333333333334 476.6573486328125 37.3075065612793
41.86666666666667 425.09088134765625 29.73749542236328
41.93333333333333 445.25762939453125 21.552661895751953
42.1 419.3937683105469 12.0936918258667
42.333333333333336 403.3408508300781 10.931634902954102
42.6 375.6546630859375 30.9692325592041
43.333333333333336 359.2355651855469 41.28072738647461
43.36666666666667 364.0576477050781 40.93283462524414
44.266666666666666 397.00360107421875 92.59209442138672
44.3 397.00360107421875 92.59209442138672
44.4 399.8934020996094 90.03813934326172
45.766666666666666 386.0070495605469 71.47415924072266
46.6 377.2954406738281 79.0909194946289
48.36666666666667 369.91851806640625 97.12191772460938
48.43333333333333 337.2129821777344 98.61409759521484
48.46666666666667 338.7000427246094 97.32090759277344
48.733333333333334 383.4674377441406 100.6791763305664
48.733333333333334 348.9467468261719 100.00222778320312
49.03333333333333 402.76446533203125 99.09174346923828
49.03333333333333 361.6099853515625 102.47724151611328
49.06666666666667 402.76446533203125 99.09174346923828
49.1 370.8818664550781 98.21046447753906
49.766666666666666 429.5658874511719 94.57310485839844
50.1 441.4199523925781 87.83760070800781
50.266666666666666 448.06512451171875 89.60189819335938
50.266666666666666 418.5805969238281 90.84205627441406
50.46666666666667 446.65283203125 90.86869049072266
50.7 429.0975341796875 96.92550659179688
50.733333333333334 437.196044921875 97.41547393798828
50.93333333333333 452.7933044433594 89.21749877929688
52.1 467.32061767578125 80.013671875
52.4 424.7347412109375 71.91580200195312
52.56666666666667 442.7666015625 75.09028625488281
53.46666666666667 442.6307678222656 52.26725769042969
53.53333333333333 395.65570068359375 53.49882507324219
53.63333333333333 373.60552978515625 51.69845962524414
53.766666666666666 398.538330078125 45.28398132324219
54.266666666666666 381.2790832519531 54.57142639160156
54.53333333333333 376.47161865234375 54.93009567260742
54.63333333333333 339.65484619140625 59.98911666870117
54.8 368.7470703125 57.80757522583008
54.9 333.8184509277344 59.26931381225586
55.06666666666667 375.48138427734375 59.603084564208984
55.166666666666664 360.0384826660156 59.613555908203125
55.266666666666666 360.0384826660156 59.613555908203125
55.43333333333333 357.1112976074219 62.142032623291016
55.56666666666667 374.5250244140625 58.524497985839844
55.86666666666667 386.05499267578125 59.95512390136719
56.266666666666666 427.0918273925781 66.00041961669922
58.0 479.17620849609375 90.51114654541016
58.03333333333333 479.105224609375 84.78832244873047
58.06666666666667 441.4199523925781 87.83760070800781
58.233333333333334 429.9703674316406 74.9500961303711
58.733333333333334 485.65362548828125 50.1701774597168
58.766666666666666 481.0079345703125 50.51942443847656
58.8 474.0257568359375 51.0443229675293
59.333333333333336 460.80242919921875 36.207305908203125
59.4 436.3988342285156 31.1923770904541
59.43333333333333 406.1675720214844 31.081321716308594
59.56666666666667 396.17962646484375 34.06367492675781
59.63333333333333 388.07525634765625 33.503963470458984
59.733333333333334 386.1502990722656 37.058380126953125
60.13333333333333 379.4613952636719 35.25720977783203
60.3 401.4261779785156 25.748390197753906
60.333333333333336 399.52020263671875 29.283422470092773
60.4 397.6346435546875 21.483810424804688
60.43333333333333 403.32861328125 22.219898223876953
60.93333333333333 350.7655944824219 20.1748046875
60.96666666666667 354.5748291015625 24.468807220458984
60.96666666666667 351.7177734375 21.248157501220703
61.13333333333333 367.008056640625 32.72087860107422
61.833333333333336 396.6221618652344 48.851165771484375
61.833333333333336 373.60552978515625 51.69845962524414
61.9 370.7005310058594 54.211151123046875
62.03333333333333 374.0650329589844 55.10964584350586
62.1 415.6697692871094 53.147071838378906
62.2 391.8250427246094 54.93059158325195
62.233333333333334 396.6091003417969 54.572757720947266
62.233333333333334 378.3828125 57.08502197265625
62.63333333333333 393.7491760253906 51.35126495361328
62.666666666666664 383.2160339355469 50.98691940307617
62.86666666666667 408.0621032714844 44.58607864379883
62.9 371.73388671875 43.811519622802734
63.1 392.8298645019531 38.85703659057617
63.166666666666664 329.2659606933594 36.54243850708008
63.233333333333334 376.1134033203125 34.35567855834961
63.4 311.65118408203125 40.0982666015625
63.766666666666666 366.4217529296875 46.490455627441406
63.93333333333333 312.40997314453125 52.75322723388672
64.26666666666667 291.6834716796875 79.95294952392578
64.36666666666666 287.978759765625 90.81810760498047
64.53333333333333 311.3942565917969 111.33290100097656
64.53333333333333 298.4246520996094 114.78015899658203
64.6 305.34930419921875 116.57208251953125
64.66666666666667 337.95672607421875 117.37837982177734
64.7 328.53594970703125 121.7223892211914
64.73333333333333 328.9796447753906 125.23780822753906
67.96666666666667 545.4376831054688 162.13467407226562
68.03333333333333 571.6692504882812 155.00367736816406
68.63333333333334 518.8753051757812 118.19210052490234
68.73333333333333 538.5116577148438 103.88020324707031
68.73333333333333 528.332763671875 103.60041809082031
68.73333333333333 509.783203125 105.17302703857422
68.86666666666666 492.1664123535156 82.58968353271484
68.9 455.56060791015625 80.95392608642578
69.03333333333333 435.6130065917969 64.2003402709961
69.16666666666667 467.9138488769531 46.97678756713867
69.43333333333334 433.4893493652344 11.135047912597656
69.46666666666667 425.4903869628906 4.94792366027832
69.66666666666667 395.78082275390625 2.434652328491211
69.93333333333334 344.035888671875 18.35749626159668
70.16666666666667 293.3195495605469 25.263586044311523
70.8 326.30963134765625 39.051780700683594
71.03333333333333 333.01605224609375 46.62680435180664
71.06666666666666 355.3612976074219 42.70703125
71.26666666666667 324.2185974121094 48.42057418823242
71.36666666666666 386.56781005859375 51.88431930541992
71.46666666666667 396.6091003417969 54.572757720947266
71.56666666666666 359.08062744140625 58.53243637084961
71.66666666666667 396.5960388183594 60.30607604980469
71.83333333333333 395.64166259765625 59.23078155517578
72.1 405.6764831542969 56.18262481689453
72.13333333333334 407.1069641113281 54.93108367919922
72.2 394.702392578125 52.42499542236328
72.8 353.2774963378906 57.81383514404297
72.86666666666666 378.3828125 57.08502197265625
73.26666666666667 411.39080810546875 51.18308639526367
73.36666666666666 375.5509033203125 48.11428451538086
73.36666666666666 372.1918640136719 47.214656829833984
73.4 403.7767028808594 48.322811126708984
73.43333333333334 402.3457336425781 49.57059097290039
73.43333333333334 376.999267578125 46.86237335205078
73.66666666666667 372.6503601074219 50.6214485168457
73.76666666666667 423.722412109375 47.9879035949707
74.06666666666666 411.8677978515625 54.57408142089844
74.16666666666667 403.77099609375 54.03706741333008
74.3 405.19793701171875 58.508731842041016
74.63333333333334 414.7294921875 63.51301956176758
74.63333333333334 392.7620544433594 61.74509811401367
74.83333333333333 429.4422302246094 60.101768493652344
74.93333333333334 409.9653625488281 63.87752151489258
75.16666666666667 434.198974609375 65.45259094238281
75.2 438.467041015625 67.4104232788086
75.2 433.2474365234375 64.3822250366211
75.23333333333333 438.467041015625 67.4104232788086
75.23333333333333 403.2791442871094 67.8359375
75.33333333333333 428.5302734375 70.47266387939453
75.36666666666666 414.26043701171875 71.58350372314453
75.36666666666666 398.4939270019531 68.20479583740234
75.56666666666666 438.467041015625 67.4104232788086
75.63333333333334 435.6398010253906 69.9192123413086
75.66666666666667 428.0442199707031 67.07217407226562
75.7 417.11663818359375 69.06430053710938
75.73333333333333 435.1769104003906 72.24708557128906
75.86666666666666 448.898193359375 73.462158203125
76.23333333333333 465.4192810058594 77.87698364257812
76.23333333333333 435.6935729980469 81.39205932617188
76.26666666666667 465.4192810058594 77.87698364257812
76.26666666666667 460.2183532714844 74.85828399658203
76.3 427.6146240234375 80.88507080078125
76.43333333333334 433.7854919433594 79.24433898925781
76.56666666666666 469.72845458984375 85.54703521728516
76.63333333333334 439.54168701171875 91.44819641113281
76.66666666666667 468.8376159667969 90.20899200439453
76.86666666666666 445.6982116699219 89.79432678222656
76.9 443.3294372558594 89.98690795898438
76.9 436.6756896972656 88.22147369384766
77.0 440.00372314453125 89.10449981689453
77.03333333333333 414.757080078125 92.309814453125
77.16666666666667 415.70867919921875 87.60546112060547
77.56666666666666 373.91937255859375 78.19749450683594
78.6 306.1078796386719 75.32605743408203
78.76666666666667 351.1208801269531 78.8226318359375
78.9 312.8712158203125 82.98485565185547
78.93333333333334 352.0829772949219 79.9098892211914
78.96666666666667 352.0829772949219 79.9098892211914
79.13333333333334 319.7324523925781 84.78567504882812
79.3 312.23614501953125 91.23916625976562
79.36666666666666 311.7012023925781 93.63052368164062
80.03333333333333 348.9467468261719 100.00222778320312
80.43333333333334 320.6986389160156 85.87950134277344
80.46666666666667 371.46173095703125 84.19143676757812
80.5 330.5298156738281 85.10289764404297
80.56666666666666 312.8712158203125 82.98485565185547
80.66666666666667 362.31231689453125 76.78705596923828
80.96666666666667 314.9028625488281 79.31806182861328
81.0 298.1521911621094 78.27970123291016
81.93333333333334 353.045166015625 80.99725341796875
82.33333333333333 284.2295227050781 80.53178405761719
82.33333333333333 274.6770935058594 84.80268096923828
82.43333333333334 307.93414306640625 83.37202453613281
83.03333333333333 414.7130432128906 46.375885009765625
83.3 454.33343505859375 45.72152328491211
83.43333333333334 454.4247741699219 57.062557220458984
83.5 446.91888427734375 59.91053009033203
83.53333333333333 439.8476867675781 60.4501953125
83.53333333333333 427.07373046875 60.282081604003906
83.53333333333333 387.01043701171875 61.032161712646484
83.56666666666666 427.07373046875 60.282081604003906
83.66666666666667 409.9647521972656 58.14856719970703
83.96666666666667 343.25457763671875 43.58277130126953
83.96666666666667 313.570068359375 42.26734924316406
85.06666666666666 385.3705139160156 -3.625518798828125
85.33333333333333 299.7536926269531 -2.611929178237915
85.63333333333334 277.58392333984375 25.19301986694336
85.8 291.1578369140625 34.62901306152344
85.9 324.48193359375 31.140140533447266
86.16666666666667 387.237548828125 4.125761985778809
86.83333333333333 369.825927734375 41.660736083984375
87.13333333333334 303.65118408203125 48.76200485229492
87.26666666666667 358.1228332519531 57.451419830322266
87.33333333333333 315.197021484375 61.82313919067383
87.4 366.8337707519531 55.64915084838867
87.43333333333334 377.42718505859375 56.007511138916016
87.6 380.4132995605469 36.32945251464844
87.86666666666666 439.9952087402344 1.743053674697876
87.86666666666666 405.2400817871094 1.808992862701416
87.9 439.9952087402344 1.743053674697876
88.06666666666666 439.0850830078125 6.275407314300537
88.16666666666667 393.3951721191406 8.221444129943848
88.26666666666667 365.78009033203125 5.549015045166016
88.43333333333334 296.6623840332031 5.564610004425049
88.53333333333333 312.25396728515625 5.680687427520752
89.2 316.9273681640625 16.77630615234375
89.23333333333333 362.39019775390625 10.301116943359375
89.3 357.6447448730469 4.957070350646973
89.66666666666667 356.371337890625 38.05037307739258
89.9 322.2095642089844 52.03325271606445
90.03333333333333 302.46783447265625 59.288856506347656
90.1 277.72491455078125 61.13016128540039
90.36666666666666 287.4297790527344 93.2177505493164
90.36666666666666 273.0069580078125 92.00653076171875
90.43333333333334 310.1968688964844 94.92644500732422
90.46666666666667 311.16571044921875 96.02426147460938
90.5 321.573486328125 92.83930969238281
90.6 305.7841491699219 92.92902374267578
90.83333333333333 392.7620544433594 61.74509811401367
91.06666666666666 421.8487854003906 57.250640869140625
91.13333333333334 425.6550598144531 61.533363342285156
91.3 424.2503356933594 68.51170349121094
91.3 380.2344970703125 70.76655578613281
91.33333333333333 385.04974365234375 70.39447021484375
91.33333333333333 376.3699645996094 72.2206802368164
91.7 285.4577331542969 69.89356994628906
92.06666666666666 316.8344421386719 81.50479888916016
92.06666666666666 296.0998840332031 81.95406341552734
92.46666666666667 401.4180908203125 31.418603897094727
92.46666666666667 359.3383483886719 29.83854866027832
92.8 374.6676940917969 35.59943771362305
93.3 267.39801025390625 37.457088470458984
93.33333333333333 290.6160583496094 36.976165771484375
95.5 352.84381103515625 5.2746171951293945
95.6 424.9641418457031 -15.114197731018066
95.66666666666667 386.38519287109375 -19.372407913208008
95.7 424.4719543457031 -23.968984603881836
95.73333333333333 388.29046630859375 -22.838979721069336
95.83333333333333 420.2714538574219 -20.377058029174805
95.86666666666666 419.3331604003906 -21.42934226989746
95.86666666666666 392.0555419921875 -18.610328674316406
96.03333333333333 394.4018859863281 -13.172256469726562
96.03333333333333 374.9844970703125 -15.301600456237793
96.1 383.0491943359375 -14.690455436706543
96.1 383.5075988769531 -11.359660148620605
96.3 359.74530029296875 -15.464723587036133
96.6 317.0224304199219 11.06269645690918
96.66666666666667 319.26849365234375 22.334625244140625
96.86666666666666 307.70928955078125 41.53358840942383
96.93333333333334 304.7214050292969 44.05781936645508
97.16666666666667 385.1988525390625 35.98690414428711
97.2 372.7255859375 39.164432525634766
97.36666666666666 446.8426208496094 48.54485321044922
97.43333333333334 442.1732177734375 54.57670974731445
97.46666666666667 454.4247741699219 57.062557220458984
97.6 442.20660400390625 60.270164489746094
97.73333333333333 424.2199401855469 57.07147979736328
97.73333333333333 416.6285705566406 59.93272399902344
97.76666666666667 421.37921142578125 59.57196807861328
97.76666666666667 409.9647521972656 58.14856719970703
98.03333333333333 368.4161682128906 37.18820571899414
98.43333333333334 373.7153625488281 34.52642822265625
98.46666666666667 389.0260009765625 34.57438278198242
99.63333333333334 310.4488830566406 -2.1636948585510254
100.0 347.8465576171875 22.654170989990234
100.86666666666666 436.7466735839844 6.432693004608154
101.0 414.66973876953125 1.1852926015853882
102.16666666666667 463.19921875 -5.3574957847595215
102.53333333333333 396.76385498046875 -13.322339057922363
103.33333333333333 405.7466735839844 -50.47809600830078
103.7 424.38134765625 -57.03289031982422
103.76666666666667 399.6683044433594 -54.534912109375
104.13333333333334 369.52581787109375 -49.50437545776367
105.1 449.6075134277344 -23.319364547729492
105.63333333333334 344.2362365722656 1.3123220205307007
106.03333333333333 307.0671081542969 23.17129898071289
106.5 392.3803405761719 29.78776741027832
106.63333333333334 357.32598876953125 39.12705612182617
106.7 405.2064514160156 47.076133728027344
106.73333333333333 407.1092529296875 49.21791076660156
106.8 424.6877136230469 54.753414154052734
106.83333333333333 388.94256591796875 57.44062805175781
106.9 433.68597412109375 56.35625076293945
106.93333333333334 405.19793701171875 58.508731842041016
107.4 468.9591064453125 101.70665740966797
107.83333333333333 532.2134399414062 133.1687469482422
108.06666666666666 524.2208862304688 152.4713897705078
108.43333333333334 566.5903930664062 171.7687530517578
108.63333333333334 544.7520141601562 152.88571166992188
108.96666666666667 562.4531860351562 155.87168884277344
109.13333333333334 545.2989501953125 156.3234405517578
109.2 536.2857055664062 149.02430725097656
109.3 518.4778442382812 146.01499938964844
109.4 494.93194580078125 142.34161376953125
109.53333333333333 509.9719543457031 142.1386260986328
109.63333333333334 503.3705139160156 140.41119384765625
109.66666666666667 489.78436279296875 145.1438446044922
109.86666666666666 483.5106506347656 135.21434020996094
110.2 480.4168701171875 114.5938720703125
110.3 485.99383544921875 109.49618530273438
110.83333333333333 407.5768127441406 75.55809020996094
110.9 420.4500732421875 69.9536361694336
110.9 414.7349853515625 69.24879455566406
110.96666666666667 430.4148864746094 66.88898468017578
111.0 427.0918273925781 66.00041961669922
111.1 423.2830810546875 61.71438980102539
111.16666666666667 421.37921142578125 59.57196807861328
111.2 419.00482177734375 59.75227355957031
111.2 386.54443359375 57.620914459228516
111.5 359.13238525390625 52.77002716064453
111.63333333333334 359.13238525390625 52.77002716064453
111.73333333333333 358.6278381347656 55.10956954956055
111.83333333333333 402.81170654296875 58.689029693603516
112.03333333333333 365.78759765625 66.10237884521484
112.06666666666666 389.38922119140625 66.60292053222656
112.1 406.6237487792969 68.72738647460938
112.7 306.53814697265625 105.82671356201172
113.03333333333333 296.9792785644531 137.5220184326172
113.16666666666667 282.7726135253906 145.95681762695312
113.43333333333334 305.88787841796875 141.5240936279297
114.13333333333334 309.0311279296875 132.8955841064453
114.3 271.0182189941406 132.5904541015625
114.43333333333334 264.84039306640625 137.91961669921875
114.43333333333334 252.74974060058594 136.56333923339844
114.7 274.0986633300781 129.93316650390625
114.83333333333333 232.765869140625 126.25550842285156
115.1 220.78280639648438 134.49461364746094
115.1 198.63600158691406 137.60008239746094
115.33333333333333 177.43185424804688 151.5941162109375
115.46666666666667 206.0980987548828 158.8123321533203
115.5 182.76275634765625 160.89529418945312
115.53333333333333 197.73016357421875 162.0006561279297
115.53333333333333 182.76275634765625 160.89529418945312
115.7 213.2384033203125 160.6102752685547
115.76666666666667 199.71231079101562 164.2655792236328
115.83333333333333 187.10902404785156 169.07562255859375
115.86666666666666 155.71949768066406 171.92062377929688
116.06666666666666 159.4361114501953 182.68585205078125
116.1 189.8524169921875 178.64556884765625
116.13333333333334 196.6632537841797 176.78976440429688
116.33333333333333 227.29273986816406 170.309326171875
116.43333333333334 207.64474487304688 173.32965087890625
116.5 227.29273986816406 170.309326171875
116.8 235.21221923828125 179.34873962402344
116.9 235.21221923828125 179.34873962402344
117.33333333333333 318.10107421875 124.98155212402344
117.36666666666666 374.1631774902344 116.67069244384766
117.46666666666667 386.4267578125 86.48139190673828
117.53333333333333 373.5319519042969 63.20539093017578
117.66666666666667 366.8337707519531 55.64915084838867
117.83333333333333 388.9216003417969 63.18653869628906
117.96666666666667 365.2401428222656 74.2409439086914
118.23333333333333 291.1376953125 82.34130096435547
118.53333333333333 289.2008361816406 80.14573669433594
118.7 304.49530029296875 82.47006225585938
118.76666666666667 258.280029296875 81.36833953857422
119.8 278.5337829589844 -14.912038803100586
120.1 288.4859924316406 -0.7477888464927673
120.1 283.17138671875 -3.8262195587158203
120.2 297.19769287109375 3.248018980026245
120.33333333333333 283.99688720703125 2.9663591384887695
120.56666666666666 341.45733642578125 -7.55134916305542
120.76666666666667 374.9145812988281 -4.0707573890686035
121.36666666666666 308.2416687011719 39.18833541870117
121.66666666666667 309.62945556640625 43.70465087890625
122.13333333333334 329.5129699707031 19.34792137145996
122.3 365.735595703125 11.20905876159668
122.3 347.97247314453125 11.26819133758545
122.4 360.4418029785156 13.833159446716309
122.96666666666667 370.62091064453125 65.73350524902344
122.96666666666667 359.98760986328125 65.38923645019531
123.03333333333333 343.9418640136719 67.76962280273438
123.16666666666667 354.17889404296875 64.6750259399414
123.33333333333333 341.4345397949219 73.76472473144531
124.16666666666667 375.1649475097656 111.89288330078125
124.23333333333333 411.4139099121094 114.6800308227539
124.3 421.50323486328125 117.32192993164062
124.4 438.7366638183594 119.34101867675781
124.46666666666667 407.558349609375 133.7638702392578
124.5 412.388671875 139.2205047607422
124.56666666666666 460.8471984863281 144.2653045654297
124.63333333333334 473.6813659667969 144.2718505859375
124.63333333333334 427.34906005859375 147.30140686035156
124.66666666666667 453.746337890625 150.78221130371094
124.66666666666667 428.3153076171875 148.39251708984375
124.7 432.15753173828125 146.8656005859375
125.1 430.16180419921875 127.08970642089844
125.1 413.8266296386719 126.1708984375
125.16666666666667 418.6282043457031 119.90424346923828
125.26666666666667 384.8734130859375 111.07733917236328
125.46666666666667 387.8555908203125 91.00984954833984
125.76666666666667 384.1443786621094 57.80134582519531
125.86666666666666 373.6422119140625 45.962703704833984
126.03333333333333 348.2916564941406 26.045509338378906
126.2 381.4794006347656 14.672257423400879
126.26666666666667 323.180419921875 20.922849655151367
126.33333333333333 313.76788330078125 30.74188995361328
126.4 357.32598876953125 39.12705612182617
126.43333333333334 316.5451354980469 39.748878479003906
126.7 283.78619384765625 56.019832611083984
126.86666666666666 283.78619384765625 56.019832611083984
127.0 293.8612060546875 70.42333221435547
127.1 301.0540466308594 81.56745910644531
127.1 286.16748046875 82.72915649414062
127.16666666666667 303.4175720214844 87.2446060180664
127.16666666666667 281.4731140136719 92.51344299316406
127.23333333333333 306.8601989746094 88.14575958251953
127.36666666666666 282.3110656738281 99.52960205078125
127.4 283.2834167480469 100.63310241699219
127.76666666666667 284.6766052246094 105.25210571289062
127.8 295.6246032714844 105.53986358642578
128.33333333333334 373.51251220703125 142.6830596923828
128.43333333333334 383.72332763671875 151.2554473876953
128.5 446.5367736816406 145.5623321533203
128.5 391.5327453613281 148.1772918701172
128.63333333333333 432.7007751464844 162.1663360595703
128.8 490.0079040527344 194.60223388671875
128.8 447.85870361328125 199.9956817626953
128.83333333333334 469.5578918457031 203.80247497558594
129.06666666666666 555.5026245117188 210.50247192382812
129.1 552.7576293945312 213.1578826904297
129.13333333333333 549.4528198242188 212.31411743164062
129.13333333333333 498.9095458984375 216.35289001464844
129.16666666666666 539.5242919921875 209.779296875
129.43333333333334 464.75836181640625 204.2860870361328
129.5 508.2125549316406 203.4732208251953
129.53333333333333 498.28570556640625 206.86300659179688
129.56666666666666 512.5150756835938 205.41494750976562
129.56666666666666 495.907470703125 207.1050262451172
129.8 521.7315673828125 192.626220703125
129.86666666666667 530.4623413085938 182.32432556152344
129.9 506.4098815917969 181.1424560546875
129.93333333333334 502.5540771484375 176.79867553710938
129.93333333333334 482.11578369140625 174.04806518554688
129.93333333333334 464.98394775390625 178.06216430664062
130.13333333333333 488.9881896972656 155.74798583984375
130.4 496.6704406738281 132.87522888183594
130.6 469.65179443359375 122.4800796508789
130.9 457.2574462890625 114.26296997070312
131.2 430.11895751953125 115.41959381103516
131.23333333333332 430.11895751953125 115.41959381103516
131.26666666666668 452.9715270996094 112.30858612060547
131.26666666666668 428.19818115234375 113.25382995605469
131.3 448.22406005859375 112.7129135131836
131.36666666666667 442.972412109375 109.67635345458984
131.43333333333334 388.7309875488281 115.43565368652344
131.6 408.5268249511719 117.2627182006836
131.63333333333333 439.20147705078125 116.9716796875
131.66666666666666 399.357177734375 121.56047821044922
131.8 458.71923828125 118.78132629394531
131.8 450.1826171875 120.68204498291016
131.83333333333334 463.4559326171875 118.37239837646484
131.83333333333334 457.3066101074219 120.06562042236328
131.96666666666667 467.2279968261719 116.8868179321289
132.0 453.97503662109375 119.19091033935547
132.1 437.2819519042969 114.80815887451172
132.1 424.3731384277344 114.74421691894531
132.26666666666668 418.6091003417969 108.24343872070312
132.3 425.7892150878906 107.6402816772461
132.3 418.6091003417969 108.24343872070312
132.46666666666667 459.4718322753906 96.73104858398438
132.5 426.24298095703125 99.4773941040039
132.7 428.1016540527344 84.30158233642578
133.0 382.1502990722656 72.92778778076172
133.03333333333333 402.80499267578125 64.42535400390625
133.03333333333333 373.4950256347656 68.97663879394531
133.3 358.2807312011719 40.20384216308594
133.53333333333333 367.96075439453125 33.7945556640625
134.0 309.52606201171875 49.4916877746582
134.13333333333333 276.75872802734375 60.03519821166992
134.13333333333333 269.8523864746094 58.21292495727539
134.26666666666668 266.5057373046875 72.50586700439453
134.33333333333334 305.2505187988281 68.39054107666016
134.43333333333334 283.3924560546875 73.5615463256836
134.63333333333333 308.364990234375 86.85379028320312
134.86666666666667 310.835693359375 86.65861511230469
135.2 382.5879821777344 82.14920806884766
135.3 372.4227600097656 85.27664947509766
135.3 348.1082763671875 87.21133422851562
135.46666666666667 365.607177734375 89.31021881103516
135.7 405.1765441894531 87.29602813720703
135.7 394.6117858886719 86.98563385009766
135.76666666666668 406.6181335449219 80.2463607788086
135.8 442.3072204589844 77.42029571533203
136.16666666666666 477.85382080078125 97.51081848144531
136.2 448.1444396972656 101.13372802734375
136.23333333333332 487.2262268066406 96.73257446289062
136.63333333333333 466.0387878417969 92.73646545410156
136.73333333333332 476.3225402832031 87.3045883178711
136.8 476.7637939453125 84.97777557373047
136.8 465.47637939453125 83.59768676757812
137.06666666666666 493.0303039550781 77.9581069946289
137.16666666666666 492.5142517089844 74.58260345458984
137.2 504.1221923828125 73.66119384765625
137.23333333333332 499.4844665527344 74.02932739257812
137.23333333333332 495.26953125 72.08944702148438
137.23333333333332 490.6198425292969 72.45674133300781
137.23333333333332 479.9122009277344 74.44252014160156
137.33333333333334 491.05206298828125 70.14840698242188
137.36666666666667 473.7812194824219 70.36637878417969
137.56666666666666 476.55877685546875 67.87162017822266
138.13333333333333 424.26556396484375 74.2493667602539
138.26666666666668 413.3099365234375 76.2597885131836
138.3 414.740478515625 74.99632263183594
138.36666666666667 398.9557189941406 77.38818359375
138.46666666666667 412.3544921875 75.18343353271484
138.83333333333334 373.38385009765625 86.36195373535156
139.1 370.46063232421875 88.92123413085938
139.2 348.1082763671875 87.21133422851562
139.4 366.5696105957031 90.3976058959961
139.63333333333333 390.28668212890625 85.01376342773438
139.63333333333333 357.8574523925781 86.43559265136719
140.0 408.5319519042969 82.4034652709961
140.03333333333333 440.43353271484375 81.01399230957031
140.1 406.1380615234375 82.59394073486328
140.16666666666666 427.12811279296875 77.47221374511719
140.23333333333332 443.2254943847656 72.76254272460938
140.3 435.15057373046875 66.5230484008789
140.33333333333334 412.8268737792969 67.09998321533203
140.53333333333333 446.0068359375 64.54241943359375
140.53333333333333 435.6130065917969 64.2003402709961
140.8 440.33856201171875 63.83698654174805
140.86666666666667 427.07373046875 60.282081604003906
140.96666666666667 458.61712646484375 53.337379455566406
141.2 392.81298828125 44.561492919921875
142.03333333333333 336.2576599121094 59.08687210083008
142.53333333333333 293.802001953125 97.42255401611328
142.6 284.8074645996094 99.32808685302734
142.63333333333333 286.7516784667969 101.53427124023438
143.2 301.1175537109375 130.0035858154297
143.2 288.61199951171875 131.078369140625
143.2 258.9592590332031 131.22842407226562
143.23333333333332 263.8599548339844 136.8041534423828
143.26666666666668 290.0146789550781 135.73643493652344
143.43333333333334 273.3940124511719 138.376953125
143.46666666666667 310.98199462890625 135.1099090576172
143.66666666666666 306.9729309082031 136.6514434814453
143.7 304.47760009765625 136.8688201904297
143.83333333333334 308.92547607421875 138.8682403564453
143.86666666666667 308.92547607421875 138.8682403564453
144.36666666666667 399.3468017578125 127.42945098876953
144.46666666666667 439.7596130371094 132.097412109375
144.5 445.4981689453125 132.76025390625
144.5 401.2697448730469 135.4954376220703
144.53333333333333 450.2666931152344 132.3383331298828
144.56666666666666 458.82073974609375 130.4146270751953
144.73333333333332 465.8793640136719 123.9712905883789
144.76666666666668 480.5623779296875 126.1714096069336
144.8 482.4771728515625 128.32614135742188
144.8 464.47015380859375 125.25767517089844
144.93333333333334 497.8082580566406 145.57835388183594
145.0 500.2523498535156 151.1922149658203
145.03333333333333 507.7303161621094 148.1677703857422
145.4 475.08929443359375 142.97447204589844
145.4 435.0548400878906 150.1365509033203
145.46666666666667 462.7720947265625 146.43515014648438
145.83333333333334 431.1018981933594 122.33306121826172
145.86666666666667 420.55316162109375 122.07633209228516
145.9 418.6282043457031 119.90424346923828
145.93333333333334 416.70361328125 117.73255920410156
145.96666666666667 414.7793884277344 115.56128692626953
146.2 362.5264587402344 109.43263244628906
146.26666666666668 365.47088623046875 106.84261322021484
146.9 282.8849792480469 118.4548110961914
146.96666666666667 294.4114685058594 116.30162048339844
147.06666666666666 282.8849792480469 118.4548110961914
147.1 234.91464233398438 122.47517395019531
147.33333333333334 256.3441467285156 115.9040298461914
147.6 240.08175659179688 153.35610961914062
148.03333333333333 221.9446258544922 176.90965270996094
148.06666666666666 232.24169921875 175.95814514160156
148.13333333333333 211.400390625 184.0185546875
148.16666666666666 252.566162109375 180.17393493652344
148.3 269.83746337890625 180.99520874023438
148.63333333333333 356.01068115234375 180.12583923339844
148.83333333333334 375.6758728027344 190.2804718017578
148.9 439.9806823730469 173.33787536621094
149.0 463.392578125 161.66278076171875
149.13333333333333 490.82763671875 152.06312561035156
149.2 457.14617919921875 157.5308380126953
149.4 505.77886962890625 171.7771453857422
149.6 528.8355712890625 171.9090118408203
149.63333333333333 517.1146240234375 173.0385284423828
149.73333333333332 486.78363037109375 167.7054443359375
149.76666666666668 480.11224365234375 165.98202514648438
149.8 495.6322937011719 157.47315979003906
149.83333333333334 486.1829833984375 158.3556671142578
149.86666666666667 438.94989013671875 160.40145874023438
149.9 485.2207946777344 157.27169799804688
150.03333333333333 474.2620544433594 153.59388732910156
150.26666666666668 498.6756591796875 140.8367156982422
150.46666666666667 486.1505126953125 121.04283905029297
150.5 470.09954833984375 120.1189956665039
150.53333333333333 504.369384765625 115.99337005615234
150.66666666666666 496.92498779296875 118.94819641113281
150.7 481.4459228515625 121.45266723632812
150.73333333333332 506.27593994140625 118.13542938232422
150.76666666666668 485.27227783203125 125.7574462890625
150.86666666666667 508.7102355957031 123.6974105834961
150.93333333333334 508.7102355957031 123.6974105834961
151.03333333333333 508.7102355957031 123.6974105834961
151.26666666666668 484.23895263671875 118.89278411865234
151.33333333333334 482.3277282714844 116.74313354492188
151.43333333333334 436.8162536621094 117.17621612548828
151.76666666666668 476.527587890625 104.53096008300781
151.8 453.8380126953125 101.81520080566406
151.9 489.04852294921875 93.1399154663086
151.96666666666667 490.8674621582031 89.55389404296875
152.06666666666666 447.1108703613281 88.52806091308594
152.13333333333333 474.4205322265625 85.1673812866211
152.26666666666668 439.47998046875 79.94094848632812
152.36666666666667 448.898193359375 73.462158203125
152.43333333333334 446.53875732421875 73.64763641357422
152.76666666666668 408.0567932128906 67.4676742553711
152.83333333333334 373.5319519042969 63.20539093017578
152.86666666666667 387.47698974609375 64.44706726074219
152.9 397.06695556640625 63.71517562866211
152.9 363.870849609375 63.93903732299805
153.03333333333333 389.4096984863281 60.850425720214844
153.03333333333333 383.1891784667969 56.724605560302734
153.1 381.7424011230469 57.98191833496094
153.1 378.3828125 57.08502197265625
153.23333333333332 373.56878662109375 57.44601058959961
153.4 322.0287780761719 63.631656646728516
153.53333333333333 358.0699768066406 63.224334716796875
153.7 367.2470703125 64.83658599853516
153.8 321.9380798339844 69.44892120361328
154.06666666666666 356.60479736328125 64.49080657958984
154.13333333333333 321.9380798339844 69.44892120361328
154.16666666666666 314.1355285644531 66.55226135253906
154.5 323.95361328125 65.8085708618164
154.83333333333334 363.870849609375 63.93903732299805
155.66666666666666 366.8337707519531 55.64915084838867
155.7 367.7903747558594 56.72831344604492
155.96666666666667 327.012451171875 57.462310791015625
156.23333333333332 381.307861328125 48.83647918701172
156.23333333333332 376.999267578125 46.86237335205078
156.3 334.9329528808594 48.7920036315918
156.36666666666667 354.3492736816406 47.37284469604492
156.53333333333333 363.10333251953125 39.8568229675293
156.53333333333333 350.5243835449219 43.056907653808594
156.56666666666666 362.1491394042969 38.780906677246094
156.6 360.240966796875 36.62937927246094
157.16666666666666 350.4637756347656 48.80690002441406
157.36666666666667 370.2828369140625 45.06240463256836
157.46666666666667 398.538330078125 45.28398132324219
157.66666666666666 329.18328857421875 42.297611236572266
157.7 380.3836364746094 42.03957748413086
157.83333333333334 336.8502502441406 50.957611083984375
158.03333333333333 284.62103271484375 62.94913864135742
158.06666666666666 289.4515380859375 68.4220199584961
158.13333333333333 265.94598388671875 74.8963623046875
158.16666666666666 261.3505859375 78.7760238647461
158.23333333333332 267.58837890625 88.8947525024414
158.33333333333334 230.5813446044922 98.94172668457031
158.46666666666667 245.6523895263672 119.18254852294922
158.7 220.9736328125 144.14305114746094
158.76666666666668 226.88980102539062 150.89036560058594
158.83333333333334 166.48031616210938 164.80233764648438
159.0 209.0674591064453 162.2034454345703
159.03333333333333 201.31097412109375 162.90036010742188
159.06666666666666 163.9616241455078 174.86700439453125
159.1 191.08251953125 173.61972045898438
159.1 159.7068328857422 176.48814392089844
159.16666666666666 214.19932556152344 177.6253662109375
159.2 217.77503967285156 178.5195770263672
159.2 163.42929077148438 187.26133728027344
159.23333333333332 216.5760955810547 183.53517150878906
159.26666666666668 218.56190490722656 185.8042755126953
159.5 240.2069854736328 200.95358276367188
160.0 477.8310852050781 134.55686950683594
160.03333333333333 473.9957580566406 130.2388153076172
160.2 517.392333984375 113.71588897705078
160.36666666666667 525.8409423828125 117.5853042602539
160.53333333333333 594.970703125 136.6956024169922
160.56666666666666 596.8661499023438 138.8177490234375
160.66666666666666 584.5200805664062 138.80091857910156
160.66666666666666 544.4766845703125 141.31185913085938
160.76666666666668 559.6859741210938 138.76708984375
160.8 552.2213134765625 135.9835968017578
160.83333333333334 535.0737915039062 136.38052368164062
160.83333333333334 522.0758056640625 138.71583557128906
161.26666666666668 381.0466003417969 100.87832641601562
161.73333333333332 414.2304992675781 37.31306838989258
161.76666666666668 425.09088134765625 29.73749542236328
162.03333333333333 469.939697265625 18.70853042602539
162.4 405.19793701171875 58.508731842041016
162.43333333333334 352.20135498046875 68.29701232910156
162.53333333333333 353.5552062988281 78.6322021484375
162.66666666666666 314.2715148925781 87.55889129638672
162.86666666666667 337.6590270996094 102.09819793701172
162.96666666666667 348.36871337890625 108.26270294189453
163.16666666666666 337.7336730957031 96.227294921875
163.23333333333332 353.045166015625 80.99725341796875
164.0 359.738525390625 38.953914642333984
164.36666666666667 244.2889404296875 62.44535827636719
164.43333333333334 271.6417541503906 66.25896453857422
164.8 278.13580322265625 43.650455474853516
164.86666666666667 313.96490478515625 19.263935089111328
164.86666666666667 260.8121643066406 24.033138275146484
164.93333333333334 279.90728759765625 10.098824501037598
164.96666666666667 319.5460510253906 5.201087474822998
164.96666666666667 305.4750671386719 3.84721040725708
165.03333333333333 288.4859924316406 -0.7477888464927673
165.06666666666666 304.6290283203125 -2.9253275394439697
165.06666666666666 289.025390625 -3.061551570892334
165.1 297.8472900390625 -4.7641754150390625
165.13333333333333 351.5084533691406 -4.810727119445801
165.6 256.9664306640625 19.678239822387695
166.06666666666666 284.8807067871094 51.28837966918945
166.26666666666668 287.4809875488281 45.29838943481445
166.36666666666667 332.7346496582031 31.707763671875
166.43333333333334 347.40191650390625 19.266468048095703
166.76666666666668 386.2448425292969 14.34815788269043
167.36666666666667 291.6990661621094 32.2841796875
167.73333333333332 315.197021484375 61.82313919067383
167.9 393.7491760253906 51.35126495361328
167.9 380.32415771484375 53.49498748779297
167.96666666666667 418.0350341796875 47.26985549926758
168.06666666666666 430.7490234375 30.465473175048828
168.26666666666668 423.1842346191406 21.967273712158203
168.6 415.1674499511719 27.046794891357422
168.8 432.5704650878906 15.68877124786377
168.86666666666667 380.5312805175781 13.60533332824707
169.03333333333333 426.9481201171875 20.57811164855957
169.06666666666666 379.5224304199219 23.874662399291992
169.1 419.4243469238281 29.008440017700195
169.1 387.61102294921875 30.124662399291992
169.13333333333333 426.5192565917969 34.161163330078125
169.3 429.4013671875 48.70488357543945
169.36666666666667 425.638427734375 55.8228874206543
169.4 376.43780517578125 60.68177032470703
169.46666666666667 367.70465087890625 68.26612854003906
169.76666666666668 370.42034912109375 94.74817657470703
169.8 370.42034912109375 94.74817657470703
170.06666666666666 360.6449890136719 101.38615417480469
170.23333333333332 402.28790283203125 95.64507293701172
170.3 370.42034912109375 94.74817657470703
170.36666666666667 424.3114929199219 91.53305053710938
170.4 407.0907287597656 95.25276184082031
170.4 384.94927978515625 93.56978607177734
170.4 379.15234375 92.87593841552734
170.43333333333334 402.28790283203125 95.64507293701172
170.46666666666667 432.8796691894531 89.68230438232422
170.46666666666667 394.5965881347656 92.78732299804688
170.5 433.3699035644531 93.10615539550781
170.5 412.84112548828125 90.15003204345703
170.86666666666667 486.1184387207031 84.2208480834961
171.06666666666666 454.5164794921875 68.44974517822266
171.2 404.239501953125 63.16777420043945
171.23333333333332 427.5587158203125 63.675315856933594
171.26666666666668 420.9092102050781 61.89556121826172
171.33333333333334 428.9566955566406 56.713584899902344
171.43333333333334 432.712158203125 49.59640884399414
171.8 412.8056945800781 32.8767204284668
171.86666666666667 407.1161193847656 32.14820098876953
171.86666666666667 405.2191162109375 30.01453971862793
171.9 397.6107177734375 32.82501220703125
172.43333333333334 374.20953369140625 32.2108268737793
172.5 369.4104309082031 32.550724029541016
172.76666666666668 305.6821594238281 45.14439010620117
172.8 305.6821594238281 45.14439010620117
172.93333333333334 334.0522155761719 41.94725799560547
173.03333333333333 320.2890625 49.862342834472656
173.1 340.2420349121094 51.861351013183594
173.46666666666667 338.69488525390625 58.904571533203125
173.6 370.6607666015625 59.966400146484375
173.66666666666666 336.7001647949219 62.525917053222656
173.76666666666668 349.8320007324219 62.692039489746094
173.83333333333334 392.2757873535156 64.0808334350586
174.0 388.43304443359375 65.52494812011719
174.03333333333333 389.8773193359375 64.26387786865234
174.23333333333332 355.1382751464844 65.75840759277344
174.4 360.0384826660156 59.613555908203125
174.56666666666666 364.9208068847656 53.49113082885742
174.73333333333332 401.8735656738281 46.18037033081055
174.73333333333332 353.3929138183594 46.2937126159668
175.2 344.78973388671875 36.58600997924805
175.53333333333333 345.6797790527344 43.40734100341797
175.56666666666666 395.2007751464844 44.386966705322266
175.56666666666666 351.48046875 44.1357421875
175.66666666666666 399.4799499511719 52.069461822509766
175.76666666666668 372.1536865234375 52.95425033569336
175.9 420.4161376953125 52.79206085205078
175.9 393.7491760253906 51.35126495361328
175.96666666666667 424.2048034667969 51.368858337402344
176.03333333333333 405.6764831542969 56.18262481689453
176.66666666666666 388.8795471191406 74.71382904052734
176.7 388.8795471191406 74.71382904052734
177.6 322.1192626953125 57.826446533203125
177.73333333333332 366.8337707519531 55.64915084838867
177.76666666666668 366.8337707519531 55.64915084838867
177.8 371.1589050292969 57.6267204284668
177.83333333333334 374.0650329589844 55.10964584350586
178.26666666666668 382.69793701171875 59.0591926574707
178.26666666666668 329.8952331542969 60.72096252441406
178.36666666666667 378.3509521484375 62.839447021484375
178.4 376.8993835449219 64.10177612304688
178.56666666666666 385.0246887207031 76.17039489746094
178.56666666666666 342.3272705078125 80.6749267578125
178.56666666666666 334.5467224121094 77.78887176513672
178.6 390.3063049316406 79.22428131103516
178.93333333333334 422.42449951171875 100.95297241210938
179.06666666666666 423.4122314453125 113.6604995727539
179.3 488.74334716796875 138.23941040039062
179.33333333333334 493.5372009277344 143.63465881347656
179.36666666666667 448.4649353027344 147.7375030517578
179.4 479.5216369628906 156.62835693359375
179.53333333333333 519.7732543945312 164.57220458984375
179.73333333333332 539.0055541992188 166.24981689453125
179.93333333333334 530.553466796875 142.58473205566406
179.96666666666667 528.6434326171875 140.4390106201172
180.0 525.3607788085938 139.5777130126953
180.0 518.2553100585938 134.42288208007812
180.1 528.9381103515625 132.3065185546875
180.2 525.9592895507812 123.33411407470703
180.23333333333332 502.55810546875 119.61353302001953
180.33333333333334 519.6033325195312 107.7811279296875
180.4 476.0846252441406 106.87557220458984
180.43333333333334 510.63116455078125 100.51329040527344
180.43333333333334 501.32293701171875 101.29521179199219
180.56666666666666 482.9074401855469 89.05970001220703
180.7 479.105224609375 84.78832244873047
180.93333333333334 437.5155944824219 66.34029388427734
181.03333333333333 425.6550598144531 61.533363342285156
181.36666666666667 347.5294189453125 51.32456588745117
181.6 327.1826171875 45.89791488647461
182.83333333333334 344.8561096191406 30.85609245300293
183.1 385.14935302734375 47.40909194946289
183.33333333333334 396.13916015625 51.17386245727539
183.43333333333334 352.3192443847656 56.73204040527344
183.9 381.7707214355469 52.24039840698242
183.93333333333334 388.9635009765625 51.70649337768555
183.93333333333334 386.1027526855469 48.48329544067383
184.03333333333333 361.5985107421875 46.84299087524414
184.23333333333332 367.96075439453125 33.7945556640625
184.63333333333333 374.6676940917969 35.59943771362305
184.66666666666666 376.5726623535156 37.74575424194336
184.8 396.6481628417969 37.443031311035156
185.33333333333334 381.3938903808594 31.701984405517578
185.7 428.8178405761719 17.071449279785156
186.8 329.4560852050781 57.280460357666016
186.83333333333334 332.33807373046875 60.53778076171875
186.9 372.9972229003906 71.32579803466797
187.13333333333333 390.7567138671875 88.45447540283203
187.23333333333332 424.3114929199219 91.53305053710938
187.23333333333332 407.0930480957031 89.45696258544922
187.53333333333333 448.6427001953125 104.56273651123047
187.6 448.6830139160156 110.35301208496094
187.63333333333333 413.3385009765625 116.85198974609375
187.63333333333333 405.1549377441406 116.38096618652344
187.7 445.38677978515625 115.278564453125
188.0 374.19970703125 110.80176544189453
188.53333333333333 377.2954406738281 79.0909194946289
