0.13329722078539127 -286.52197265625 664.109130859375
0.23327013637443472 -275.8700866699219 659.4055786132812
0.6664861039269563 -301.578125 668.0048828125
0.9997291558904344 -268.3288879394531 659.72607421875
0.9997291558904344 -280.0732727050781 663.0903930664062
1.0330534610867823 -280.0732727050781 663.0903930664062
1.0997020714794778 -256.6307678222656 656.3749389648438
1.1996749870685213 -250.24217224121094 655.3685913085938
1.3662965130502605 -233.05181884765625 658.6664428710938
1.4995937338356518 -221.14111328125 664.2882690429688
1.5329180390319996 -210.70802307128906 659.622802734375
1.5995666494246952 -219.25404357910156 657.9805297851562
1.6995395650137386 -211.57684326171875 637.3369750976562
1.7328638702100865 -223.58465576171875 627.2868041992188
1.7661881754064341 -190.53860473632812 611.856201171875
1.7661881754064341 -214.3055877685547 621.4055786132812
1.799512480602782 -225.02047729492188 617.1102294921875
1.8994853961918254 -203.35455322265625 579.9816284179688
1.9328097013881733 -191.10333251953125 573.7985229492188
1.9994583117808689 -205.72386169433594 573.0194702148438
2.032782616977217 -205.72386169433594 573.0194702148438
2.0661069221735646 -170.95120239257812 560.6801147460938
2.0994312273699123 -190.3772735595703 566.4075317382812
2.1327555325662604 -166.7842254638672 561.5247802734375
2.166079837762608 -149.47848510742188 557.5651245117188
2.3327013637443472 -101.52802276611328 557.78955078125
2.366025668940695 -76.65535736083984 551.2908935546875
2.3993499741370425 -73.66455078125 550.8550415039062
2.4326742793333906 -85.64432525634766 552.600830078125
2.4659985845297383 -51.99311447143555 544.8472290039062
2.5659715001187817 -39.33845901489258 540.1669921875
2.6326201105114775 -25.66985321044922 536.7702026367188
2.665944415707825 -13.922389030456543 535.0712280273438
2.7992416364932167 52.8040771484375 525.4207763671875
2.89921455208226 72.11141967773438 525.4198608398438
2.9325388572786077 102.30178833007812 519.6508178710938
3.1658089936530427 210.0404815673828 506.7773132324219
3.3324305196347814 305.9750671386719 484.776611328125
3.432403435223825 316.54010009765625 483.25555419921875
3.4990520456165206 359.0361022949219 467.83905029296875
3.4990520456165206 348.08544921875 472.0574035644531
3.5323763508128683 389.0296936035156 455.6587829589844
3.5657006560092164 384.3887634277344 460.2682189941406
3.7323221819909556 473.1153869628906 447.68841552734375
3.765646487187303 481.1443176269531 450.44635009765625
3.832295097579999 494.6853332519531 456.3077697753906
3.8656194027763466 517.5264282226562 456.9121398925781
3.8656194027763466 500.7610778808594 463.23712158203125
3.9989166235617377 576.6325073242188 483.24627685546875
4.032240928758085 589.3700561523438 485.2225646972656
4.032240928758085 565.03369140625 488.898193359375
4.065565233954434 575.38671875 491.2406311035156
4.098889539150782 583.099365234375 487.46942138671875
4.265511065132521 607.2655029296875 468.3193664550781
4.365483980721564 630.7249755859375 452.03546142578125
4.43213259111426 626.3488159179688 450.1213073730469
4.465456896310608 612.4207763671875 449.59539794921875
4.698727032685042 530.7985229492188 478.37750244140625
4.865348558666781 492.8321533203125 502.4433288574219
4.898672863863129 483.3446044921875 507.8515625
4.898672863863129 456.08709716796875 515.9932861328125
5.1319430002375634 320.5225830078125 570.9659423828125
5.165267305433911 338.6022644042969 570.8504638671875
5.265240221022955 285.7710266113281 594.5380859375
5.3985374418083465 255.90887451171875 617.6171264648438
5.565158967790086 231.13137817382812 640.1294555664062
5.79842910416452 168.41441345214844 649.1854248046875
5.931726324949911 141.6925048828125 640.6932373046875
6.031699240538955 129.90252685546875 638.3233032226562
6.1316721561279985 101.55831909179688 647.3158569335938
6.398266597698781 48.340023040771484 670.7108764648438
6.898131175643998 -118.46420288085938 701.6248779296875
6.931455480840346 -112.27495574951172 700.5865478515625
6.931455480840346 -120.45285034179688 703.4635620117188
6.931455480840346 -139.99984741210938 709.7684936523438
6.964779786036694 -146.2459259033203 710.8206787109375
6.998104091233041 -128.65492248535156 706.34912109375
6.998104091233041 -156.54295349121094 715.5867309570312
7.031428396429389 -135.76840209960938 710.5663452148438
7.031428396429389 -165.76429748535156 721.7030639648438
7.0647527016257365 -135.76840209960938 710.5663452148438
7.098077006822085 -146.03018188476562 715.3253173828125
7.231374227607476 -196.2757568359375 728.4059448242188
7.298022838000172 -210.1348876953125 729.228515625
7.464644363981911 -266.798095703125 745.02001953125
7.464644363981911 -280.81561279296875 750.5116577148438
7.497968669178259 -275.42626953125 748.0404052734375
7.564617279570954 -271.17803955078125 744.2195434570312
7.697914500356346 -323.40472412109375 762.4806518554688
7.864536026338085 -365.4538879394531 775.9976806640625
7.93118463673078 -359.8996887207031 773.4647216796875
7.964508941927128 -366.5968933105469 774.6192016601562
8.06448185751617 -403.6166076660156 785.755859375
8.06448185751617 -414.9080810546875 790.88916015625
8.197779078301563 -394.6058349609375 782.6126098632812
8.197779078301563 -433.0869140625 797.2342529296875
8.364400604283302 -421.6814880371094 796.84326171875
8.464373519872344 -442.19189453125 805.2164306640625
8.964238097817562 -488.32110595703125 831.05859375
9.064211013406606 -490.65081787109375 833.0927734375
9.097535318602954 -488.32537841796875 835.9218139648438
9.130859623799301 -482.5088195800781 833.2650756835938
9.197508234191996 -473.22686767578125 829.995849609375
9.29748114978104 -469.75262451171875 829.3782958984375
9.330805454977389 -455.8904724121094 826.9144897460938
9.397454065370084 -439.79779052734375 822.4454345703125
9.564075591351823 -436.2960205078125 831.482177734375
9.59739989654817 -427.1026611328125 833.058349609375
9.730697117333563 -378.193359375 825.8849487304688
9.730697117333563 -378.1235046386719 830.677001953125
9.76402142252991 -390.49151611328125 839.3352661132812
9.797345727726258 -366.7413024902344 835.0300903320312
9.797345727726258 -381.44683837890625 836.0897827148438
9.830670032922606 -366.7413024902344 835.0300903320312
9.863994338118953 -356.52899169921875 837.9835815429688
9.897318643315302 -347.4855041503906 839.5403442382812
9.997291558904346 -306.1881103515625 833.5983276367188
9.997291558904346 -318.3677062988281 837.4194946289062
10.030615864100692 -287.4386901855469 828.5849609375
10.097264474493388 -279.6878967285156 828.7571411132812
10.130588779689736 -258.95452880859375 821.807373046875
10.39718322126052 -212.24386596679688 814.8657836914062
10.430507526456866 -207.87632751464844 815.6382446289062
10.763750578420344 -87.24333190917969 815.2454223632812
10.863723494009388 -74.77590942382812 812.9263916015625
10.930372104402084 -72.79074096679688 811.0099487304688
10.930372104402084 -81.00365447998047 814.0848388671875
11.030345019991127 -35.15811538696289 796.338134765625
11.030345019991127 -44.377899169921875 798.0399169921875
11.063669325187474 -38.228458404541016 796.9048461914062
11.163642240776518 -9.8859224319458 788.6179809570312
11.263615156365562 39.22408676147461 776.5472412109375
11.263615156365562 5.29587459564209 785.8229370117188
11.296939461561909 28.652101516723633 784.5599975585938
11.396912377150953 72.70889282226562 779.4469604492188
11.430236682347301 73.05904388427734 783.91552734375
11.463560987543648 97.47306823730469 776.3688354492188
11.563533903132692 96.73336791992188 779.517578125
11.630182513525387 121.67814636230469 768.88671875
11.730155429114431 136.96826171875 763.0737915039062
11.76347973431078 144.580322265625 760.1798095703125
11.796804039507126 131.53225708007812 768.5614013671875
11.830128344703475 165.50152587890625 753.3587036132812
11.930101260292519 156.95066833496094 766.8392333984375
11.963425565488865 176.03395080566406 761.81201171875
12.096722786274258 236.24310302734375 755.0746459960938
12.096722786274258 217.95901489257812 764.3944702148438
12.163371396666953 240.59365844726562 760.1627197265625
12.163371396666953 221.23147583007812 768.2265625
12.296668617452344 285.5162048339844 744.4475708007812
12.329992922648692 268.65594482421875 754.9161376953125
12.36331722784504 277.64385986328125 750.303466796875
12.429965838237734 295.5166931152344 741.1309204101562
12.66323597461217 336.22381591796875 729.23486328125
12.729884585004866 378.4757995605469 719.9893798828125
12.729884585004866 351.4028625488281 732.2078857421875
12.896506110986605 415.9059143066406 734.563720703125
13.063127636968344 447.7552490234375 735.7269897460938
13.096451942164691 460.3629150390625 729.0532836914062
13.329722078539126 479.0078430175781 754.1347045898438
13.42969499412817 481.87652587890625 775.1917724609375
13.463019299324518 475.0490417480469 777.985107421875
13.529667909717213 474.20245361328125 798.4946899414062
13.662965130502604 450.5899658203125 847.4486083984375
13.796262351287996 419.8525695800781 867.30029296875
13.862910961680692 428.505615234375 855.0257568359375
13.862910961680692 429.0604248046875 859.3857421875
13.896235266877039 395.8310241699219 876.869140625
13.929559572073387 386.50091552734375 877.3307495117188
14.162829708447822 349.3060302734375 898.856689453125
14.19615401364417 327.316162109375 915.7982788085938
14.229478318840517 342.54119873046875 906.4049072265625
14.229478318840517 328.9278259277344 921.5947875976562
14.262802624036865 322.07891845703125 929.23681640625
14.32945123442956 303.09765625 950.4161987304688
14.32945123442956 292.1645202636719 957.49658203125
14.429424150018605 286.9199523925781 963.3405151367188
14.462748455214951 268.3670349121094 973.7271118164062
14.4960727604113 259.03521728515625 978.951416015625
14.529397065607649 230.14195251464844 998.0759887695312
14.596045676000344 219.07363891601562 997.3861694335938
14.596045676000344 209.55001831054688 1002.7098999023438
14.62936998119669 210.925048828125 996.033935546875
14.696018591589386 200.5013885498047 992.0038452148438
14.696018591589386 187.2562713623047 1001.3360595703125
14.762667201982083 180.8844757080078 997.973388671875
14.829315812374778 170.81588745117188 998.6234130859375
14.829315812374778 139.77651977539062 1016.8004760742188
15.029261643552864 132.25128173828125 1024.9482421875
15.129234559141908 88.7771987915039 1051.0714111328125
15.195883169534603 101.06034088134766 1048.26611328125
15.229207474730952 101.82720947265625 1044.8302001953125
15.2625317799273 95.69600677490234 1046.227294921875
15.329180390319996 41.82318878173828 1070.03759765625
15.362504695516343 41.82318878173828 1070.03759765625
15.462477611105387 19.199419021606445 1065.309326171875
15.529126221498082 -0.8806859254837036 1068.2335205078125
15.56245052669443 -21.933828353881836 1074.692626953125
15.762396357872516 -88.8647689819336 1081.5732421875
15.762396357872516 -107.23212432861328 1087.420166015625
15.86236927346156 -141.23397827148438 1093.4522705078125
15.962342189050604 -144.992431640625 1084.179443359375
16.19561232542504 -213.18191528320312 1087.6431884765625
16.19561232542504 -237.8142547607422 1096.5567626953125
16.262260935817736 -235.781494140625 1089.290283203125
16.395558156603126 -270.8262634277344 1100.5267333984375
16.428882461799475 -272.01483154296875 1099.080810546875
16.46220676699582 -299.23944091796875 1115.4822998046875
16.528855377388517 -303.8883972167969 1114.8033447265625
16.562179682584866 -339.6401062011719 1131.5037841796875
16.595503987781214 -331.5569763183594 1126.2109375
16.595503987781214 -346.64410400390625 1133.0853271484375
16.62882829297756 -353.6626281738281 1134.670166015625
16.828774124155647 -385.2908020019531 1152.3175048828125
16.962071344941037 -406.5558776855469 1167.7205810546875
17.095368565726428 -452.1102294921875 1195.947021484375
17.162017176119125 -427.9772033691406 1188.5831298828125
17.261990091708167 -460.56060791015625 1212.2215576171875
17.328638702100864 -445.98931884765625 1208.8182373046875
17.428611617689906 -433.88214111328125 1207.7772216796875
17.495260228082604 -436.2875671386719 1210.1278076171875
17.595233143671646 -432.6628723144531 1209.2794189453125
17.628557448867994 -435.0677490234375 1211.6309814453125
17.69520605926069 -462.9358825683594 1236.1689453125
17.795178974849733 -449.533447265625 1231.192138671875
17.828503280046082 -437.4117126464844 1224.729736328125
18.19507063720591 -436.3527526855469 1199.4266357421875
18.261719247598602 -436.3527526855469 1199.4266357421875
18.3283678579913 -423.0717468261719 1199.900390625
18.42834077358034 -409.7780456542969 1205.70458984375
18.46166507877669 -408.56103515625 1207.2020263671875
18.49498938397304 -400.1540832519531 1207.0111083984375
18.528313689169387 -418.11138916015625 1216.591796875
18.561637994365732 -386.9671630859375 1207.4722900390625
18.62828660475843 -384.53594970703125 1210.4605712890625
18.72825952034747 -379.8168029785156 1205.7891845703125
18.89488104632921 -358.62969970703125 1190.181640625
18.994853961918256 -365.6432189941406 1197.1334228515625
19.19479979309634 -312.51025390625 1195.2318115234375
19.19479979309634 -324.0242919921875 1206.792236328125
19.294772708685386 -328.43218994140625 1222.0384521484375
19.36142131907808 -320.16455078125 1221.834228515625
19.494718539863474 -296.7995910644531 1214.4598388671875
19.628015760648864 -276.01953125 1204.1915283203125
19.661340065845213 -250.7461700439453 1194.6474609375
19.761312981434255 -221.07093811035156 1185.8314208984375
19.894610202219646 -220.5268096923828 1201.43994140625
19.961258812612343 -211.10101318359375 1207.934814453125
19.99458311780869 -172.75047302246094 1195.1793212890625
20.027907423005036 -168.18099975585938 1195.8189697265625
20.027907423005036 -181.69424438476562 1199.0814208984375
20.027907423005036 -197.26661682128906 1209.8465576171875
20.061231728201385 -184.66966247558594 1210.293212890625
20.094556033397733 -173.5206298828125 1204.0885009765625
20.194528948986775 -153.30201721191406 1199.1859130859375
20.29450186457582 -148.749267578125 1199.822509765625
20.327826169772166 -137.50389099121094 1198.831298828125
20.361150474968515 -123.20526123046875 1191.8878173828125
20.494447695753905 -96.41924285888672 1190.57568359375
20.661069221735644 -79.75611114501953 1210.7464599609375
20.694393526931993 -69.59437561035156 1213.4407958984375
20.72771783212834 -31.5339412689209 1202.2838134765625
20.76104213732469 -53.78843688964844 1218.1934814453125
20.79436644252104 -46.94142150878906 1221.69384765625
20.861015052913732 -16.97812271118164 1224.5916748046875
20.861015052913732 -26.42735481262207 1232.1812744140625
20.92766366330643 14.494485855102539 1220.126708984375
20.960987968502778 16.354938507080078 1231.76318359375
21.09428518928817 78.92488861083984 1227.89990234375
21.294231020466256 140.49339294433594 1224.098388671875
21.294231020466256 133.09378051757812 1224.2938232421875
21.49417685164434 247.25088500976562 1204.9957275390625
22.027365734785906 475.6684265136719 1218.0020751953125
22.027365734785906 454.2246398925781 1233.8223876953125
22.293960176356688 520.0465087890625 1181.359130859375
22.360608786749385 528.8327026367188 1175.7503662109375
22.360608786749385 511.85540771484375 1191.7396240234375
22.560554617927473 540.0028076171875 1180.91845703125
22.660527533516515 535.6280517578125 1183.723388671875
22.660527533516515 520.3151245117188 1197.6693115234375
22.693851838712863 516.4022827148438 1197.0823974609375
22.860473364694602 497.820068359375 1187.2960205078125
22.927121975087296 503.1645812988281 1169.519775390625
23.127067806265384 456.2342529296875 1195.1016845703125
23.160392111461732 452.8616943359375 1199.3046875
23.19371641665808 451.1727294921875 1201.4095458984375
23.260365027050774 440.4088439941406 1209.262451171875
23.32701363744347 422.152587890625 1220.823974609375
23.460310858228862 386.37933349609375 1237.176513671875
23.560283773817908 349.01904296875 1243.898681640625
23.593608079014253 342.061279296875 1235.640625
23.6269323842106 320.7743225097656 1244.7371826171875
23.6269323842106 313.038818359375 1248.51318359375
23.760229604995992 304.5099792480469 1225.40625
23.79355391019234 270.1747741699219 1249.8052978515625
23.860202520585037 249.25112915039062 1246.860595703125
23.96017543617408 240.8563232421875 1245.6790771484375
24.160121267352167 186.70166015625 1270.397705078125
24.193445572548516 191.9736328125 1258.6549072265625
24.360067098530255 142.99745178222656 1254.3642578125
24.460040014119297 87.5147476196289 1270.679931640625
24.493364319315646 94.26846313476562 1260.218994140625
24.493364319315646 70.40415954589844 1273.434326171875
24.526688624511994 61.26401901245117 1267.1094970703125
24.56001292970834 47.256080627441406 1269.023681640625
24.626661540101036 49.382781982421875 1252.794189453125
24.659985845297385 26.044851303100586 1262.3192138671875
24.659985845297385 9.010714530944824 1270.236083984375
24.759958760886427 -32.88335037231445 1272.3079833984375
24.85993167647547 -59.556827545166016 1273.902587890625
24.893255981671818 -67.38262176513672 1274.152099609375
24.993228897260863 -84.281494140625 1273.1934814453125
25.026553202457208 -90.9505844116211 1274.903564453125
25.159850423242602 -96.6963882446289 1272.83740234375
25.159850423242602 -115.60601806640625 1279.4503173828125
25.193174728438947 -113.45038604736328 1277.1243896484375
25.393120559617035 -117.06475830078125 1272.7298583984375
25.426444864813384 -123.79297637939453 1274.4459228515625
25.62639069599147 -148.65936279296875 1279.008544921875
25.65971500118782 -164.4546356201172 1284.8173828125
25.759687916776862 -182.9682159423828 1282.3878173828125
25.892985137562253 -223.65858459472656 1278.3731689453125
25.95963374795495 -218.1424560546875 1269.8363037109375
26.09293096874034 -217.48675537109375 1255.4193115234375
26.12625527393669 -229.90457153320312 1265.63916015625
26.192903884329382 -232.32936096191406 1262.6751708984375
26.25955249472208 -241.51649475097656 1266.750732421875
26.35952541031112 -241.8541717529297 1256.127197265625
26.39284971550747 -250.00848388671875 1256.364013671875
26.55947124148921 -274.7137145996094 1251.75537109375
26.792741377863646 -295.3570251464844 1272.979736328125
26.82606568305999 -277.9234313964844 1263.27392578125
26.85938998825634 -288.31488037109375 1271.23095703125
26.892714293452688 -303.5071716308594 1278.60595703125
27.02601151423808 -289.3966979980469 1275.09423828125
27.092660124630775 -302.1589660644531 1285.4840087890625
27.12598442982712 -302.1589660644531 1285.4840087890625
27.29260595580886 -280.71856689453125 1290.937255859375
27.359254566201557 -287.4893493652344 1303.4951171875
27.425903176594254 -293.067626953125 1317.6219482421875
27.4592274817906 -263.7679443359375 1306.52734375
27.559200397379644 -275.886962890625 1338.7342529296875
27.625849007772338 -253.33871459960938 1340.1888427734375
27.725821923361384 -236.84791564941406 1339.5440673828125
27.892443449343123 -185.322509765625 1340.613037109375
27.992416364932165 -174.3243408203125 1354.06787109375
28.059064975324862 -156.6568145751953 1360.2900390625
28.159037890913904 -86.46529388427734 1339.7601318359375
28.192362196110253 -85.91287231445312 1350.4293212890625
28.39230802728834 41.51577377319336 1376.944091796875
28.52560524807373 75.09196472167969 1398.1912841796875
28.625578163662773 146.023193359375 1369.2330322265625
28.65890246885912 132.96234130859375 1381.841064453125
28.758875384448164 183.81715393066406 1358.608642578125
28.82552399484086 210.20899963378906 1344.14404296875
28.85884830003721 226.3867645263672 1336.106201171875
29.058794131215297 273.6328125 1347.349853515625
29.15876704680434 276.33831787109375 1364.1409912109375
29.225415657197036 311.0376281738281 1347.214599609375
29.29206426758973 299.19439697265625 1373.4173583984375
29.32538857278608 324.1441345214844 1353.951904296875
29.42536148837512 334.8724060058594 1357.8626708984375
29.45868579357147 326.2947082519531 1374.370361328125
29.59198301435686 353.2237854003906 1375.3172607421875
29.691955929945905 365.6696472167969 1385.725341796875
29.7586045403386 374.5210876464844 1400.7254638671875
29.89190176112399 401.22039794921875 1419.2520751953125
29.925226066320338 411.88641357421875 1414.2713623046875
30.025198981909384 417.8160095214844 1430.1771240234375
30.05852328710573 429.0229187011719 1421.4638671875
30.291793423480165 444.23809814453125 1404.5328369140625
30.291793423480165 421.3581848144531 1425.5572509765625
30.325117728676513 420.7586975097656 1420.430419921875
30.425090644265556 446.5023498535156 1389.83056640625
30.658360780639992 405.970947265625 1407.2230224609375
30.758333696229034 378.6477966308594 1410.09716796875
30.82498230662173 382.2743835449219 1396.6612548828125
30.924955222210773 385.33929443359375 1369.4420166015625
31.024928137799815 325.5422058105469 1386.9195556640625
31.091576748192512 306.9741516113281 1378.2149658203125
31.12490105338886 326.50616455078125 1356.7713623046875
31.391495494959642 253.72085571289062 1314.5318603515625
31.491468410548688 202.68748474121094 1307.702392578125
31.59144132613773 205.11831665039062 1287.927978515625
31.62476563133408 195.40872192382812 1285.35498046875
31.72473854692312 167.05520629882812 1287.78955078125
31.9913329884939 143.416748046875 1259.4322509765625
32.024657293690254 156.95480346679688 1243.8201904296875
32.091305904082944 137.93148803710938 1257.4217529296875
32.15795451447564 139.52940368652344 1263.9150390625
32.19127881967199 133.68214416503906 1270.6580810546875
32.22460312486834 145.7781219482422 1262.2650146484375
32.291251735261035 141.8929443359375 1266.75146484375
32.35790034565373 123.48474884033203 1276.835205078125
32.52452187163547 79.11203002929688 1288.6138916015625
32.557846176831816 67.51177215576172 1293.4478759765625
32.69114339761721 62.82250213623047 1273.679443359375
32.724467702813556 41.53948211669922 1281.0169677734375
32.724467702813556 22.15029525756836 1286.1104736328125
32.7577920080099 13.2691011428833 1284.9241943359375
32.8244406184026 19.58414649963379 1263.993408203125
32.92441353399164 -34.08084487915039 1270.858154296875
33.02438644958069 -37.977237701416016 1261.320068359375
33.12435936516973 -77.62603759765625 1271.48681640625
33.12435936516973 -96.42965698242188 1278.0794677734375
33.29098089115147 -117.31764221191406 1267.4825439453125
33.324305196347815 -160.8226776123047 1289.245849609375
33.490926722329554 -185.59837341308594 1274.13232421875
33.490926722329554 -210.48500061035156 1289.3765869140625
33.5908996379186 -222.62664794921875 1274.5352783203125
33.65754824831129 -248.30303955078125 1273.814208984375
33.79084546909669 -307.415771484375 1263.3865966796875
33.85749407948938 -318.2590026855469 1255.2862548828125
33.95746699507843 -310.4595031738281 1233.729736328125
33.99079130027477 -318.72161865234375 1233.9456787109375
34.15741282625651 -349.5926513671875 1232.4637451171875
34.457331573023644 -385.8880310058594 1198.330322265625
34.523980183416334 -380.0335998535156 1189.870849609375
34.55730448861269 -375.3351745605469 1185.2388916015625
34.65727740420173 -373.0669860839844 1177.6500244140625
34.723926014594426 -372.01263427734375 1168.599365234375
34.82389893018347 -362.6809997558594 1159.430908203125
34.85722323537981 -362.6809997558594 1159.430908203125
34.95719615096886 -379.112548828125 1170.2337646484375
35.057169066557904 -361.30560302734375 1171.4078369140625
35.09049337175425 -348.39031982421875 1166.6697998046875
35.1238176769506 -345.97857666015625 1169.623291015625
35.157141982146946 -354.0577697753906 1180.29150390625
35.157141982146946 -367.01776123046875 1185.07080078125
35.42373642371773 -364.6798095703125 1182.7613525390625
35.490385034110425 -342.3598327636719 1174.0550537109375
35.59035794969947 -351.5487976074219 1188.5260009765625
35.62368225489582 -354.99786376953125 1194.635986328125
35.62368225489582 -365.6432189941406 1197.1334228515625
35.69033086528851 -350.1533203125 1200.5777587890625
35.72365517048486 -305.6338806152344 1188.32763671875
35.756979475681206 -312.51025390625 1195.2318115234375
35.99024961205564 -255.3971710205078 1194.0010986328125
36.05689822244834 -261.843994140625 1211.3714599609375
36.15687113803738 -236.3055419921875 1212.2659912109375
36.190195443233726 -187.6807098388672 1191.8013916015625
36.190195443233726 -203.268310546875 1202.5390625
36.22351974843008 -197.66128540039062 1199.4383544921875
36.32349266401912 -158.6083526611328 1207.45068359375
36.39014127441182 -116.05270385742188 1200.55810546875
36.45678988480451 -80.03125 1205.609375
36.49011419000086 -74.99014282226562 1216.5157470703125
36.62341141078625 12.279987335205078 1236.2667236328125
36.690060021178944 37.03278350830078 1247.2928466796875
36.723384326375296 60.24584197998047 1237.8621826171875
36.790032936767986 89.17262268066406 1235.603759765625
36.82335724196434 77.26522827148438 1249.0458984375
36.85668154716068 89.9425048828125 1245.7606201171875
36.890005852357035 101.38813018798828 1241.06982421875
37.056627378338774 183.71908569335938 1212.9556884765625
37.156600293927816 189.28775024414062 1228.533203125
37.18992459912416 198.93087768554688 1231.1334228515625
37.22324890432051 234.2829132080078 1220.19970703125
37.2898975147132 258.01397705078125 1230.9295654296875
37.2898975147132 249.65513610839844 1229.7384033203125
37.4231947354986 292.32244873046875 1245.5819091796875
37.45651904069494 310.1914978027344 1240.799072265625
37.55649195628399 314.8442687988281 1246.3310546875
37.58981626148034 349.16937255859375 1227.0015869140625
37.58981626148034 320.7743225097656 1244.7371826171875
37.756437787462076 363.1795349121094 1226.6162109375
37.78976209265842 367.2519226074219 1227.204833984375
37.82308639785477 358.4306335449219 1237.98583984375
37.82308639785477 344.2987976074219 1246.8641357421875
37.95638361864016 376.5006103515625 1238.16455078125
37.98970792383651 367.7002868652344 1248.97998046875
38.02303222903286 386.37933349609375 1237.176513671875
38.089680839425554 392.1587219238281 1244.0216064453125
38.1230051446219 384.5691833496094 1256.214599609375
38.32295097579999 422.1842041015625 1237.5355224609375
38.62286972256712 414.13818359375 1253.1787109375
38.689518332959814 403.7202453613281 1266.179931640625
38.72284263815616 425.07537841796875 1245.135986328125
38.92278846933425 412.4140930175781 1272.2435302734375
38.98943707972695 426.838134765625 1259.7987060546875
39.02276138492329 401.958984375 1285.345947265625
39.122734300512334 414.15008544921875 1270.068115234375
39.289355826494074 383.81475830078125 1302.3870849609375
39.322680131690426 367.28057861328125 1317.3621826171875
39.389328742083116 351.8533020019531 1325.183349609375
39.555950268064855 302.7748107910156 1337.347900390625
39.58927457326121 302.9103088378906 1328.605712890625
39.722571794046594 274.99847412109375 1308.6346435546875
39.722571794046594 243.64822387695312 1329.53515625
39.78922040443929 259.32110595703125 1307.7723388671875
39.85586901483199 229.22262573242188 1321.3216552734375
39.95584193042103 220.94078063964844 1311.403076171875
39.98916623561738 214.78009033203125 1313.0985107421875
40.05581484601007 200.5102996826172 1318.7733154296875
40.12246345640277 184.97988891601562 1323.0513916015625
40.18911206679547 191.4818572998047 1312.5164794921875
40.32240928758086 190.2965545654297 1311.0948486328125
40.38905789797355 184.08258056640625 1312.796142578125
40.4223822031699 186.00555419921875 1310.5228271484375
40.48903081356259 213.16810607910156 1284.01904296875
40.65565233954433 197.0436248779297 1291.84912109375
40.688976644740684 188.94395446777344 1295.7822265625
40.75562525513338 198.4952850341797 1284.52197265625
40.788949560329726 182.29519653320312 1292.3681640625
40.85559817072242 176.08375549316406 1294.0479736328125
40.92224678111512 166.30740356445312 1291.4686279296875
41.02221969670416 118.45865631103516 1321.943115234375
41.1888412226859 58.44242477416992 1334.7354736328125
41.2554898330786 63.77722930908203 1317.343017578125
41.288814138274944 50.877830505371094 1320.817138671875
41.288814138274944 28.02678108215332 1341.218505859375
41.35546274866764 -0.5827426910400391 1345.4044189453125
41.42211135906034 11.863929748535156 1331.3245849609375
41.42211135906034 -12.880193710327148 1345.150634765625
41.48875996945303 0.8308668732643127 1332.5115966796875
41.48875996945303 -11.997259140014648 1341.3297119140625
41.65538149543477 -22.539976119995117 1333.431884765625
41.722030105827464 -32.464107513427734 1336.0936279296875
41.8886516318092 -70.3281021118164 1344.4486083984375
41.988624547398246 -60.83574676513672 1311.47412109375
42.12192176818364 -46.64658737182617 1265.300537109375
42.12192176818364 -58.35671615600586 1275.357666015625
42.355191904558076 -66.18182373046875 1275.6085205078125
42.45516482014712 -96.56612396240234 1297.6529541015625
42.48848912534346 -74.66120910644531 1284.871337890625
42.755083566914244 -126.8883285522461 1305.5272216796875
42.755083566914244 -151.41880798339844 1320.8883056640625
43.05500231368138 -213.8363037109375 1326.2938232421875
43.08832661887772 -220.79226684570312 1328.0982666015625
43.18829953446677 -219.94076538085938 1318.8194580078125
43.288272450055814 -224.82167053222656 1312.84326171875
43.32159675525216 -232.82989501953125 1318.521484375
43.554866891626595 -224.51080322265625 1287.5506591796875
43.554866891626595 -235.96859741210938 1294.0489501953125
43.68816411241199 -234.23187255859375 1275.66064453125
43.75481272280468 -229.90457153320312 1265.63916015625
44.02140716437547 -273.35284423828125 1258.565185546875
44.18802869035721 -300.7449951171875 1245.63671875
44.22135299555355 -319.476806640625 1253.7916259765625
44.2546773007499 -329.10565185546875 1247.1832275390625
44.421298826731636 -350.902099609375 1225.637939453125
44.45462313192799 -353.3330078125 1222.6533203125
44.587920352713375 -371.38922119140625 1210.9161376953125
44.854514794284164 -380.0335998535156 1189.870849609375
44.921163404676854 -408.61322021484375 1201.8687744140625
45.45435228781842 -331.49578857421875 1187.35986328125
45.48767659301477 -318.5462341308594 1187.844482421875
45.52100089821111 -316.2486267089844 1185.54541015625
45.554325203407465 -327.87176513671875 1191.7979736328125
45.85424395017459 -308.6527404785156 1159.2470703125
45.987541170959986 -304.46624755859375 1139.1439208984375
46.02086547615633 -304.46624755859375 1139.1439208984375
46.05418978135268 -295.3998107910156 1130.151123046875
46.320784222923464 -226.65585327148438 1090.6546630859375
46.35410852811981 -219.91204833984375 1089.1473388671875
46.38743283331616 -181.32138061523438 1068.719970703125
46.420757138512506 -181.32138061523438 1068.719970703125
46.4874057489052 -151.5404815673828 1062.1170654296875
46.52073005410155 -151.5404815673828 1062.1170654296875
46.587378664494246 -156.30050659179688 1079.981201171875
46.6207029696906 -156.30050659179688 1079.981201171875
46.65402727488694 -122.71204376220703 1064.0770263671875
46.65402727488694 -133.470458984375 1069.82763671875
46.65402727488694 -150.86878967285156 1077.0799560546875
46.85397310606503 -104.06983184814453 1063.256591796875
47.05391893724312 -78.7817611694336 1065.9278564453125
47.08724324243946 -65.88420867919922 1063.02880859375
47.120567547635815 -65.88420867919922 1063.02880859375
47.187216158028505 -67.93785095214844 1065.1546630859375
47.22054046322486 -50.70956802368164 1062.938232421875
47.2538647684212 -41.11033248901367 1060.775634765625
47.353837684010244 -6.470667839050293 1048.026123046875
47.42048629440294 6.972005367279053 1041.7218017578125
47.48713490479564 -2.99619460105896 1052.188720703125
47.553783515188336 12.75245475769043 1048.6407470703125
47.620432125581026 29.241361618041992 1041.646484375
47.75372934636642 42.05949401855469 1043.6756591796875
47.787053651562765 53.340206146240234 1039.49658203125
47.82037795675912 54.844539642333984 1045.6995849609375
47.82037795675912 23.165597915649414 1061.104736328125
47.887026567151814 38.007545471191406 1061.018798828125
47.92035087234816 66.80560302734375 1051.172119140625
47.92035087234816 51.1880989074707 1067.88671875
47.953675177544504 59.370460510253906 1064.3619384765625
47.986999482740856 68.61508178710938 1075.4090576171875
47.986999482740856 62.03945541381836 1071.982177734375
48.0203237879372 107.9552001953125 1056.4830322265625
48.0203237879372 84.47602844238281 1076.6761474609375
48.05364809313355 119.06348419189453 1065.3675537109375
48.05364809313355 93.34095001220703 1082.8524169921875
48.153621008722595 154.07078552246094 1063.772216796875
48.153621008722595 142.35108947753906 1071.405517578125
48.153621008722595 120.64082336425781 1084.695556640625
48.18694531391894 142.7590789794922 1076.2222900390625
48.28691822950798 168.8650665283203 1068.4732666015625
48.320242534704335 180.4728546142578 1060.8758544921875
48.52018836588242 226.76840209960938 1035.5848388671875
48.62016128147146 275.5713195800781 1014.76318359375
48.65348558666781 308.6836853027344 992.9699096679688
48.65348558666781 275.5713195800781 1014.76318359375
48.753458502256855 323.777587890625 1014.7611694335938
48.7867828074532 341.4110107421875 1015.420166015625
49.31997169059477 349.3575134277344 1077.298828125
49.41994460618381 336.3954772949219 1057.951904296875
49.48659321657651 307.3211975097656 1044.0469970703125
49.619890437361896 279.5876159667969 986.948974609375
49.619890437361896 270.27301025390625 992.2024536132812
49.619890437361896 247.9521942138672 1006.7614135742188
49.65321474255825 261.7538757324219 986.2252197265625
49.68653904775459 229.68728637695312 993.4166870117188
49.75318765814729 231.25074768066406 978.8253784179688
49.786511963343635 223.5973663330078 982.1054077148438
49.81983626853999 225.40005493164062 980.1240234375
49.81983626853999 205.27493286132812 989.3511962890625
49.88648487893268 214.11009216308594 987.38330078125
49.88648487893268 200.5013885498047 992.0038452148438
49.953133489325374 206.8456268310547 995.3569946289062
49.986457794521726 208.6646270751953 993.3604125976562
50.01978209971807 190.65679931640625 1005.3635864257812
50.08643071011077 195.45574951171875 1002.6889038085938
50.08643071011077 179.8944549560547 1009.3834838867188
50.11975501530711 199.8076629638672 995.3399658203125
50.18640362569981 194.8500518798828 985.3173828125
50.28637654128885 178.47750854492188 982.5869140625
50.28637654128885 155.45541381835938 997.2482299804688
50.28637654128885 146.45680236816406 999.2479248046875
50.35302515168155 171.40208435058594 982.5584106445312
50.45299806727059 131.7454833984375 994.5014038085938
50.486322372466944 125.31795501708984 991.1163330078125
50.51964667766329 118.88642883300781 987.7291259765625
50.51964667766329 99.17549133300781 998.480224609375
50.68626820364503 63.50237274169922 1020.9287719726562
50.752916814037725 84.54835510253906 1050.40185546875
50.78624111923407 81.05462646484375 1059.3873291015625
50.81956542443042 59.643436431884766 1082.4437255859375
50.95286264521581 43.3282470703125 1121.2281494140625
51.019511255608506 56.42924880981445 1155.0797119140625
51.21945708678659 153.71893310546875 1280.943603515625
51.21945708678659 141.62362670898438 1289.40087890625
51.25278139198294 148.74057006835938 1297.9498291015625
51.38607861276833 166.67906188964844 1333.370361328125
51.45272722316103 175.0194549560547 1343.39453125
51.45272722316103 164.5381317138672 1358.703857421875
51.55270013875007 158.45458984375 1388.925537109375
51.785970275124505 198.15260314941406 1375.8414306640625
51.88594319071355 182.64231872558594 1394.5362548828125
51.9192674959099 181.4424591064453 1393.091796875
51.98591610630259 196.6815185546875 1383.377685546875
52.05256471669529 184.5887451171875 1392.1903076171875
52.15253763228433 200.0816192626953 1373.516357421875
52.18586193748068 192.35256958007812 1382.8323974609375
52.28583485306972 185.625244140625 1379.4058837890625
52.35248346346242 176.94700622558594 1378.310302734375
52.385807768658765 196.3142852783203 1355.0955810546875
52.41913207385512 188.1395721435547 1359.1634521484375
52.585753599836856 202.42193603515625 1316.499267578125
52.6190779050332 176.0683135986328 1330.7760009765625
52.652402210229546 193.1210174560547 1319.0587158203125
52.6857265154259 208.40194702148438 1300.9188232421875
52.71905082062224 186.45494079589844 1315.6427001953125
52.85234804140764 203.67523193359375 1295.2569580078125
52.918996651800335 211.2737274169922 1286.26171875
52.918996651800335 201.31268310546875 1292.427001953125
52.985645262193025 203.216552734375 1290.17626953125
53.05229387258572 210.8109893798828 1281.1982421875
53.085618177782074 210.8109893798828 1281.1982421875
53.152266788174764 210.8109893798828 1281.1982421875
53.352212619352855 215.06039428710938 1281.7789306640625
53.55215845053094 197.49862670898438 1296.9359130859375
53.785428586905375 169.4220733642578 1290.62890625
53.85207719729807 174.32081604003906 1273.7047119140625
53.88540150249442 156.08578491210938 1283.7840576171875
53.952050112887115 140.018798828125 1282.8670654296875
54.01869872327981 137.16639709472656 1261.079345703125
54.05202302847616 138.27960205078125 1248.70556640625
54.05202302847616 120.30265045166016 1263.7900390625
54.08534733367251 110.84098815917969 1252.424560546875
54.61853621681407 -23.03707504272461 1091.609619140625
54.71850913240311 -71.22587585449219 1084.2625732421875
54.78515774279581 -102.64594268798828 1069.6197509765625
54.85180635318851 -101.58631896972656 1047.7171630859375
54.9184549635812 -113.73275756835938 1023.8729248046875
55.01842787917025 -120.75489044189453 992.478515625
55.01842787917025 -143.24632263183594 1002.1845092773438
55.05175218436659 -159.7970733642578 1000.76025390625
55.251698015544676 -152.64088439941406 940.4747314453125
55.351670931133725 -189.43539428710938 923.6187133789062
55.45164384672277 -206.71173095703125 902.8387451171875
55.518292457115464 -200.74093627929688 887.2266845703125
55.65158967790085 -241.65411376953125 847.1439819335938
55.6849139830972 -229.89303588867188 838.6107788085938
55.71823828829355 -230.2259979248047 829.1838989257812
55.75156259348989 -249.8162384033203 832.7905883789062
55.91818411947163 -252.02513122558594 798.513671875
55.91818411947163 -289.09698486328125 808.302490234375
56.05148134025703 -284.43359375 777.6187744140625
56.05148134025703 -295.3007507324219 782.6546630859375
56.15145425584607 -327.54449462890625 775.7281494140625
56.18477856104242 -303.5019836425781 763.742919921875
56.218102866238766 -337.7982482910156 763.3855590820312
56.31807578182781 -332.7956237792969 737.58154296875
56.41804869741685 -366.2254943847656 729.167236328125
56.88458897016572 -454.0662841796875 706.1242065429688
56.984561885754765 -452.9272766113281 707.5
57.08453480134381 -446.1385192871094 706.41064453125
57.151183411736504 -449.509521484375 711.6282958984375
57.251156327325546 -432.56817626953125 708.8983154296875
57.31780493771824 -456.2751159667969 722.0999755859375
57.417777853307285 -443.7083740234375 737.2911987304688
57.71769660007442 -426.7312316894531 734.4898071289062
57.751020905270764 -425.62750244140625 731.17626953125
57.950966736448855 -441.4760437011719 730.6483764648438
57.9842910416452 -438.1084899902344 725.3995971679688
58.35085839880502 -434.5906066894531 743.6377563476562
58.35085839880502 -445.9461364746094 743.9503173828125
58.384182704001375 -434.558837890625 748.3515625
58.45083131439407 -442.459228515625 757.5580444335938
58.48415561959042 -418.6541748046875 753.5589599609375
58.88404728194659 -274.7033996582031 735.5454711914062
59.11731741832102 -184.35780334472656 708.1241455078125
59.11731741832102 -217.0388641357422 716.6353759765625
59.150641723517374 -194.7778778076172 712.9059448242188
59.250614639106416 -175.8154296875 709.7291259765625
59.28393894430276 -154.04002380371094 701.5487670898438
59.35058755469546 -152.92694091796875 702.8728637695312
59.5172090806772 -123.55445098876953 703.984619140625
59.68383060665894 -78.44224548339844 694.9107055664062
59.71715491185529 -83.46145629882812 697.2493286132812
59.750479217051634 -86.27640533447266 702.2178955078125
59.88377643783703 -77.41442108154297 712.7249145507812
59.91710074303337 -84.40990447998047 716.9283447265625
59.91710074303337 -99.57726287841797 724.0531616210938
59.95042504822972 -64.06224822998047 711.9482421875
60.183695184604154 -41.350341796875 730.5753784179688
60.51693823656763 64.90654754638672 717.9896850585938
60.51693823656763 38.5937614440918 727.0704956054688
60.51693823656763 33.41692352294922 724.9967651367188
60.58358684696033 69.29387664794922 723.1560668945312
60.616911152156675 67.7879409790039 729.3682861328125
60.68355976254937 75.87842559814453 730.9097900390625
60.75020837294207 113.94219970703125 736.0040283203125
60.88350559372746 157.8497314453125 744.3793334960938
60.95015420412015 193.32154846191406 739.3974609375
61.01680281451285 227.54754638671875 744.9050903320312
61.0501271197092 250.94891357421875 749.3995971679688
61.18342434049459 330.1820068359375 733.2494506835938
61.25007295088729 347.0400390625 734.4656372070312
61.25007295088729 317.4535217285156 744.3359375
61.316721561279984 339.94281005859375 737.2354125976562
61.416694476869026 392.3932189941406 728.9046020507812
61.48334308726172 409.5039367675781 727.1481323242188
61.51666739245807 414.838623046875 733.3275146484375
61.51666739245807 391.8287658691406 739.0939331054688
61.54999169765441 437.6632995605469 727.607421875
61.54999169765441 399.33544921875 740.5650634765625
61.61664030804711 422.3118591308594 741.9839477539062
61.64996461324346 440.376953125 741.4307861328125
61.68328891843981 461.54388427734375 744.5731811523438
61.68328891843981 449.9308166503906 745.357177734375
61.749937528832504 489.47796630859375 752.1093139648438
61.78326183402885 508.77337646484375 749.8064575195312
61.8165861392252 493.2481994628906 759.9903564453125
61.8165861392252 494.8935546875 765.4215698242188
61.849910444421546 528.5494384765625 751.6823120117188
61.88323474961789 528.5494384765625 751.6823120117188
61.88323474961789 515.2623901367188 764.3021850585938
62.04985627559963 528.6843872070312 758.8032836914062
62.11650488599233 544.9034423828125 742.8087158203125
62.14982919118868 550.9254760742188 735.9684448242188
62.183153496385025 532.5101928710938 742.3618774414062
62.21647780158137 551.820068359375 730.1333618164062
62.24980210677772 555.2628173828125 723.8242797851562
62.31645071717042 536.4546508789062 733.0797119140625
62.349775022366764 530.3951416015625 739.9249267578125
62.38309932756311 547.1569213867188 728.1978759765625
62.38309932756311 525.2401123046875 740.9183959960938
62.449747937955806 530.3951416015625 739.9249267578125
62.48307224315216 506.76165771484375 754.490478515625
62.5163965483485 519.1414794921875 747.79833984375
62.616369463937545 497.4063720703125 757.7442626953125
62.616369463937545 479.1668701171875 768.5018310546875
62.616369463937545 472.3404541015625 771.2839965820312
62.616369463937545 468.6360168457031 770.564453125
62.71634237952659 457.5052795410156 768.4024047851562
62.782990989919284 434.1231994628906 770.0623168945312
62.816315295115636 418.0907897949219 773.1829833984375
62.94961251590102 367.3152770996094 780.134033203125
62.982936821097375 382.5654296875 768.4141845703125
62.982936821097375 350.9305419921875 783.3153686523438
63.08290973668642 353.1595458984375 778.4788208007812
63.11623404188276 310.5494689941406 800.0437622070312
63.18288265227546 306.5604553222656 806.7667846679688
63.2828555678645 276.0849609375 824.7357788085938
63.416152788649896 251.7190704345703 831.07958984375
63.482801399042586 216.7740478515625 841.0577392578125
63.88269306139876 16.428613662719727 828.1695556640625
63.9826659769878 -37.10955810546875 798.2335815429688
64.1159631977732 -136.68234252929688 799.5280151367188
64.21593611336225 -140.50880432128906 786.282958984375
64.24926041855859 -190.07421875 801.4453735351562
64.31590902895128 -180.66473388671875 795.0703735351562
64.34923333414763 -212.59814453125 805.5228881835938
64.44920624973668 -239.50648498535156 813.5398559570312
64.54917916532573 -278.4079284667969 834.87451171875
64.61582777571842 -280.5648193359375 836.8607177734375
64.61582777571842 -295.9782409667969 841.2892456054688
64.6824763861111 -297.126220703125 839.9058227539062
64.6824763861111 -310.434326171875 842.352783203125
64.74912499650381 -293.9327392578125 834.5409545898438
64.78244930170015 -287.3092346191406 833.3278198242188
64.9490708276819 -302.9834899902344 828.2396240234375
64.98239513287824 -299.7862854003906 822.8933715820312
65.01571943807458 -297.6180725097656 820.9141235351562
65.04904374327094 -291.127685546875 814.989501953125
65.24898957444903 -290.1116943359375 811.6439819335938
65.34896249003806 -287.8260803222656 814.3941650390625
65.34896249003806 -302.19635009765625 815.401123046875
65.38228679523442 -273.6485595703125 808.6830444335938
65.38228679523442 -294.4325256347656 815.58544921875
65.44893540562711 -287.8260803222656 814.3941650390625
65.6488812368052 -303.1026916503906 823.4945068359375
65.74885415239424 -307.45208740234375 827.4620971679688
65.78217845759059 -318.4770202636719 832.653076171875
65.98212428876867 -335.1011962890625 840.4804077148438
66.01544859396502 -316.17974853515625 835.4236450195312
66.01544859396502 -335.1011962890625 840.4804077148438
66.04877289916138 -329.4460754394531 842.645751953125
66.04877289916138 -335.1011962890625 840.4804077148438
66.11542150955407 -329.4460754394531 842.645751953125
66.21539442514312 -328.3978576660156 839.2542114257812
66.38201595112486 -312.73291015625 839.5806274414062
66.61528608749929 -298.6883850097656 865.80322265625
66.64861039269563 -260.0625 856.9571533203125
66.81523191867737 -221.3779296875 862.4280395507812
66.84855622387371 -219.0870361328125 865.180908203125
66.84855622387371 -234.29193115234375 869.6653442382812
66.91520483426642 -190.8040313720703 862.9879760742188
67.1151506654445 -148.99868774414062 855.031982421875
67.28177219142624 -83.96009063720703 836.4078369140625
67.34842080181893 -54.78788375854492 832.4376220703125
67.48171802260433 -29.7718448638916 832.3418579101562
67.54836663299702 2.0089573860168457 827.83642578125
67.64833954858607 50.79776382446289 823.13720703125
67.68166385378241 37.1757926940918 831.8956909179688
67.71498815897876 49.24364471435547 829.5758666992188
67.74831246417511 80.72691345214844 817.41259765625
67.74831246417511 71.01583099365234 822.328857421875
67.78163676937146 67.26020050048828 826.1124267578125
67.8149610745678 88.90155792236328 818.8992309570312
67.9482582953532 98.17361450195312 821.6951293945312
68.01490690574589 118.13723754882812 820.895751953125
68.0815555161386 114.0975112915039 832.3551025390625
68.11487982133494 116.32054138183594 834.9790649414062
68.18152843172763 120.76805114746094 840.2286376953125
68.21485273692397 149.7822723388672 829.9708251953125
68.24817704212033 151.99815368652344 832.5814208984375
68.24817704212033 134.7875213623047 840.5355224609375
68.28150134731668 141.7787322998047 840.6885986328125
68.28150134731668 129.28199768066406 846.21142578125
68.31482565251302 164.082763671875 834.7763671875
68.31482565251302 143.99964904785156 843.307373046875
68.34814995770937 166.29769897460938 837.3846435546875
68.48144717849476 190.63731384277344 834.1048583984375
68.48144717849476 181.945556640625 835.8198852539062
68.54809578888745 229.99476623535156 817.304931640625
68.58142009408381 233.94448852539062 818.0343017578125
68.6480687044765 229.7811737060547 824.8735961914062
68.7813659252619 263.868896484375 818.15576171875
68.81469023045824 266.06024169921875 820.7218017578125
68.88133884085093 285.1472473144531 819.9423828125
68.91466314604729 275.45794677734375 827.8619384765625
69.01463606163632 295.1322021484375 823.9462890625
69.11460897722537 321.8279724121094 824.599609375
69.14793328242172 363.2967224121094 808.9000854492188
69.14793328242172 345.0746765136719 821.4378662109375
69.18125758761806 356.0921630859375 819.231689453125
69.21458189281441 370.37353515625 813.40966796875
69.21458189281441 356.6049499511719 823.587646484375
69.38120341879615 392.70770263671875 813.376220703125
69.51450063958154 446.6045837402344 809.8980712890625
69.54782494477789 452.5064392089844 813.1080322265625
69.61447355517059 458.97216796875 820.6088256835938
69.68112216556328 465.44195556640625 828.1142578125
69.81441938634867 489.5080871582031 837.8743286132812
69.84774369154502 511.33740234375 845.105224609375
69.88106799674136 522.4591674804688 847.1874389648438
69.91439230193772 530.9352416992188 849.8184814453125
69.94771660713407 525.957275390625 865.64892578125
69.94771660713407 520.0862426757812 862.4594116210938
70.14766243831215 547.090576171875 868.5177001953125
70.31428396429389 531.0750122070312 857.1629638671875
70.41425687988294 518.7548217773438 846.4939575195312
70.44758118507929 521.8562622070312 842.8975830078125
70.44758118507929 497.74945068359375 858.3147583007812
70.48090549027563 511.33740234375 845.105224609375
70.51422979547198 490.1868896484375 849.544189453125
70.58087840586468 487.35223388671875 835.375244140625
70.68085132145372 463.284912109375 825.6119384765625
70.68085132145372 446.2148132324219 835.0203247070312
70.74749993184642 453.58380126953125 814.3578491210938
70.8807971526318 426.1951599121094 800.7924194335938
70.91412145782816 415.9740905761719 799.8958129882812
71.04741867861354 375.9557800292969 790.1853637695312
71.0807429838099 356.2784729003906 796.9927368164062
71.0807429838099 339.7957763671875 800.2330932617188
71.11406728900624 339.7957763671875 800.2330932617188
71.11406728900624 336.53961181640625 796.4369506835938
71.14739159420259 335.4544372558594 795.171875
71.18071589939893 340.45941162109375 789.767578125
71.18071589939893 329.93756103515625 796.2510986328125
71.21404020459528 317.7865905761719 797.1467895507812
71.24736450979164 312.35272216796875 790.8058471679688
71.28068881498798 335.6268005371094 780.3995971679688
71.31401312018433 321.2548522949219 786.1254272460938
71.34733742538067 304.62744140625 789.3458862304688
71.41398603577338 299.0648193359375 790.4232788085938
71.48063464616607 305.8358459472656 783.2012329101562
71.54728325655876 280.1369323730469 791.1201782226562
71.5806075617551 266.2749328613281 786.370849609375
71.61393186695146 288.19415283203125 777.7300415039062
71.68058047734415 248.2816619873047 788.337646484375
71.7805533929332 228.6576385498047 784.6484375
71.88052630852224 234.53848266601562 776.0997924804688
71.88052630852224 210.04833984375 782.2271728515625
71.94717491891494 204.76097106933594 787.7078247070312
72.01382352930763 215.75132751464844 781.1459350585938
72.04714783450397 208.28768920898438 784.0521850585938
72.14712075009302 189.74383544921875 793.5618896484375
72.14712075009302 180.41751098632812 798.3446655273438
72.24709366568206 172.439453125 796.8634033203125
72.24709366568206 141.24632263183594 811.8897705078125
72.28041797087842 166.64996337890625 797.968017578125
72.4137151916638 125.82151794433594 805.7576904296875
72.4803638020565 69.5521240234375 816.4933471679688
72.54701241244919 84.49195098876953 801.4729614257812
72.68030963323459 20.418228149414062 812.041259765625
72.74695824362728 3.8131556510925293 809.0308227539062
72.84693115921633 -12.631088256835938 793.7095336914062
72.88025546441267 -29.564191818237305 802.9797973632812
72.88025546441267 -41.0186653137207 802.0304565429688
72.94690407480537 -56.43814468383789 804.8875732421875
73.01355268519806 -59.80281066894531 800.8870849609375
73.01355268519806 -76.42454528808594 802.4112548828125
73.04687699039441 -83.76919555664062 802.2203369140625
73.11352560078711 -60.34565353393555 791.7576293945312
73.14684990598346 -68.76976776123047 790.2256469726562
73.2468228215725 -98.99383544921875 792.6607055664062
73.28014712676885 -113.51940155029297 796.8536987304688
73.38012004235789 -167.08642578125 811.3080444335938
73.54674156833963 -218.2724609375 798.7234497070312
73.54674156833963 -221.67552185058594 794.6456298828125
73.58006587353597 -193.09535217285156 780.2052001953125
73.64671448392868 -206.63845825195312 764.0096435546875
73.64671448392868 -239.80555725097656 772.920654296875
73.68003878912502 -242.22671508789062 765.5755615234375
73.71336309432137 -248.85824584960938 762.0729370117188
73.74668739951771 -240.28109741210938 759.03515625
73.81333600991042 -235.27633666992188 747.3504638671875
73.84666031510676 -248.33978271484375 744.9586181640625
73.97995753589215 -263.6943664550781 739.85595703125
74.07993045148119 -271.17803955078125 744.2195434570312
74.1465790618739 -279.94921875 742.6165771484375
74.17990336707024 -279.94921875 742.6165771484375
74.21322767226658 -261.5810852050781 737.9539794921875
74.21322767226658 -279.94921875 742.6165771484375
74.24655197746293 -279.94921875 742.6165771484375
74.27987628265929 -279.94921875 742.6165771484375
74.31320058785563 -273.5744323730469 736.8984985351562
74.67976794501546 -254.12818908691406 733.6093139648438
74.7797408606045 -257.0673828125 743.3606567382812
74.94636238658624 -229.96646118164062 744.8975219726562
74.94636238658624 -239.62710571289062 746.5538940429688
74.97968669178259 -253.53125 752.031982421875
75.01301099697893 -249.1634979248047 752.8282470703125
75.17963252296067 -227.5469207763672 752.1934204101562
75.21295682815702 -203.03602600097656 746.4247436523438
75.21295682815702 -221.1194610595703 751.083984375
75.44622696453146 -125.48863983154297 748.2868041992188
75.51287557492415 -136.4478759765625 760.9212036132812
75.5461998801205 -113.41735076904297 758.3888549804688
75.71282140610224 -75.75104522705078 777.6836547851562
75.77947001649494 -5.82992696762085 772.6455688476562
75.77947001649494 -50.251319885253906 786.8425903320312
75.81279432169129 0.8440839052200317 780.5502319335938
75.81279432169129 -31.549976348876953 788.01318359375
75.87944293208398 55.186767578125 787.2356567382812
75.87944293208398 46.547916412353516 793.3990478515625
75.87944293208398 26.611337661743164 798.6425170898438
75.91276723728032 38.65544128417969 796.3936157226562
75.94609154247668 98.5677490234375 789.7363891601562
75.94609154247668 92.29769897460938 786.37744140625
75.94609154247668 62.95304489135742 796.4119262695312
75.97941584767302 112.5595474243164 790.13037109375
75.97941584767302 105.56978607177734 789.9335327148438
76.01274015286937 93.3849868774414 799.7932739257812
76.04606445806571 125.39916229248047 789.2238159179688
76.07938876326206 121.01972198486328 796.0839233398438
76.47928042561824 340.5201110839844 734.2295532226562
76.57925334120728 385.9300537109375 735.8739013671875
76.61257764640362 407.90155029296875 736.06982421875
76.74587486718902 507.6009216308594 741.4638061523438
76.77919917238536 523.1241455078125 738.479736328125
76.9458206983671 534.1671752929688 747.7371826171875
77.04579361395615 565.440673828125 721.8824462890625
77.11244222434884 556.924072265625 729.1546630859375
77.17909083474154 531.4525756835938 741.1433715820312
77.21241513993789 541.5853881835938 732.0958862304688
77.27906375033058 505.6995544433594 753.2645874023438
77.31238805552694 514.9030151367188 742.9105224609375
77.41236097111597 457.5052795410156 768.4024047851562
77.47900958150868 440.5193786621094 770.2667846679688
77.54565819190137 410.57904052734375 771.7337036132812
77.61230680229406 355.7679748535156 792.6708984375
77.74560402307945 274.998291015625 796.5713500976562
77.7789283282758 265.93701171875 801.30859375
77.81225263347216 237.64810180664062 806.8081665039062
77.81225263347216 224.06507873535156 806.448486328125
77.81225263347216 218.35372924804688 807.5560302734375
77.91222554906119 150.40594482421875 814.6692504882812
77.91222554906119 104.10118865966797 832.7706298828125
77.9788741594539 71.71912384033203 831.3862915039062
78.17881999063198 -52.181663513183594 755.1591186523438
78.21214429582832 -76.71631622314453 742.797607421875
78.37876582181006 -117.12100982666016 707.4208374023438
78.41209012700641 -151.38925170898438 713.2012939453125
78.44541443220275 -157.65843200683594 714.2587890625
78.44541443220275 -175.4202423095703 718.7753295898438
78.47873873739911 -176.34063720703125 721.97412109375
78.47873873739911 -185.8268585205078 723.5808715820312
78.5453873477918 -168.91395568847656 722.2372436523438
78.57871165298815 -211.8533477783203 740.2555541992188
78.6786845685772 -224.1634063720703 756.2418212890625
78.71200887377354 -228.34335327148438 760.0599975585938
78.84530609455894 -216.6107635498047 756.4766845703125
78.87863039975528 -238.83287048339844 769.6416015625
79.11190053612971 -252.93116760253906 770.5514526367188
79.2451977569151 -241.25332641601562 762.3034057617188
79.31184636730781 -255.0475311279297 772.4781494140625
79.44514358809319 -242.4158477783203 792.0985107421875
79.51179219848589 -226.04315185546875 793.8651733398438
79.54511650368224 -215.2185821533203 793.4888916015625
79.57844080887858 -238.84884643554688 800.8561401367188
79.61176511407493 -214.08509826660156 794.8466186523438
79.74506233486032 -201.42417907714844 814.4595336914062
79.84503525044937 -223.20925903320312 842.1198120117188
79.87835955564572 -202.59475708007812 839.8600463867188
80.1449539972165 -157.2465362548828 862.93017578125
80.1449539972165 -168.95579528808594 866.756591796875
80.17827830241285 -152.68548583984375 868.3935546875
80.24492691280554 -145.6186981201172 881.3180541992188
80.34489982839459 -108.03376770019531 881.9263916015625
80.37822413359093 -99.41954803466797 883.4082641601562
80.44487274398362 -94.86457824707031 888.8533325195312
80.47819704917998 -77.68424224853516 891.8008422851562
80.54484565957267 -20.94562339782715 872.718017578125
80.67814288035807 31.709409713745117 884.1881713867188
80.71146718555441 20.93545913696289 892.62060546875
80.74479149075076 35.75908660888672 897.4796752929688
80.7781157959471 63.047706604003906 904.4865112304688
80.8447644063398 100.73013305664062 915.5565185546875
80.94473732192884 188.56639099121094 928.426025390625
80.94473732192884 150.47265625 928.669677734375
80.97806162712519 206.5170135498047 949.62109375
81.04471023751789 271.42181396484375 965.2058715820312
81.04471023751789 250.9838409423828 977.5945434570312
81.07803454271424 281.8131408691406 961.3438110351562
81.24465606869597 395.6376647949219 968.57177734375
81.24465606869597 372.6875305175781 984.671630859375
81.27798037389232 407.8478698730469 967.3551025390625
81.27798037389232 397.2941589355469 974.3989868164062
81.31130467908866 402.852783203125 973.13525390625
81.37795328948137 438.6661071777344 949.6162109375
81.57789912065945 505.98748779296875 911.8123779296875
81.64454773105214 522.8994750976562 902.0742797851562
81.84449356223024 581.2896118164062 875.9036865234375
81.94446647781928 573.8827514648438 892.3475952148438
82.27770952978275 607.9938354492188 899.6519775390625
82.3110338349791 606.0645141601562 904.5414428710938
82.47765536096084 587.8975830078125 926.5602416992188
82.57762827654989 586.8136596679688 925.3050537109375
82.77757410772797 563.3341064453125 956.3317260742188
82.84422271812068 564.425537109375 957.5986328125
83.71065465322572 528.0697021484375 952.268310546875
83.87727617920746 484.0084228515625 960.809326171875
83.9106004844038 488.22210693359375 950.6710205078125
84.01057339999285 469.7239990234375 944.1614990234375
84.01057339999285 460.02484130859375 955.5330810546875
84.01057339999285 448.01324462890625 956.7182006835938
84.0438977051892 450.74468994140625 956.1000366210938
84.14387062077823 451.1230773925781 930.0205078125
84.21051923117093 420.5213317871094 939.8759765625
84.24384353636728 401.77978515625 940.9732055664062
84.27716784156362 409.5085754394531 927.0128173828125
84.54376228313441 334.5542907714844 920.378662109375
84.57708658833076 317.64361572265625 924.0337524414062
84.71038380911615 243.9252471923828 936.851318359375
84.77703241950884 237.2230224609375 928.9563598632812
84.97697825068693 196.67465209960938 929.8245849609375
85.21024838706137 167.2329559326172 936.0919189453125
85.21024838706137 157.22096252441406 936.6527099609375
85.24357269225771 158.3461151123047 937.9837036132812
85.37686991304311 138.9712677001953 935.8120727539062
85.4435185234358 116.8982925415039 938.9110717773438
85.4435185234358 111.6360092163086 936.868896484375
85.47684282863214 126.23994445800781 929.0685424804688
85.47684282863214 116.51378631591797 934.2635498046875
85.5768157442212 127.32190704345703 917.8618774414062
85.74343727020293 113.4740982055664 909.78369140625
85.81008588059562 84.50190734863281 929.949951171875
85.81008588059562 78.4438705444336 931.2168579101562
85.84341018579197 88.2894058227539 926.0052490234375
85.94338310138102 87.52659606933594 929.3173828125
86.07668032216641 87.19049835205078 912.0816650390625
86.17665323775545 77.41049194335938 904.6834716796875
86.2099775429518 59.23328399658203 908.4082641601562
86.30995045854084 65.02379608154297 889.9923095703125
86.40992337412989 56.37027359008789 883.9290771484375
86.47657198452258 54.90047073364258 877.985595703125
86.50989628971892 45.01615905761719 883.0852661132812
86.54322059491528 31.243362426757812 892.1144409179688
86.57654490011163 30.11474609375 890.7734985351562
86.60986920530797 31.243362426757812 892.1144409179688
86.67651781570066 13.670950889587402 892.5108032226562
86.70984212089702 10.28070068359375 888.4791870117188
86.74316642609337 21.89310073852539 876.7645263671875
86.80981503648606 4.318569660186768 877.1254272460938
86.8431393416824 20.92104721069336 862.9204711914062
87.07640947805685 -38.45475769042969 843.3201293945312
87.10973378325319 -46.90150833129883 841.8242797851562
87.10973378325319 -76.6552963256836 853.7779541015625
87.14305808844954 -57.34263229370117 842.26220703125
87.17638239364588 -66.68358612060547 844.0465698242188
87.17638239364588 -82.05184173583984 851.6799926757812
87.24303100403858 -120.79126739501953 862.2623901367188
87.57627405600206 -212.6721954345703 832.2583618164062
87.60959836119841 -207.3347625732422 829.6942749023438
87.60959836119841 -223.721435546875 827.9863891601562
87.70957127678746 -266.65863037109375 821.62939453125
87.80954419237649 -311.0056457519531 818.5740356445312
88.04281432875094 -403.5639953613281 790.5084838867188
88.14278724433997 -420.736572265625 774.4366455078125
88.17611154953632 -390.3866882324219 759.7998657226562
88.34273307551805 -437.931884765625 753.64208984375
88.5760032118925 -475.59619140625 774.251708984375
88.67597612748153 -498.6721496582031 774.97216796875
88.70930043267789 -472.1602783203125 764.1342163085938
88.80927334826693 -502.10565185546875 761.2112426757812
88.90924626385598 -480.2071838378906 749.6351318359375
88.90924626385598 -497.46612548828125 752.4988403320312
88.97589487424867 -495.156982421875 750.5309448242188
89.00921917944501 -495.156982421875 750.5309448242188
89.04254348464137 -488.2492370605469 749.3863525390625
89.07586778983772 -466.46185302734375 747.3544311523438
89.17584070542675 -466.4303894042969 761.5850219726562
89.37578653660485 -436.603759765625 783.5050048828125
89.60905667297928 -350.67041015625 789.2059936523438
89.60905667297928 -358.5107727050781 788.9965209960938
89.74235389376467 -318.421142578125 786.7100219726562
89.80900250415736 -332.5486145019531 801.8251953125
90.04227264053179 -307.45208740234375 827.4620971679688
90.07559694572815 -286.6830749511719 815.76953125
90.17556986131719 -256.9687194824219 815.1319580078125
90.17556986131719 -281.9768981933594 826.0023193359375
90.27554277690624 -252.55743408203125 815.9086303710938
90.40883999769163 -224.57058715820312 804.5545043945312
90.40883999769163 -242.92221069335938 809.43994140625
90.47548860808432 -207.46157836914062 798.3404541015625
90.50881291328066 -203.10914611816406 799.11767578125
90.54213721847701 -187.06190490722656 796.2239379882812
90.54213721847701 -204.060302734375 802.4138793945312
90.84205596524414 -91.6317367553711 792.8603515625
91.00867749122588 -59.4973258972168 788.53173828125
91.04200179642223 -55.01918411254883 793.853271484375
91.07532610161859 -40.74893569946289 789.7001953125
91.14197471201128 -30.143861770629883 793.8797607421875
91.24194762760033 -2.690268039703369 788.81884765625
91.27527193279667 21.837871551513672 788.8609619140625
91.27527193279667 3.6883785724639893 792.2196044921875
91.34192054318936 19.777746200561523 802.9752197265625
91.47521776397475 49.34405517578125 817.2852783203125
91.5751906795638 85.89527130126953 831.7103881835938
91.60851498476015 90.71497344970703 841.5111083984375
91.6418392899565 121.4651107788086 824.8211059570312
91.67516359515284 138.83999633789062 841.2670288085938
91.77513651074189 206.79180908203125 849.1285400390625
91.77513651074189 168.3420867919922 859.891845703125
92.14170386790171 336.0973815917969 883.4015502929688
92.17502817309806 346.0773010253906 887.3732299804688
92.24167678349076 379.7978820800781 899.9462890625
92.30832539388345 388.0044860839844 921.02783203125
92.47494691986519 448.448974609375 938.2410278320312
92.47494691986519 449.1155090332031 958.0048217773438
92.50827122506153 478.5120849609375 954.4036254882812
92.57491983545424 504.3144836425781 980.7032470703125
92.60824414065058 482.83441162109375 1001.181396484375
92.80818997182867 529.0478515625 1005.7525024414062
92.80818997182867 506.59539794921875 1025.100341796875
92.84151427702501 510.909912109375 1022.505859375
92.90816288741772 510.6701965332031 1007.0186767578125
92.90816288741772 496.7275085449219 1021.2251586914062
93.00813580300675 487.1695251464844 998.6115112304688
93.0414601082031 471.99688720703125 1011.5133666992188
93.14143302379215 466.3165283203125 989.5385131835938
93.14143302379215 452.09881591796875 995.951171875
93.34137885497023 433.78106689453125 963.02001953125
93.34137885497023 419.4793395996094 977.095947265625
93.40802746536293 392.8359375 976.9661254882812
93.50800038095197 371.1313171386719 963.2456665039062
93.54132468614831 360.5007629394531 962.5272827148438
93.64129760173736 345.54840087890625 941.079833984375
93.70794621213005 313.5926513671875 931.07958984375
93.74127051732641 325.1037902832031 913.2050170898438
93.77459482252276 313.21026611328125 918.8329467773438
93.9412163485045 275.43695068359375 909.9771118164062
94.04118926409353 228.0745391845703 926.2481689453125
94.10783787448624 216.44386291503906 928.7298583984375
94.17448648487893 202.52980041503906 928.5781860351562
94.17448648487893 187.8712615966797 931.6986083984375
94.30778370566432 171.47726440429688 916.4332885742188
94.34110801086067 162.10842895507812 901.2740478515625
94.34110801086067 161.09652709960938 912.373291015625
94.37443231605701 148.86087036132812 910.2485961914062
94.60770245243145 82.35992431640625 889.6043701171875
94.70767536802049 58.53681182861328 899.1326293945312
94.70767536802049 47.50412368774414 902.9476928710938
94.74099967321683 51.333614349365234 899.029052734375
94.80764828360954 26.11159896850586 907.3049926757812
94.84097258880588 13.822763442993164 909.8079833984375
94.94094550439493 2.8116562366485596 900.9948120117188
94.94094550439493 -20.817066192626953 907.3499755859375
94.94094550439493 -22.49034881591797 914.0293579101562
95.04091841998397 -38.95401382446289 903.08740234375
95.10756703037667 -55.71073913574219 887.4490356445312
95.14089133557302 -95.49724578857422 896.918212890625
95.30751286155476 -173.23855590820312 893.0813598632812
95.3408371667511 -178.96861267089844 886.2034912109375
95.3408371667511 -191.7479248046875 893.4902954101562
95.44081008234015 -224.6427459716797 863.0462036132812
95.44081008234015 -231.83021545410156 877.1958618164062
95.4741343875365 -240.34933471679688 853.2621459960938
95.4741343875365 -241.0150146484375 866.1463623046875
95.54078299792918 -305.8356018066406 847.8989868164062
95.57410730312553 -319.4082336425781 840.8048706054688
95.64075591351823 -326.3052673339844 832.483642578125
95.64075591351823 -347.4855041503906 839.5403442382812
95.80737743949997 -379.2073669433594 834.0796508789062
95.84070174469632 -372.43023681640625 832.8543701171875
95.87402604989266 -374.5914306640625 839.6639404296875
95.90735035508901 -380.15533447265625 847.1109619140625
95.94067466028537 -397.07843017578125 859.9024047851562
95.94067466028537 -410.74029541015625 867.2872314453125
96.00732327067806 -408.3665771484375 874.9766235351562
96.00732327067806 -416.41357421875 874.8444213867188
96.1072961862671 -411.66314697265625 890.2744140625
96.1072961862671 -423.1915588378906 890.80615234375
96.20726910185614 -370.4520263671875 887.3991088867188
96.24059340705249 -395.39111328125 905.2001953125
96.34056632264154 -366.8100891113281 901.3800659179688
96.44053923823058 -353.0107421875 908.5369873046875
96.47386354342693 -338.2602844238281 907.3291625976562
96.54051215381962 -348.2638244628906 919.0748291015625
96.60716076421232 -316.59881591796875 914.557861328125
96.64048506940867 -326.6297302246094 921.41357421875
96.67380937460501 -323.137939453125 925.64208984375
96.7404579849977 -339.9117431640625 938.7921752929688
96.9404038161758 -283.65521240234375 926.059326171875
96.9404038161758 -303.8109436035156 930.0315551757812
97.27364686813928 -233.79005432128906 916.2321166992188
97.34029547853197 -207.49710083007812 911.0504760742188
97.54024130971005 -185.0211639404297 924.3538208007812
97.67353853049545 -169.28982543945312 934.134033203125
97.67353853049545 -172.7476348876953 929.9773559570312
97.87348436167353 -137.63882446289062 935.811767578125
97.90680866686988 -120.17559051513672 938.7138061523438
98.04010588765527 -76.16883087158203 937.759765625
98.07343019285162 -90.13203430175781 956.7557983398438
98.17340310844067 -59.283321380615234 971.3342895507812
98.27337602402972 -44.32638168334961 989.2437133789062
98.37334893961875 7.526111125946045 1002.4090576171875
98.4066732448151 32.771121978759766 1001.7631225585938
98.4733218552078 63.14550018310547 1016.1395263671875
98.70659199158223 143.3482208251953 1046.720458984375
98.90653782276031 246.2257843017578 1029.48974609375
98.90653782276031 237.8787841796875 1036.2276611328125
99.07315934874205 335.1974792480469 1012.12060546875
99.10648365393841 337.95953369140625 1019.384033203125
99.13980795913476 358.9679260253906 1016.076416015625
99.23978087472379 400.54022216796875 1041.0509033203125
99.3064294851165 442.9800109863281 1043.530029296875
99.3064294851165 427.433837890625 1056.7791748046875
99.3064294851165 415.679931640625 1054.859375
99.3064294851165 417.3677062988281 1060.8074951171875
99.33975379031284 450.22161865234375 1048.09912109375
99.37307809550919 449.7353515625 1059.2923583984375
99.57302392668727 482.846435546875 1051.2283935546875
99.60634823188362 484.5640869140625 1057.118896484375
99.9395912838471 396.0254211425781 1051.6490478515625
99.97291558904345 372.6955871582031 1084.4825439453125
100.0062398942398 380.10198974609375 1081.0648193359375
100.07288850463249 373.7832336425781 1093.8795166015625
100.10621280982883 487.026123046875 1126.69873046875
100.20618572541788 463.63446044921875 1131.0787353515625
100.23951003061423 466.3576354980469 1122.3060302734375
100.33948294620328 395.2684326171875 1143.685302734375
100.37280725139962 411.2156982421875 1129.8502197265625
100.37280725139962 405.53729248046875 1131.2908935546875
100.53942877738136 322.08685302734375 1144.2288818359375
100.67272599816675 265.83551025390625 1145.170166015625
100.73937460855944 238.7689971923828 1138.6815185546875
100.80602321895215 213.87655639648438 1134.9046630859375
100.8393475241485 215.51470947265625 1119.6309814453125
100.8393475241485 190.01124572753906 1132.4837646484375
101.03929335532658 136.79800415039062 1103.9610595703125
101.03929335532658 121.86461639404297 1112.49658203125
101.13926627091563 67.32040405273438 1100.5396728515625
101.13926627091563 49.369319915771484 1101.4346923828125
101.20591488130832 33.31908416748047 1100.201904296875
101.33921210209371 -10.289924621582031 1088.6688232421875
101.4058607124864 -37.324005126953125 1069.882080078125
101.4058607124864 -42.841609954833984 1086.13916015625
101.4725093228791 -35.88880920410156 1057.9423828125
101.50583362807545 -38.80329513549805 1045.3662109375
101.5391579332718 -68.76795959472656 1050.389892578125
101.57248223846814 -48.08113479614258 1034.2342529296875
101.57248223846814 -60.58158493041992 1041.9501953125
101.60580654366449 -81.02421569824219 1044.8253173828125
101.77242806964622 -54.72765350341797 1012.6974487304688
102.03902251121701 -57.91424560546875 1013.3901977539062
102.07234681641336 -57.91424560546875 1013.3901977539062
102.13899542680606 -80.93330383300781 1026.62646484375
102.1723197320024 -49.51919937133789 1009.9290161132812
102.27229264759144 -87.74067687988281 1041.34033203125
102.3056169527878 -87.74067687988281 1041.34033203125
102.33894125798415 -101.58631896972656 1047.7171630859375
102.37226556318049 -79.23521423339844 1037.8094482421875
102.37226556318049 -104.57737731933594 1053.3687744140625
102.40558986837684 -90.70783233642578 1046.9698486328125
102.43891417357318 -85.41295623779297 1044.1395263671875
102.53888708916223 -93.68191528320312 1052.612548828125
102.53888708916223 -103.15576934814453 1059.7161865234375
102.53888708916223 -115.93380737304688 1067.580810546875
102.57221139435858 -105.2385025024414 1061.8487548828125
102.63886000475128 -126.43431091308594 1078.318359375
102.70550861514397 -123.60347747802734 1091.137939453125
102.70550861514397 -147.38497924804688 1105.0054931640625
102.73883292034031 -161.3968048095703 1116.7108154296875
102.83880583592936 -173.34222412109375 1126.2855224609375
102.87213014112571 -175.71180725097656 1123.4136962890625
103.0054273619111 -181.06663513183594 1102.487548828125
103.10540027750014 -197.80653381347656 1106.2847900390625
103.1387245826965 -173.63392639160156 1092.324951171875
103.1387245826965 -186.77162170410156 1100.3818359375
103.17204888789284 -191.10040283203125 1104.7635498046875
103.33867041387458 -179.82937622070312 1132.919189453125
103.40531902426727 -209.39071655273438 1160.476318359375
103.50529193985632 -189.28237915039062 1180.002685546875
103.60526485544536 -159.1947021484375 1167.648681640625
103.7718863814271 -119.43290710449219 1177.139892578125
103.80521068662344 -112.80252838134766 1175.546142578125
103.8385349918198 -90.2354736328125 1159.827880859375
103.90518360221249 -90.88677215576172 1168.5604248046875
103.93850790740883 -93.91275787353516 1174.4454345703125
103.97183221260518 -56.37775421142578 1153.4476318359375
104.00515651780154 -47.817806243896484 1149.6988525390625
104.07180512819423 -55.80059814453125 1163.5540771484375
104.30507526456866 23.891542434692383 1134.2587890625
104.30507526456866 8.65491008758545 1148.0438232421875
104.33839956976502 17.040756225585938 1144.3355712890625
104.37172387496136 21.392518997192383 1144.9786376953125
104.37172387496136 12.685175895690918 1143.6920166015625
104.4050481801577 21.055509567260742 1139.99462890625
104.4716967905504 59.749298095703125 1127.36181640625
104.4716967905504 49.51362991333008 1133.1690673828125
104.60499401133579 107.99015808105469 1109.1727294921875
104.80493984251387 137.26937866210938 1122.0750732421875
105.13818289447735 247.37051391601562 1102.029052734375
105.30480442045909 291.3502197265625 1099.493408203125
105.33812872565545 298.3332214355469 1099.4171142578125
105.47142594644083 342.7700500488281 1106.3818359375
105.50475025163719 363.4856872558594 1098.03076171875
105.53807455683354 365.10577392578125 1112.2066650390625
105.57139886202988 400.47607421875 1088.913818359375
105.63804747242257 403.8437805175781 1117.111328125
105.70469608281527 424.23187255859375 1124.9268798828125
105.73802038801162 433.2421569824219 1119.40869140625
105.83799330360067 492.5654602050781 1125.2783203125
106.0712634399751 566.1661987304688 1191.8194580078125
106.0712634399751 440.7696533203125 1164.6578369140625
106.13791205036779 434.6186218261719 1185.990478515625
106.33785788154589 437.4925231933594 1193.482177734375
106.47115510233127 568.8139038085938 1210.744140625
106.47115510233127 459.4162292480469 1166.331298828125
106.53780371272397 457.68157958984375 1160.24755859375
106.53780371272397 442.5379943847656 1178.962646484375
106.57112801792032 577.0829467773438 1188.861083984375
106.637776628313 569.8370361328125 1184.3043212890625
106.67110093350936 426.0431213378906 1171.782958984375
106.70442523870571 540.9661254882812 1201.9296875
106.70442523870571 428.85986328125 1162.844970703125
106.70442523870571 422.0586242675781 1171.1802978515625
106.73774954390205 550.0263671875 1184.7525634765625
106.7710738490984 397.4883117675781 1179.2449951171875
106.87104676468745 489.63739013671875 1205.9486083984375
106.9043710698838 484.55029296875 1204.018798828125
106.93769537508014 472.69189453125 1202.254638671875
107.17096551145458 361.3456726074219 1157.2799072265625
107.23761412184727 323.1259460449219 1153.8486328125
107.30426273223996 306.0622863769531 1125.2625732421875
107.33758703743632 272.5914306640625 1131.93701171875
107.37091134263267 274.2420654296875 1108.5648193359375
107.57085717381075 170.47898864746094 1040.4893798828125
107.6041814790071 149.72048950195312 1037.1533203125
107.77080300498884 97.2708511352539 1000.5089721679688
107.77080300498884 81.5918197631836 1012.0450439453125
107.80412731018518 95.36416625976562 1002.5398559570312
107.80412731018518 86.6052017211914 996.4210205078125
107.90410022577423 67.86865234375 995.699462890625
107.90410022577423 50.540138244628906 1001.1091918945312
108.10404605695231 56.09627151489258 977.35400390625
108.20401897254136 48.80492401123047 977.3203125
108.27066758293405 47.6635856628418 975.9606323242188
108.27066758293405 16.235107421875 990.7965698242188
108.3706404985231 29.137954711914062 979.9461059570312
108.43728910891579 21.465248107910156 975.1559448242188
108.43728910891579 12.47217082977295 981.9178466796875
108.50393771930848 11.825177192687988 972.3901977539062
108.50393771930848 5.283575534820557 968.9579467773438
108.50393771930848 1.658927321434021 977.78369140625
108.63723494009388 -24.54336166381836 981.7686157226562
108.63723494009388 -44.037139892578125 994.0606079101562
108.70388355048658 -31.987274169921875 981.7386474609375
108.73720785568293 -53.835670471191406 991.2799072265625
108.77053216087927 -54.98814010620117 989.899169921875
108.80385646607562 -41.74404525756836 978.9570922851562
108.83718077127196 -46.916202545166016 981.678466796875
108.87050507646832 -78.4432373046875 993.2830200195312
108.93715368686101 -87.78661346435547 1000.1862182617188
108.97047799205735 -59.596702575683594 984.3778076171875
109.03712660245006 -66.23077392578125 980.9127807617188
109.17042382323544 -110.81934356689453 995.2816772460938
109.27039673882449 -113.62606048583984 982.7936401367188
109.27039673882449 -143.47305297851562 997.2975463867188
109.27039673882449 -150.21522521972656 993.7943725585938
109.30372104402083 -143.69947814941406 992.4171142578125
109.33704534921718 -137.42686462402344 986.1744384765625
109.43701826480623 -182.2271728515625 992.31396484375
109.47034257000257 -179.14315795898438 986.7294311523438
109.53699118039528 -186.11468505859375 978.326416015625
109.57031548559162 -216.00096130371094 979.5961303710938
109.60363979078797 -190.95492553710938 967.8527221679688
109.60363979078797 -210.72653198242188 971.9286499023438
109.60363979078797 -219.4929656982422 975.380615234375
109.60363979078797 -218.1514129638672 981.6890869140625
109.63696409598431 -209.74703979492188 968.4443359375
109.63696409598431 -212.07046508789062 965.6416625976562
109.63696409598431 -235.1083984375 975.30712890625
109.73693701157336 -224.4938507080078 959.9873046875
109.73693701157336 -236.6045379638672 964.09912109375
109.8369099271624 -262.5877380371094 956.2377319335938
109.8369099271624 -279.07733154296875 969.4666748046875
109.87023423235875 -253.73231506347656 952.806884765625
109.9035585375551 -274.9667053222656 955.4508056640625
109.97020714794779 -321.1019592285156 966.4129638671875
110.13682867392953 -325.7835388183594 960.734619140625
110.13682867392953 -361.0872802734375 971.15771484375
110.17015297912587 -363.35516357421875 973.2802124023438
110.17015297912587 -369.1522521972656 971.1163940429688
110.30345019991127 -379.7947082519531 953.2923583984375
110.37009881030397 -393.8640441894531 936.186279296875
110.470071725893 -376.9217529296875 913.1392822265625
110.7366661674638 -368.20538330078125 885.3483276367188
110.93661199864188 -296.2591247558594 873.3861694335938
111.00326060903457 -306.162841796875 880.095947265625
111.03658491423093 -268.6718444824219 864.9711303710938
111.13655782981996 -223.8394012451172 854.9345703125
111.16988213501631 -235.7667236328125 858.7720336914062
111.20320644021267 -227.10287475585938 855.548583984375
111.23653074540901 -216.35418701171875 850.35107421875
111.3031793558017 -213.1027374267578 849.7408447265625
111.3698279661944 -194.80084228515625 844.7246704101562
111.4364765765871 -153.05950927734375 836.9007568359375
111.46980088178344 -150.78857421875 839.6174926757812
111.53644949217615 -144.1939697265625 843.0924682617188
111.60309810256884 -137.60353088378906 846.5652465820312
111.70307101815789 -135.55877685546875 844.6058349609375
111.76971962855058 -114.51496124267578 839.0597534179688
111.93634115453231 -92.48546600341797 834.8990478515625
112.002989764925 -72.32770538330078 837.321533203125
112.03631407012136 -94.86861419677734 849.4307861328125
112.06963837531771 -72.92584991455078 845.2390747070312
112.16961129090674 -79.26421356201172 863.6987915039062
112.30290851169214 -95.11797332763672 884.1482543945312
112.33623281688848 -65.65315246582031 879.9400634765625
112.36955712208484 -68.78838348388672 880.556396484375
112.40288142728119 -46.622196197509766 880.9205932617188
112.46953003767388 -37.83866882324219 887.0610961914062
112.60282725845927 5.7621355056762695 883.1057739257812
112.70280017404832 60.9511833190918 876.7754516601562
112.76944878444101 89.1581039428711 872.6842651367188
112.80277308963736 89.52295684814453 877.2659912109375
112.80277308963736 73.37357330322266 878.9554443359375
112.9027460052264 176.96507263183594 845.939208984375
112.9027460052264 151.465087890625 860.20751953125
112.93607031042275 192.58741760253906 844.355224609375
112.9693946156191 219.20904541015625 836.0277099609375
113.06936753120814 267.451904296875 833.968994140625
113.10269183640449 274.0414123535156 841.6891479492188
113.20266475199352 333.06903076171875 856.810791015625
113.56923210915336 509.23370361328125 948.9498901367188
113.6025564143497 504.9656982421875 951.44482421875
113.63588071954605 534.6708984375 934.0798950195312
113.6692050247424 521.5078125 944.6397094726562
113.93579946631318 560.4489135742188 923.7451171875
114.00244807670587 553.3489379882812 937.408935546875
114.16906960268761 568.79248046875 962.667724609375
114.23571821308032 590.0235595703125 965.3279418945312
114.33569112866935 599.18603515625 972.302978515625
114.33569112866935 582.3067626953125 993.0906372070312
114.66893418063283 612.9028930664062 973.6368408203125
114.73558279102554 611.385498046875 975.5147094726562
114.76890709622188 615.508056640625 973.0228881835938
114.80223140141823 632.7489624023438 956.8683471679688
114.96885292739996 611.2310180664062 1004.5772705078125
115.00217723259631 611.896484375 1009.0238037109375
115.06882584298901 592.144287109375 1041.6737060546875
115.10215014818536 583.7305908203125 1046.8642578125
115.16879875857805 582.422119140625 1037.843994140625
115.2021230637744 569.563720703125 1037.8841552734375
115.23544736897075 571.3921508789062 1025.009033203125
115.23544736897075 543.8729248046875 1045.7391357421875
115.2687716741671 542.60693359375 1036.674072265625
115.2687716741671 532.9395751953125 1040.591796875
115.30209597936344 514.4820556640625 1041.9564208984375
115.33542028455979 510.2964172363281 1017.9814453125
115.36874458975613 500.0541687011719 1025.109619140625
115.36874458975613 477.7073669433594 1033.6046142578125
115.60201472613058 441.74627685546875 1018.66552734375
115.66866333652327 412.8650207519531 1031.7965087890625
115.73531194691597 398.2986145019531 1038.4190673828125
115.80196055730866 397.1926574707031 1029.199462890625
115.93525777809405 381.5356750488281 1010.8230590820312
115.9685820832904 343.6551208496094 1018.0596923828125
116.06855499887945 314.79425048828125 1004.1862182617188
116.1018793040758 305.6933898925781 1001.5325317382812
116.33514944045022 282.1417541503906 973.7988891601562
116.40179805084293 248.34544372558594 990.81396484375
116.63506818721736 203.20184326171875 999.3565063476562
116.6683924924137 190.92544555664062 997.3251342773438
116.6683924924137 174.2194061279297 1002.6572875976562
116.83501401839544 133.16822814941406 975.03076171875
116.90166262878815 124.45419311523438 956.2703247070312
117.10160845996623 37.86030578613281 955.63720703125
117.16825707035892 46.502071380615234 931.5529174804688
117.23490568075162 15.111449241638184 928.5460815429688
117.46817581712605 -68.03434753417969 912.1160278320312
117.53482442751874 -80.3099365234375 901.8467407226562
117.53482442751874 -96.13150024414062 905.0033569335938
117.63479734310779 -105.26168823242188 894.0809936523438
117.70144595350048 -121.64955139160156 887.7676391601562
117.76809456389319 -130.5433807373047 881.56201171875
117.80141886908953 -143.55715942382812 879.3278198242188
117.80141886908953 -158.2490234375 888.5568237304688
117.83474317428588 -146.98126220703125 875.226318359375
117.90139178467857 -163.0358123779297 878.3319091796875
117.93471608987493 -145.58412170410156 859.1190185546875
117.96804039507127 -147.86062622070312 856.3941650390625
118.0680133106603 -153.3340301513672 854.2776489257812
118.16798622624935 -152.84397888183594 841.5764770507812
118.2013105314457 -147.60023498535156 839.018310546875
118.30128344703475 -137.14492797851562 833.9177856445312
118.43458066782014 -98.00139617919922 811.037841796875
118.63452649899823 -51.93569564819336 793.2870483398438
119.06774246655074 6.899633407592773 779.4411010742188
119.13439107694344 40.448970794677734 765.743408203125
119.16771538213979 50.51207733154297 765.4190063476562
119.20103968733613 60.54808807373047 765.095458984375
119.23436399253248 35.11781692504883 775.7866821289062
119.33433690812153 95.62935638427734 778.2162475585938
119.36766121331787 124.97887420654297 772.77099609375
119.40098551851422 123.1570053100586 774.60888671875
119.40098551851422 101.51765441894531 789.1834716796875
119.43430982371058 162.1403045654297 780.8133544921875
119.46763412890692 174.10183715820312 783.051513671875
119.46763412890692 162.24720764160156 792.7920532226562
119.56760704449596 197.68576049804688 795.041748046875
119.56760704449596 189.06358337402344 796.69091796875
119.60093134969232 225.81666564941406 785.1897583007812
119.63425565488866 252.56723022460938 774.1659545898438
119.63425565488866 226.25498962402344 789.5772705078125
119.70090426528135 277.9547119140625 761.9902954101562
119.8008771808704 308.7150573730469 741.5943603515625
119.86752579126309 348.8257141113281 718.2542724609375
119.9341744016558 376.41497802734375 703.1766967773438
119.9341744016558 368.8651428222656 708.8436279296875
119.96749870685214 385.5182800292969 702.9493408203125
120.00082301204849 410.0338134765625 695.6463012695312
120.10079592763753 444.3625793457031 696.4843139648438
120.16744453803022 464.3623352050781 705.5525512695312
120.20076884322657 481.544677734375 700.96484375
120.20076884322657 480.0814514160156 709.718994140625
120.20076884322657 467.1053161621094 719.2359619140625
120.23409314842291 498.8218688964844 710.4705200195312
120.33406606401196 531.956787109375 714.1380004882812
120.36739036920831 540.2359619140625 716.8053588867188
120.40071467440465 555.099365234375 716.8087158203125
120.40071467440465 532.2328491210938 728.2182006835938
120.56733620038639 589.4832153320312 708.8906860351562
120.6339848107791 594.09033203125 710.8150634765625
120.6339848107791 582.11865234375 717.2962646484375
120.6339848107791 578.543701171875 716.5731201171875
120.66730911597544 605.3659057617188 700.3082275390625
120.86725494715353 628.8884887695312 671.015869140625
120.86725494715353 619.6283569335938 676.8565673828125
120.90057925234987 629.2855834960938 668.1932373046875
120.90057925234987 607.2064819335938 679.15234375
121.00055216793892 621.2371215820312 665.5458984375
121.16717369392066 555.9371337890625 687.2334594726562
121.23382230431335 523.8705444335938 694.5543212890625
121.26714660950971 542.4970703125 678.556640625
121.26714660950971 537.5555419921875 686.4339599609375
121.26714660950971 520.2573852539062 693.8192749023438
121.26714660950971 513.6067504882812 696.4512939453125
121.30047091470605 529.3123168945312 683.7571411132812
121.30047091470605 514.07373046875 693.5569458007812
121.30047091470605 503.7805480957031 695.4544677734375
121.3337952199024 492.3978576660156 696.1445922851562
121.36711952509874 485.1109619140625 694.6682739257812
121.40044383029509 501.5723876953125 686.032958984375
121.40044383029509 483.5719299316406 696.35986328125
121.40044383029509 464.30010986328125 698.4898071289062
121.43376813549145 479.84234619140625 688.5960693359375
121.43376813549145 472.5420227050781 687.1131591796875
121.56706535627683 395.67791748046875 696.82861328125
121.63371396666953 379.1315002441406 695.5501708984375
121.70036257706222 327.8251647949219 704.8140258789062
121.86698410304396 240.30191040039062 729.3751220703125
121.9003084082403 262.38446044921875 713.7264404296875
121.9003084082403 251.6891326904297 720.0164184570312
121.93363271343667 214.9463348388672 733.9891967773438
121.96695701863301 193.99305725097656 736.3298950195312
122.00028132382936 189.6416473388672 731.234375
122.0336056290257 170.72706604003906 736.1290893554688
122.1002542394184 137.9404754638672 740.5816650390625
122.30020007059649 29.438358306884766 781.378173828125
122.33352437579283 -23.43585968017578 801.84130859375
122.50014590177457 -59.25857162475586 810.0400390625
122.56679451216726 -118.85828399658203 816.45361328125
122.66676742775631 -119.80004119873047 797.9996337890625
122.66676742775631 -129.4725341796875 795.1162719726562
122.733416038149 -104.85279083251953 781.399658203125
122.90003756413074 -158.3717498779297 791.0504150390625
123.16663200570153 -158.79244995117188 781.8331298828125
123.19995631089787 -181.9913330078125 789.0895385742188
123.39990214207596 -174.8810272216797 780.0631713867188
123.5665236680577 -178.06593322753906 780.6307373046875
123.66649658364675 -168.92770385742188 769.7327880859375
123.69982088884309 -166.6763153076172 772.4207153320312
123.76646949923578 -165.7559051513672 769.1719970703125
123.79979380443214 -155.34645080566406 764.253662109375
123.79979380443214 -165.7559051513672 769.1719970703125
123.86644241482483 -185.7669677734375 775.804931640625
123.93309102521752 -184.63890075683594 777.1531982421875
123.96641533041388 -184.63890075683594 777.1531982421875
123.99973963561023 -161.67018127441406 765.3687744140625
124.06638824600292 -170.05320739746094 768.3890380859375
124.09971255119926 -170.05320739746094 768.3890380859375
124.23300977198465 -170.05320739746094 768.3890380859375
124.59957712914448 -151.2801513671875 760.4634399414062
124.83284726551892 -180.5183563232422 773.3279418945312
125.19941462267874 -176.2078399658203 774.1103515625
125.39936045385683 -147.91200256347656 764.4795532226562
