0.03332602621964324 894.9173583984375 648.4063110351562
0.06665205243928649 909.866943359375 629.77587890625
0.06665205243928649 892.3966064453125 639.6219482421875
0.09997807865892971 907.5374755859375 606.6510009765625
0.23328218353750269 867.6865234375 573.4812622070312
0.26660820975714594 874.9345092773438 567.0502319335938
0.36658628841607566 838.1365356445312 537.2929077148438
0.4332383408553621 833.7258911132812 526.4995727539062
0.46656436707500537 833.009765625 522.7841796875
0.5332164195142919 848.2938232421875 513.9122314453125
0.5998684719535783 846.5064697265625 520.5663452148438
0.6331944981732216 828.656494140625 532.4595336914062
0.6331944981732216 820.5875854492188 535.08251953125
0.6665205243928648 832.18505859375 530.5931396484375
0.699846550612508 824.12890625 533.2107543945312
0.8664766817107242 824.68798828125 527.990966796875
0.9664547603696539 850.2681884765625 516.131591796875
0.9997807865892973 838.7770385742188 520.5610961914062
0.9997807865892973 824.5339965820312 519.0658569335938
1.0331068128089405 850.2681884765625 516.131591796875
1.0664328390285838 850.2681884765625 516.131591796875
1.0997588652482269 850.2681884765625 516.131591796875
1.0997588652482269 838.7770385742188 520.5610961914062
1.1330848914678702 850.2681884765625 516.131591796875
1.2330629701267999 846.5064697265625 520.5663452148438
1.2997150225660863 856.7171630859375 517.6171264648438
1.366367075005373 856.7171630859375 517.6171264648438
1.399693101225016 849.73779296875 521.3087768554688
1.4330191274446593 849.73779296875 521.3087768554688
1.4663451536643026 849.73779296875 521.3087768554688
1.532997206103589 856.7171630859375 517.6171264648438
1.5996492585428754 845.2503662109375 522.0472412109375
1.7996054158607349 853.23046875 519.46142578125
1.8329314420803782 871.5892333984375 511.3763732910156
1.8329314420803782 865.6441040039062 516.1522827148438
1.8662574683000215 865.6441040039062 516.1522827148438
1.8995834945196648 865.6441040039062 516.1522827148438
1.8995834945196648 854.2180786132812 520.571533203125
1.8995834945196648 843.00390625 522.4168701171875
1.9329095207393079 854.2180786132812 520.571533203125
1.9329095207393079 842.553466796875 516.1212158203125
1.9662355469589512 852.242919921875 518.3513793945312
1.9995615731785945 860.4574584960938 513.1954956054688
1.9995615731785945 848.0277709960938 516.4982299804688
2.032887599398238 860.9755859375 508.0419921875
2.099539651837524 854.3463745117188 497.7340087890625
2.1328656780571675 831.2523193359375 497.63909912109375
2.2661697829357403 846.824462890625 475.0227966308594
2.5994300451321726 766.892578125 495.145263671875
2.632756071351816 805.1970825195312 482.787109375
2.9993423597678914 630.0232543945312 433.0442199707031
3.032668385987535 609.7828979492188 428.31146240234375
3.032668385987535 598.4352416992188 433.7397766113281
3.1326464646464647 521.8504638671875 424.0690002441406
3.2992765957446806 404.4633483886719 369.3385925292969
3.332602621964324 347.73651123046875 356.0091552734375
3.365928648183967 359.5950622558594 340.5274963378906
3.3992546744036103 376.3271179199219 337.2278747558594
3.465906726842897 323.9030456542969 338.4775085449219
3.465906726842897 294.8265380859375 350.9649963378906
3.6325368579411133 209.2578887939453 400.7558898925781
3.6991889103804 130.2609405517578 471.6551513671875
3.732514936600043 116.31616973876953 473.57769775390625
3.732514936600043 104.06473541259766 484.8671875
3.765840962819686 123.34832763671875 489.0337829589844
3.765840962819686 106.17780303955078 498.333984375
3.7991669890393296 86.04116821289062 508.1098937988281
3.9657971201375455 21.970861434936523 515.849609375
3.999123146357189 9.778730392456055 509.1814270019531
4.165753277455405 -44.46874237060547 460.89599609375
4.532339565871481 21.326412200927734 454.9250183105469
4.765621749408983 90.07544708251953 443.0711364746094
4.965577906726843 127.67208099365234 432.69683837890625
4.965577906726843 117.6267318725586 435.3686828613281
4.965577906726843 96.72444152832031 443.54669189453125
4.998903932946486 112.77540588378906 444.12451171875
5.265512142703632 110.39071655273438 492.2294921875
5.498794326241135 244.45387268066406 476.0623779296875
5.532120352460778 220.13427734375 479.4945373535156
5.898706640876854 294.7322998046875 520.1927490234375
5.932032667096497 242.1474609375 540.4168701171875
5.998684719535783 297.6081848144531 537.4771118164062
6.265292929292929 349.4804382324219 541.7926635742188
6.265292929292929 345.31805419921875 536.9946899414062
6.3319449817322155 397.6141357421875 522.2391967773438
6.3319449817322155 353.7690734863281 532.9846801757812
6.398597034171502 413.62017822265625 517.1201782226562
6.431923060391146 417.2232666015625 517.9117431640625
6.498575112830432 441.3048095703125 515.58203125
6.631879217709005 456.08709716796875 515.9932861328125
6.665205243928648 461.64678955078125 512.4825439453125
6.731857296367934 476.8127746582031 510.17169189453125
6.7651833225875775 448.4574890136719 517.1592407226562
6.798509348807221 478.31005859375 508.6175537109375
6.8318353750268646 481.3003234863281 505.51373291015625
6.865161401246508 484.28497314453125 502.415771484375
6.898487427466151 491.72198486328125 494.69635009765625
6.931813453685794 494.6869812011719 491.6187744140625
6.965139479905437 460.50946044921875 498.0587158203125
6.99846550612508 472.5821533203125 492.28802490234375
7.131769611003653 491.916748046875 472.3551330566406
7.198421663442939 486.8412780761719 466.5619201660156
7.231747689662583 502.5852966308594 452.5766296386719
7.29839974210187 480.1317443847656 449.291015625
7.3983778207608 509.340087890625 441.2609558105469
7.498355899419729 494.5010681152344 443.36163330078125
7.864942187835805 394.7427978515625 426.0604248046875
7.931594240275091 384.5795593261719 414.4280700683594
7.964920266494734 382.5481262207031 412.10296630859375
8.33150655491081 428.8817443847656 318.32281494140625
8.564788738448312 415.4071350097656 256.6976318359375
8.631440790887599 373.4925231933594 224.43626403808594
8.664766817107243 399.6943054199219 208.4238739013672
8.698092843326886 364.7294006347656 202.22474670410156
8.731418869546529 379.5909423828125 194.7207794189453
8.764744895766173 355.4929504394531 182.58348083496094
8.864722974425101 377.76617431640625 168.4810791015625
8.964701053084031 374.3370361328125 167.60560607910156
8.964701053084031 323.3092956542969 173.56700134277344
8.998027079303675 371.3730773925781 170.2749786376953
9.064679131742961 338.1078796386719 184.24154663085938
9.131331184182248 337.05029296875 189.18002319335938
9.164657210401892 319.0046691894531 193.34445190429688
9.297961315280464 312.6883544921875 211.0322265625
9.297961315280464 300.4886779785156 215.92428588867188
9.36461336771975 271.77203369140625 227.4396209716797
9.56456952503761 241.5178985595703 244.20960998535156
9.56456952503761 230.1285400390625 244.1386260986328
9.664547603696539 303.9999694824219 245.1633758544922
9.731199656135827 303.6596374511719 263.8465270996094
9.731199656135827 267.721923828125 267.721923828125
9.797851708575113 285.6421813964844 294.6981506347656
9.831177734794755 337.10955810546875 305.23297119140625
9.864503761014399 337.4164123535156 321.6147155761719
9.96448183967333 301.9244689941406 359.1025085449219
10.197764023210832 426.0210876464844 358.9766845703125
10.231090049430474 416.0163879394531 360.23614501953125
10.264416075650118 420.01995849609375 358.4626770019531
10.564350311626907 436.84625244140625 327.3819580078125
10.631002364066193 449.112060546875 313.4203796386719
10.764306468944767 422.869140625 292.86907958984375
10.764306468944767 404.0264587402344 296.2771911621094
10.830958521384053 383.0647277832031 297.4390563964844
10.89761057382334 392.0703430175781 295.15838623046875
11.064240704921556 357.8070068359375 312.9063720703125
11.297522888459058 397.0060119628906 319.60809326171875
11.364174940898344 451.9989318847656 304.3778991699219
11.397500967117988 441.142333984375 298.2016906738281
11.564131098216205 444.3313903808594 255.99705505371094
11.697435203094777 516.73486328125 254.14102172851562
11.730761229314421 507.28948974609375 261.24359130859375
11.797413281753707 529.7255249023438 259.9603271484375
11.997369439071566 550.0559692382812 256.4919738769531
13.097128304319794 455.13128662109375 392.1496887207031
13.497040618955513 391.7120361328125 416.0669250488281
13.563692671394799 394.8063659667969 400.11590576171875
13.796974854932301 325.4646301269531 372.9254455566406
14.063583064689448 274.4263916015625 334.1647644042969
14.496821405544809 391.5252990722656 310.2180480957031
14.530147431764453 351.6776428222656 318.669921875
15.363298087255533 400.75152587890625 499.0062255859375
16.129796690307327 509.4801330566406 570.5501708984375
16.22977476896626 542.2178344726562 571.9126586914062
16.296426821405543 580.6751708984375 557.583984375
16.66301310982162 514.3925170898438 504.4456481933594
16.796317214700192 496.06317138671875 448.32135009765625
16.796317214700192 458.1967468261719 462.8613586425781
16.829643240919836 451.56549072265625 452.0484619140625
16.86296926713948 480.36883544921875 427.252685546875
16.896295293359124 441.3431091308594 427.4707946777344
16.996273372018052 426.58709716796875 381.8247375488281
17.06292542445734 401.98388671875 337.90386962890625
17.06292542445734 408.4928283691406 348.4888610839844
17.16290350311627 409.494140625 305.6166687011719
17.16290350311627 359.80950927734375 315.1914367675781
17.229555555555557 370.0397033691406 295.1822509765625
17.229555555555557 368.4786682128906 302.8717041015625
17.462837739093057 325.82012939453125 276.4059753417969
17.4961637653127 347.13525390625 269.08111572265625
17.629467870191274 355.1543273925781 271.9281311035156
17.662793896410918 315.0927429199219 280.0923767089844
17.729445948850202 308.7711486816406 292.0951232910156
17.962728132387706 308.21533203125 294.6755676269531
18.029380184826994 326.7293395996094 283.8077392578125
18.22933634214485 369.25775146484375 262.94793701171875
18.262662368364495 315.8446044921875 265.0228576660156
19.66235546958951 548.3267822265625 185.26800537109375
19.795659574468086 577.4598999023438 195.27894592285156
19.995615731785943 572.6427001953125 238.4196014404297
20.028941758005587 576.5126953125 242.77618408203125
20.12891983666452 561.233642578125 286.6961669921875
20.16224586288416 556.2449951171875 295.8104248046875
20.195571889103803 571.8142700195312 292.7571105957031
20.195571889103803 574.3422241210938 298.5489501953125
20.228897915323447 588.0599365234375 299.3536376953125
20.26222394154309 590.9890747070312 302.65716552734375
20.328875993982376 588.2457275390625 305.4246520996094
20.428854072641307 578.3797607421875 323.7701721191406
20.462180098860948 577.5741577148438 328.791748046875
20.462180098860948 566.8595581054688 337.53326416015625
20.528832151300236 566.4495239257812 340.0600891113281
20.595484203739524 552.4296264648438 354.2610168457031
20.628810229959164 480.83770751953125 383.6684265136719
20.76211433483774 468.95709228515625 382.6820983886719
20.828766387277025 487.59747314453125 372.6463317871094
20.99539651837524 464.5934143066406 340.29022216796875
20.99539651837524 456.7338562011719 343.7745361328125
21.128700623253813 452.5629577636719 314.25537109375
22.12848140984311 663.8779296875 349.8191833496094
22.1951334622824 656.5742797851562 353.2234802246094
22.32843756716097 675.3860473632812 389.03558349609375
22.32843756716097 651.3714599609375 397.30999755859375
22.561719750698472 644.5872802734375 428.4302062988281
22.62837180313776 625.432373046875 424.8265380859375
22.62837180313776 593.2388305664062 437.0312805175781
22.661697829357404 580.6190185546875 434.9998779296875
23.461522458628842 434.15814208984375 277.983642578125
24.028064904362775 585.0040893554688 355.0612487792969
24.028064904362775 572.7064819335938 359.1331787109375
24.028064904362775 550.451416015625 352.0209045410156
24.06139093058242 575.84619140625 368.7039489746094
24.094716956802063 613.5985717773438 372.4678955078125
24.228021061680636 659.36962890625 397.4591064453125
24.26134708790028 691.176513671875 398.0519714355469
24.26134708790028 684.2362670898438 399.0133056640625
24.327999140339564 709.2200317382812 415.4615173339844
24.327999140339564 686.374755859375 424.980712890625
24.361325166559208 669.8825073242188 445.0352478027344
24.394651192778852 712.786376953125 440.02276611328125
24.394651192778852 696.86181640625 448.67291259765625
24.427977218998496 687.8889770507812 447.46307373046875
24.427977218998496 678.0411376953125 469.2746276855469
24.427977218998496 669.0763549804688 459.1346130371094
24.46130324521814 668.2660522460938 473.30657958984375
24.49462927143778 716.0580444335938 458.47906494140625
24.527955297657424 704.0790405273438 471.7177734375
24.56128132387707 679.2517700195312 485.740478515625
24.594607350096712 708.73681640625 471.01116943359375
24.594607350096712 702.7760620117188 464.2783508300781
24.594607350096712 695.4347534179688 467.928955078125
24.69458542875564 682.0943603515625 464.8378601074219
24.861215559853857 683.4429321289062 463.3616027832031
24.8945415860735 681.4532470703125 461.1121826171875
24.8945415860735 652.8222045898438 467.94561767578125
24.927867612293145 679.4639282226562 458.86322021484375
24.99451966473243 660.6494750976562 461.6630859375
25.027845690952073 659.3883056640625 454.1998596191406
25.027845690952073 642.592041015625 450.29827880859375
25.127823769611002 653.636962890625 429.6652526855469
25.127823769611002 613.5948486328125 441.763671875
25.227801848269934 637.909912109375 402.9206237792969
25.227801848269934 625.7410278320312 407.115966796875
25.294453900709218 648.3972778320312 370.34100341796875
25.327779926928862 622.1910400390625 361.404296875
25.327779926928862 609.6542358398438 368.01104736328125
25.39443197936815 601.9365234375 320.8692321777344
25.461084031807435 564.6492309570312 308.2612609863281
25.69436621534494 539.6453247070312 236.00155639648438
25.727692241564583 587.6051635742188 223.72862243652344
25.82767032022351 553.278564453125 196.5457000732422
25.860996346443155 545.3131103515625 196.16929626464844
26.094278529980656 554.41943359375 149.66297912597656
26.1276045562003 564.0471801757812 146.4534912109375
26.1276045562003 559.4384765625 146.88027954101562
26.160930582419944 616.900634765625 139.26771545410156
26.194256608639588 570.2263793945312 136.65377807617188
26.360886739737804 596.4888305664062 127.39358520507812
26.360886739737804 582.8338012695312 128.62049865722656
26.394212765957445 590.0516357421875 125.68339538574219
26.460864818396733 562.6282958984375 128.1366424560547
26.494190844616377 577.708984375 125.64155578613281
26.727473028153877 495.2792053222656 134.16156005859375
26.894103159252094 460.2349853515625 129.12367248535156
26.96075521169138 447.8437194824219 126.7125244140625
27.094059316569954 428.68829345703125 116.70720672607422
27.127385342789598 428.19818115234375 113.25382995605469
27.294015473887814 411.9015808105469 129.85755920410156
27.327341500107458 360.33966064453125 136.7381591796875
27.3606675263271 397.3910217285156 137.01673889160156
27.627275736084247 387.2498779296875 122.60102844238281
27.727253814743175 443.3294372558594 89.98690795898438
27.89388394584139 540.1649169921875 56.1612548828125
28.093840103159252 615.7265625 70.38099670410156
28.39377433913604 638.5748901367188 149.84814453125
28.39377433913604 595.345703125 148.16058349609375
28.427100365355685 639.1629028320312 153.2329559326172
28.427100365355685 632.4937744140625 167.68675231933594
28.46042639157533 626.7279663085938 183.31373596191406
28.46042639157533 592.6469116210938 192.5709991455078
28.5937304964539 561.9170532226562 240.779052734375
28.627056522673545 612.0944213867188 248.4070281982422
28.926990758650334 587.4022216796875 339.89556884765625
28.993642811089618 598.6168823242188 349.5956726074219
29.360229099505695 685.0370483398438 426.4291076660156
29.426881151944983 684.5628662109375 446.6856689453125
29.493533204384267 707.08984375 466.1712341308594
29.560185256823555 723.3274536132812 463.722412109375
29.5935112830432 763.4263916015625 467.7632751464844
29.660163335482483 777.8678588867188 478.18804931640625
29.693489361702127 787.0615844726562 485.62347412109375
29.693489361702127 749.4442138671875 490.2311096191406
29.793467440361056 781.4825439453125 514.5463256835938
29.8267934665807 816.472412109375 501.2702941894531
29.860119492800344 776.2092895507812 511.55242919921875
29.893445519019988 825.3379516601562 490.9900817871094
29.893445519019988 802.7675170898438 494.5658264160156
29.926771545239628 800.791015625 492.341064453125
29.960097571459272 802.3584594726562 488.2919006347656
29.960097571459272 791.1181640625 498.9559020996094
30.093401676337844 854.3400268554688 455.13372802734375
30.160053728777132 856.8685302734375 441.1078186035156
30.160053728777132 816.3330078125 452.19122314453125
30.193379754996776 854.9215698242188 438.9269104003906
30.26003180743606 817.4508056640625 442.05657958984375
30.293357833655705 817.4508056640625 442.05657958984375
30.32668385987535 833.3185424804688 437.205810546875
30.360009886094993 833.4833984375 445.8665771484375
30.893226305609282 758.6959228515625 442.0572204589844
30.993204384268214 716.0713500976562 449.62506103515625
31.026530410487858 746.93212890625 437.52813720703125
31.193160541586074 712.8046875 431.2213439941406
31.226486567805715 694.2821044921875 433.904296875
31.25981259402536 715.1263427734375 422.116943359375
31.293138620245003 725.959228515625 416.8220520019531
31.359790672684287 672.4707641601562 418.1676330566406
31.59307285622179 693.9240112304688 377.8482360839844
31.626398882441435 664.937255859375 374.3276672363281
31.65972490866108 642.50439453125 363.694091796875
31.726376961100364 640.4297485351562 346.7013854980469
31.726376961100364 608.8477172851562 358.18438720703125
31.759702987320008 618.4217529296875 348.2939453125
31.793029013539652 604.5030517578125 341.4353942871094
31.826355039759296 626.7306518554688 331.2589416503906
31.926333118418224 600.3770751953125 330.8760986328125
31.959659144637868 609.5595092773438 323.6012878417969
31.992985170857512 630.5574951171875 321.002197265625
32.0596372232968 635.5736083984375 317.94451904296875
32.09296324951644 622.0 317.17852783203125
32.09296324951644 599.9796142578125 318.66162109375
32.126289275736085 644.9591674804688 308.28826904296875
32.126289275736085 607.0113525390625 317.7986145019531
32.49287556415216 651.4309692382812 341.609375
32.559527616591446 654.6171875 351.01837158203125
32.659505695250374 647.7817993164062 366.7091979980469
32.7594837739093 628.5519409179688 380.440673828125
32.7594837739093 624.2277221679688 378.52728271484375
32.89278787878788 659.15087890625 359.0416259765625
32.959439931227166 647.2860717773438 354.4302062988281
32.99276595744681 683.694091796875 337.4863586425781
33.026091983666454 656.6785888671875 344.6145324707031
33.092744036105735 684.3837890625 332.528076171875
33.19272211476467 672.2130126953125 338.95355224609375
33.22604814098431 664.9467163085938 342.32861328125
33.22604814098431 656.6785888671875 344.6145324707031
33.32602621964324 642.0194702148438 351.4181213378906
33.35935224586289 659.9692993164062 345.41754150390625
33.42600429830217 667.8749389648438 345.625
33.42600429830217 643.979248046875 353.6275939941406
33.459330324521815 663.8779296875 349.8191833496094
33.459330324521815 624.5376586914062 361.0979309082031
33.492656350741456 657.1922607421875 356.8345642089844
33.525982376961096 656.4697265625 361.8588562011719
33.525982376961096 624.3829345703125 369.79913330078125
33.62596045562003 638.1782836914062 385.3773193359375
33.65928648183967 634.70654296875 393.3403015136719
33.69261250805931 638.6582641601562 397.80499267578125
33.72593853427896 633.8134765625 407.25439453125
34.05919879647539 627.730712890625 448.6434020996094
34.09252482269503 622.1956787109375 454.56317138671875
34.892349451966474 610.525390625 493.6908264160156
34.892349451966474 601.27783203125 508.14080810546875
34.892349451966474 592.3812866210938 504.2934265136719
34.925675478186115 601.0816040039062 517.3304443359375
35.12563163550398 627.0470581054688 550.0167236328125
35.12563163550398 618.9841918945312 556.6287231445312
35.12563163550398 580.4434814453125 566.9580078125
35.19228368794326 604.1734619140625 568.3741455078125
35.25893574038255 611.9820556640625 596.508056640625
35.29226176660219 611.8003540039062 605.9640502929688
35.358913819041476 589.5908203125 626.0811157226562
35.39223984526112 633.9190673828125 618.316162109375
35.425565871480764 643.9337768554688 623.3115844726562
35.425565871480764 635.3358154296875 616.7178955078125
35.458891897700404 605.4944458007812 640.9931640625
35.49221792392005 636.9647827148438 647.6319580078125
35.52554395013969 662.8017578125 641.6157836914062
35.52554395013969 635.2943115234375 642.4822998046875
35.52554395013969 628.5623168945312 647.7819213867188
35.55886997635934 671.0267944335938 650.9938354492188
35.69217408123791 674.7396240234375 703.794921875
35.725500107457556 668.7119750976562 713.2689819335938
35.725500107457556 664.0769653320312 721.1197509765625
35.79215215989684 662.4518432617188 742.4098510742188
35.79215215989684 651.7672119140625 750.1490478515625
35.89213023855577 691.8641967773438 756.2069091796875
35.95878229099505 707.2160034179688 767.1676025390625
35.95878229099505 696.6793823242188 774.9583129882812
35.9921083172147 713.1708984375 757.5294799804688
35.9921083172147 686.7008666992188 796.880859375
36.02543434343434 723.9512329101562 776.4234008789062
36.02543434343434 716.9658813476562 784.9251708984375
36.02543434343434 695.8552856445312 800.67333984375
36.05876036965399 730.9237060546875 787.6875610351562
36.09208639587363 713.4146118164062 814.1038818359375
36.19206447453256 774.79541015625 818.109130859375
36.19206447453256 618.4164428710938 745.4591674804688
36.225390500752205 768.5855102539062 820.866943359375
36.225390500752205 649.1395263671875 733.8092651367188
36.358694605630774 832.9489135742188 809.8367309570312
36.358694605630774 710.1141357421875 724.6557006835938
36.358694605630774 703.8577270507812 727.2721557617188
36.42534665807006 879.9212646484375 799.707763671875
36.42534665807006 734.2964477539062 719.9134521484375
36.49199871050935 907.9738159179688 790.8800048828125
36.55865076294864 947.7657470703125 771.3109130859375
36.62530281538792 800.5089721679688 700.1078491210938
36.69195486782721 989.8861083984375 755.5274658203125
36.69195486782721 983.7984008789062 763.6315307617188
36.725280894046854 1033.1578369140625 727.5364379882812
36.82525897270578 948.5549926757812 612.1633911132812
36.85858499892542 1121.6649169921875 681.5480346679688
36.89191102514507 1157.7723388671875 661.2776489257812
36.89191102514507 1022.4881591796875 567.9489135742188
36.92523705136471 1197.2138671875 643.1336059570312
36.92523705136471 1026.9268798828125 564.623779296875
36.991889103804 1088.29736328125 530.0233154296875
37.02521513002364 1270.2569580078125 596.0979614257812
37.05854115624328 1124.041748046875 509.0696105957031
37.09186718246293 1309.341064453125 588.5752563476562
37.12519320868257 1329.739990234375 573.6126708984375
37.12519320868257 1161.547607421875 478.42999267578125
37.158519234902215 1167.7486572265625 472.5843811035156
37.191845261121856 1188.173095703125 454.8712158203125
37.39180141843971 1411.700439453125 516.20947265625
37.52510552331829 1429.10693359375 507.1446838378906
37.658409628196864 1425.282958984375 486.70050048828125
37.691735654416505 1425.2288818359375 479.7030944824219
37.725061680636145 1431.54541015625 472.77935791015625
37.725061680636145 1427.9505615234375 478.06097412109375
37.85836578551472 1421.631591796875 487.34521484375
38.02499591661294 1249.966796875 360.2464294433594
38.05832194283258 1363.225830078125 541.8333129882812
38.124973995271866 1233.9249267578125 390.1831359863281
38.224952073930794 1234.95361328125 420.2451171875
38.224952073930794 1352.5556640625 588.8343505859375
38.25827810015044 1239.4049072265625 432.4238586425781
38.29160412637008 1244.739501953125 448.03759765625
38.29160412637008 1360.0908203125 607.0507202148438
38.32493015258973 1258.2906494140625 443.47686767578125
38.35825617880937 1374.33203125 630.20849609375
38.39158220502901 1258.93310546875 456.3354187011719
38.39158220502901 1255.3563232421875 484.2565612792969
38.42490823124866 1264.6417236328125 499.4205627441406
38.524886309907586 1271.9625244140625 517.3905029296875
38.524886309907586 1385.769775390625 667.8713989257812
38.591538362346874 1272.0150146484375 514.968505859375
38.624864388566515 1277.823486328125 513.9415893554688
38.658190414786155 1393.4119873046875 661.2344360351562
38.6915164410058 1284.039794921875 491.2770690917969
38.72484246722544 1284.225830078125 481.71685791015625
38.72484246722544 1408.4761962890625 623.270751953125
38.82482054588437 1287.0001220703125 436.47418212890625
38.82482054588437 1283.9879150390625 445.1567687988281
38.82482054588437 1406.5120849609375 603.9801025390625
38.82482054588437 1408.4329833984375 613.420166015625
38.99145067698259 1261.2900390625 398.7151794433594
39.09142875564152 1246.9012451171875 368.69195556640625
39.158080808080804 1382.0401611328125 493.1566162109375
39.158080808080804 1222.023681640625 343.7803649902344
39.19140683430045 1365.3560791015625 477.2409973144531
39.22473286052009 1357.9620361328125 466.783203125
39.22473286052009 1214.836181640625 331.17333984375
39.25805888673974 1209.137939453125 303.7722473144531
39.25805888673974 1195.3486328125 316.8942565917969
39.29138491295938 1342.3057861328125 442.57794189453125
39.29138491295938 1187.1959228515625 305.5906677246094
39.32471093917902 1331.193359375 435.1095886230469
39.32471093917902 1185.3660888671875 303.5841064453125
39.35803696539867 1334.9967041015625 427.5394287109375
39.35803696539867 1327.452392578125 435.7200622558594
39.39136299161831 1313.65087890625 418.24798583984375
39.458015044057596 1295.716796875 424.58746337890625
39.458015044057596 1137.71240234375 294.0982971191406
39.49134107027724 1110.533935546875 293.1125183105469
39.524667096496884 1268.4683837890625 416.13494873046875
39.524667096496884 1260.1395263671875 406.99371337890625
39.524667096496884 1087.6063232421875 299.50091552734375
39.557993122716525 1272.63330078125 399.2756042480469
39.557993122716525 1240.269287109375 401.95098876953125
39.59131914893617 1221.3853759765625 393.2414245605469
39.6912972275951 1203.5413818359375 380.8721923828125
39.6912972275951 1195.1187744140625 374.0303955078125
39.72462325381474 1214.5965576171875 366.5644836425781
39.72462325381474 1194.94482421875 378.6789245605469
39.79127530625403 1187.530517578125 370.52655029296875
39.82460133247367 1190.577392578125 366.6219177246094
39.82460133247367 1181.0472412109375 363.3978576660156
39.82460133247367 1176.6771240234375 375.5877685546875
39.85792735869332 1181.694091796875 371.3809509277344
39.89125338491296 1181.7872314453125 369.0571594238281
39.89125338491296 1178.3446044921875 382.2989807128906
39.957905437352245 1189.204345703125 377.2143859863281
40.02455748979153 1208.6573486328125 427.908447265625
40.057883516011174 1219.0166015625 436.860107421875
40.057883516011174 1206.7066650390625 428.21661376953125
40.09120954223082 1223.7659912109375 439.6357727050781
40.12453556845046 1242.3319091796875 430.7834167480469
40.12453556845046 1215.121337890625 437.4833679199219
40.1578615946701 1240.6021728515625 424.0314636230469
40.1578615946701 1246.12109375 432.5231628417969
40.19118762088975 1232.3935546875 441.7839050292969
40.29116569954868 1222.7564697265625 440.9778137207031
40.29116569954868 1205.2745361328125 441.4238586425781
40.357817751987966 1211.0595703125 442.8599853515625
40.457795830646894 1185.997314453125 435.0351867675781
40.52444788308618 1158.927734375 425.0970458984375
40.52444788308618 1134.1939697265625 425.3912658691406
40.59109993552546 1146.6148681640625 414.0066833496094
40.62442596174511 1137.00341796875 408.3990783691406
40.6910780141844 1082.79833984375 414.2653503417969
40.72440404040404 1111.3583984375 405.20263671875
40.79105609284333 1059.5238037109375 398.7418518066406
40.82438211906297 1064.208984375 388.5791931152344
40.857708145282615 1056.3614501953125 384.9992980957031
40.891034171502255 1085.989013671875 377.166748046875
40.891034171502255 1050.391357421875 383.5041198730469
40.991012250161184 1029.8765869140625 386.4801330566406
41.05766430260047 1020.5078125 389.0274658203125
41.12431635503976 999.1746215820312 386.1675109863281
41.1576423812594 1034.6512451171875 376.3251953125
41.19096840747905 1031.8203125 373.18927001953125
41.22429443369869 997.82568359375 376.8518371582031
41.290946486137976 1003.106689453125 374.91436767578125
41.32427251235762 1020.9341430664062 368.83795166015625
41.424250591016545 1030.8226318359375 387.5288391113281
41.45757661723619 1029.374267578125 393.67852783203125
41.49090264345583 1018.1762084960938 407.26031494140625
41.59088072211476 1020.0797119140625 438.2650146484375
41.65753277455405 997.2857666015625 466.2005615234375
41.65753277455405 998.8419799804688 473.31866455078125
41.6908588007737 986.7135620117188 495.0439147949219
41.6908588007737 981.86669921875 489.6355895996094
41.6908588007737 969.570556640625 511.5787048339844
41.72418482699334 972.4937744140625 514.8453979492188
41.72418482699334 945.7172241210938 529.4013671875
41.89081495809155 871.4617919921875 660.8277587890625
41.89081495809155 860.2476196289062 672.3319702148438
41.99079303675048 851.9307861328125 699.552734375
42.05744508918977 850.8383178710938 710.6261596679688
42.05744508918977 835.3214111328125 717.8005981445312
42.09077111540941 849.2683715820312 715.0213623046875
42.09077111540941 837.3693237304688 720.123779296875
42.79061766602192 845.0478515625 804.4174194335938
43.29050805931657 921.9925537109375 825.5020751953125
43.35716011175585 913.2944946289062 834.4666748046875
43.35716011175585 903.7596435546875 839.4183959960938
43.35716011175585 896.517333984375 843.8684692382812
43.55711626907372 854.5441284179688 886.263427734375
43.55711626907372 847.104248046875 890.8649291992188
43.657094347732645 829.319580078125 916.7925415039062
43.790398452611214 811.127685546875 956.4224243164062
43.82372447883086 796.2313842773438 973.4127807617188
43.95702858370943 775.4039306640625 1022.2235717773438
44.02368063614872 759.4716186523438 1056.8382568359375
44.156984741027294 756.8201293945312 1104.0281982421875
44.25696281968622 727.2288818359375 1135.494873046875
44.32361487212551 709.4569702148438 1148.2138671875
44.3902669245648 718.3677368164062 1136.2928466796875
44.3902669245648 711.7009887695312 1139.6683349609375
44.3902669245648 692.6997680664062 1151.146240234375
44.3902669245648 689.3005981445312 1158.450927734375
44.42359295078444 706.8863525390625 1137.7894287109375
44.45691897700408 705.0493774414062 1131.9437255859375
44.49024500322373 658.2083740234375 1152.445068359375
44.49024500322373 640.3430786132812 1162.06005859375
44.49024500322373 639.2236328125 1160.75439453125
44.52357102944337 644.682861328125 1148.0679931640625
44.65687513432194 613.9949340820312 1146.6297607421875
44.65687513432194 606.6318359375 1153.4044189453125
44.690201160541584 643.4310913085938 1127.667724609375
45.056787448957664 533.020263671875 1192.6021728515625
45.123439501396945 527.8436889648438 1182.542236328125
45.22341758005588 521.1385498046875 1146.931884765625
45.25674360627552 544.198974609375 1115.2333984375
45.25674360627552 521.1385498046875 1146.931884765625
45.29006963249516 546.4271240234375 1090.783935546875
45.29006963249516 539.2359008789062 1113.3111572265625
45.29006963249516 523.4778442382812 1122.1622314453125
45.32339565871481 530.6179809570312 1091.6031494140625
45.32339565871481 499.2966613769531 1089.938720703125
45.3900477111541 521.1478881835938 1049.73974609375
45.3900477111541 484.7440490722656 1072.9000244140625
45.42337373737374 510.53564453125 1033.5218505859375
45.42337373737374 492.6885070800781 1047.25830078125
45.42337373737374 482.7589111328125 1043.37841796875
45.45669976359338 479.3347473144531 1031.6458740234375
45.490025789813025 497.333984375 1025.761962890625
45.490025789813025 476.5948486328125 1032.3037109375
45.65665592091124 476.710205078125 990.2157592773438
45.68998194713088 485.5235595703125 951.2831420898438
45.68998194713088 464.6247863769531 983.7402954101562
45.78996002578981 473.8140563964844 918.9210815429688
45.78996002578981 449.5007629394531 931.904296875
45.82328605200946 461.85552978515625 912.4725341796875
45.956590156888026 451.67333984375 848.7073364257812
45.956590156888026 404.05670166015625 860.1265258789062
46.0898942617666 425.9459533691406 706.9555053710938
46.0898942617666 412.16290283203125 712.343505859375
46.0898942617666 398.3037109375 717.7613525390625
46.12322028798624 415.31427001953125 673.475341796875
46.12322028798624 430.68817138671875 701.8209228515625
46.12322028798624 405.79779052734375 676.5809326171875
46.18987234042553 381.54632568359375 634.4596557617188
46.22319836664517 389.0615539550781 601.2549438476562
46.25652439286482 373.2442321777344 603.8685913085938
46.28985041908446 385.01068115234375 562.1129760742188
46.28985041908446 362.2610778808594 587.7056884765625
46.35650247152375 356.2776184082031 546.1837158203125
46.38982849774339 353.34356689453125 522.2215576171875
46.423154523963035 333.9934387207031 472.7381286621094
46.456480550182675 325.9375 449.96759033203125
46.48980657640232 343.3070373535156 433.07391357421875
46.52313260262196 371.9100341796875 396.6661682128906
46.52313260262196 333.80169677734375 405.5645751953125
46.556458628841604 367.4621276855469 375.3280029296875
46.65643670750054 330.6759033203125 330.02593994140625
46.65643670750054 312.8128356933594 325.7877502441406
47.05634902213625 374.0408935546875 215.85731506347656
47.12300107457554 390.385009765625 200.8976593017578
47.28963120567376 409.4915771484375 195.4000244140625
47.3229572318934 451.61981201171875 186.48782348632812
47.3229572318934 410.955078125 194.05508422851562
47.356283258113045 412.90679931640625 196.2652130126953
47.389609284332685 462.7030944824219 190.16619873046875
47.42293531055233 463.216064453125 193.69041442871094
47.68954352030948 434.3216247558594 202.54647827148438
47.72286954652912 444.976806640625 202.68011474609375
47.856173651407694 431.44342041015625 211.25479125976562
48.02280378250591 456.98358154296875 195.5009765625
48.42271609714163 545.2989501953125 156.3234405517578
48.42271609714163 534.502197265625 152.67886352539062
48.42271609714163 528.8870239257812 152.03746032714844
48.5560202020202 533.5457763671875 151.6042022705078
48.5560202020202 518.4778442382812 146.01499938964844
48.65599828067913 527.5120849609375 153.330322265625
48.722650333118416 520.0830078125 156.35707092285156
48.822628411777345 485.2207946777344 157.27169799804688
49.05591059531485 510.5928955078125 177.19845581054688
49.08923662153449 523.1919555664062 171.27920532226562
49.08923662153449 516.7992553710938 181.30723571777344
49.52247496238986 523.8485107421875 180.61810302734375
49.755757145927355 532.9678344726562 167.99710083007812
49.82240919836664 560.6987915039062 159.52243041992188
49.85573522458629 579.6873779296875 161.20127868652344
49.88906125080593 538.46044921875 162.79736328125
49.92238727702557 579.9044189453125 153.0709991455078
49.98903932946486 564.2042846679688 152.2277069091797
50.42227767032022 496.24676513671875 166.80667114257812
50.555581775198796 465.5551452636719 187.5059814453125
50.622233827638084 499.9429931640625 191.24119567871094
51.055472168493445 366.6478271484375 210.52549743652344
51.188776273372014 353.7016296386719 214.25772094726562
51.75531871910595 436.67132568359375 290.04693603515625
51.85529679776488 465.93597412109375 326.3620300292969
51.92194885020417 478.8522033691406 341.0321044921875
51.955274876423815 497.8330078125 334.935791015625
51.955274876423815 493.5962829589844 345.4574279785156
52.08857898130238 579.6712036132812 352.02081298828125
52.08857898130238 556.0777587890625 346.3296203613281
52.08857898130238 530.7719116210938 357.0287170410156
52.12190500752203 544.9478149414062 363.9676208496094
52.15523103374167 575.6141967773438 377.4920349121094
52.18855705996131 483.71160888671875 261.4269104003906
52.22188308618096 581.561279296875 384.22564697265625
52.22188308618096 475.5575256347656 267.2109680175781
52.32186116483989 601.0045166015625 394.1643981933594
52.388513217279176 472.3530578613281 284.72802734375
52.421839243498816 622.0015258789062 408.89312744140625
52.421839243498816 465.1725769042969 297.8840637207031
52.45516526971846 623.2185668945312 416.28912353515625
52.45516526971846 493.87176513671875 297.0029296875
52.45516526971846 488.9470520019531 291.42401123046875
52.488491295938104 615.1546630859375 431.35833740234375
52.488491295938104 597.8360595703125 430.00531005859375
52.488491295938104 482.2866516113281 302.0601806640625
52.521817322157744 614.9830932617188 440.2889709472656
52.521817322157744 481.9847717285156 316.95672607421875
52.58846937459703 486.0257263183594 327.6602478027344
52.62179540081667 626.3488159179688 450.1213073730469
52.65512142703632 630.812744140625 467.38671875
52.65512142703632 509.52276611328125 335.9836120605469
52.65512142703632 611.8897094726562 476.6536865234375
52.68844745325596 503.88250732421875 347.9232177734375
52.72177347947561 625.8845825195312 477.1288757324219
52.72177347947561 508.1942138671875 343.632080078125
52.75509950569525 514.4754638671875 341.59930419921875
52.75509950569525 500.90423583984375 344.54364013671875
52.75509950569525 610.8853759765625 475.5137634277344
52.85507758435418 613.070068359375 468.74365234375
52.85507758435418 593.2057495117188 483.3463439941406
52.888403610573825 565.2872924804688 479.7500915527344
52.921729636793465 447.8486328125 346.13543701171875
52.98838168923275 499.8461608886719 468.5838928222656
53.02170771545239 489.71185302734375 457.022705078125
53.02170771545239 478.8010559082031 463.8099365234375
53.05503374167204 359.6488342285156 334.1729431152344
53.08835976789168 479.19488525390625 454.626708984375
53.08835976789168 343.5169677734375 322.16070556640625
53.12168579411132 469.6033020019531 446.88623046875
53.12168579411132 463.1072998046875 449.1073913574219
53.12168579411132 345.59429931640625 318.12213134765625
53.12168579411132 343.05078125 318.4210205078125
53.15501182033097 457.02410888671875 442.1611022949219
53.15501182033097 443.36846923828125 429.7838134765625
53.18833784655061 447.9060363769531 431.7493591308594
53.2549898989899 401.9037780761719 401.7590637207031
53.321641951429186 424.0480651855469 369.39373779296875
53.321641951429186 418.560302734375 385.4269104003906
53.354967977648826 268.028076171875 255.17172241210938
53.388294003868474 416.00921630859375 353.8909606933594
53.388294003868474 273.46990966796875 242.14251708984375
53.388294003868474 270.17864990234375 251.20062255859375
53.421620030088114 436.8756408691406 333.6510009765625
53.421620030088114 275.7525634765625 231.9842987060547
53.454946056307755 426.9478759765625 334.861083984375
53.454946056307755 418.9860534667969 338.3518371582031
53.454946056307755 278.8793029785156 229.1909942626953
53.4882720825274 421.9716491699219 335.4676208496094
53.52159810874704 317.72833251953125 210.5314483642578
53.58825016118633 454.6437683105469 328.9820861816406
53.62157618740597 372.153564453125 201.49154663085938
53.62157618740597 472.95648193359375 340.50970458984375
53.62157618740597 442.3783264160156 343.0352783203125
53.65490221362562 500.6138610839844 325.88214111328125
53.65490221362562 487.0169677734375 328.7850341796875
53.65490221362562 459.7247009277344 347.175537109375
53.68822823984526 514.2534790039062 329.1824951171875
53.721554266064906 504.63165283203125 364.14190673828125
53.721554266064906 372.5079650878906 223.31788635253906
53.721554266064906 486.8911437988281 356.3406982421875
53.75488029228455 518.9030151367188 371.1096496582031
53.75488029228455 386.3489990234375 226.77041625976562
53.78820631850419 551.74072265625 365.5915222167969
53.78820631850419 522.0093994140625 380.79132080078125
53.78820631850419 511.15924072265625 374.63836669921875
53.854858370943475 555.3318481445312 394.03875732421875
53.88818439716312 491.297607421875 252.08714294433594
53.98816247582205 583.1798706054688 293.8497619628906
54.02148850204169 623.065673828125 295.1820068359375
54.05481452826134 643.4981689453125 318.1834411621094
54.08814055448098 679.1071166992188 338.0725402832031
54.08814055448098 751.0720825195312 486.154296875
54.15479260692027 715.6124267578125 324.9364929199219
54.15479260692027 713.9400634765625 354.3064880371094
54.15479260692027 784.9721069335938 503.7575988769531
54.18811863313991 798.1659545898438 515.689208984375
54.22144465935955 818.4557495117188 523.8958129882812
54.254770685579196 783.42919921875 356.05364990234375
54.254770685579196 765.5709838867188 358.43487548828125
54.288096711798836 803.785888671875 359.3796691894531
54.288096711798836 785.7454223632812 364.232177734375
54.354748764238124 812.0477294921875 382.52703857421875
54.45472684289705 877.780029296875 492.7169189453125
54.55470492155598 918.7770385742188 578.7110595703125
54.58803094777563 948.5174560546875 586.2953491210938
54.58803094777563 939.7219848632812 613.78955078125
54.62135697399527 959.00830078125 644.166748046875
54.654683000214916 988.9808349609375 648.926025390625
54.68800902643456 1033.9566650390625 682.172607421875
54.7213350526542 1026.1932373046875 702.2760620117188
54.754661078873845 1031.44482421875 737.2924194335938
54.82131313131313 1074.469482421875 736.2683715820312
54.85463915753277 1085.2073974609375 754.095703125
54.85463915753277 1078.3494873046875 781.27001953125
54.887965183752414 1106.6419677734375 792.6622924804688
54.92129120997206 1097.9986572265625 815.0958251953125
54.9546172361917 1119.264892578125 862.6497192382812
55.05459531485063 1165.8643798828125 927.0404052734375
55.08792134107028 1163.9228515625 921.8703002929688
55.12124736728992 1183.3343505859375 917.0081176757812
55.12124736728992 1171.759033203125 912.8603515625
55.254551472168494 1153.3975830078125 942.9740600585938
55.254551472168494 1151.4130859375 964.9405517578125
55.254551472168494 1135.0009765625 967.7355346679688
55.287877498388134 1125.9071044921875 975.8546752929688
55.287877498388134 1123.2886962890625 985.2203979492188
55.287877498388134 1235.80615234375 1178.47265625
55.32120352460778 1129.4217529296875 970.615478515625
55.32120352460778 1117.3914794921875 994.0242309570312
55.32120352460778 1104.001953125 997.5306396484375
55.32120352460778 1234.2315673828125 1154.5526123046875
55.32120352460778 1225.7303466796875 1186.133544921875
55.35452955082742 1114.05810546875 971.68896484375
55.35452955082742 1106.671142578125 988.0950927734375
55.35452955082742 1085.463134765625 992.1547241210938
55.35452955082742 1214.710693359375 1186.40966796875
55.38785557704706 1195.805419921875 1155.33935546875
55.42118160326671 1183.58056640625 1189.68212890625
55.45450762948635 1158.0137939453125 1157.3505859375
55.487833655706 1018.7659912109375 1002.1160888671875
55.52115968192564 1002.5493774414062 990.0947265625
55.55448570814528 988.0139770507812 986.44873046875
55.55448570814528 1097.5968017578125 1173.618896484375
55.58781173436493 971.5416870117188 977.3916015625
55.62113776058457 949.7197265625 933.1704711914062
55.654463786804214 1074.0164794921875 1081.1583251953125
55.654463786804214 938.636474609375 943.1356201171875
55.721115839243495 885.337646484375 918.1412353515625
55.721115839243495 871.3455200195312 918.5493774414062
55.75444186546314 1011.99951171875 1036.5020751953125
55.75444186546314 888.4884033203125 895.6962280273438
55.75444186546314 863.7822265625 887.0172729492188
55.78776789168278 852.09912109375 850.977783203125
55.821093917902424 992.808349609375 950.1746826171875
55.821093917902424 866.5966796875 832.135498046875
55.821093917902424 860.5741577148438 834.8823852539062
55.821093917902424 853.42333984375 849.2567138671875
55.821093917902424 839.3626708984375 862.4119873046875
55.85441994412207 960.6698608398438 939.2090454101562
55.85441994412207 954.2930297851562 948.0421752929688
55.85441994412207 816.7679443359375 843.1452026367188
55.88774597034171 798.1392822265625 754.2177124023438
55.88774597034171 811.569580078125 791.9036865234375
55.92107199656136 781.83203125 722.9500732421875
55.92107199656136 785.3118896484375 765.1990356445312
55.92107199656136 778.5455322265625 773.58447265625
55.954398022781 912.7479248046875 827.5540771484375
55.954398022781 778.1129760742188 725.0648193359375
55.954398022781 745.2785034179688 716.3809204101562
55.98772404900064 906.333740234375 836.0206298828125
55.98772404900064 763.9508666992188 696.281005859375
55.98772404900064 731.5021362304688 684.7301025390625
56.05437610143993 752.3914184570312 626.8177490234375
56.05437610143993 741.9585571289062 636.7431640625
56.121028153879216 883.607177734375 638.6226806640625
56.154354180098856 891.133056640625 629.3089599609375
56.187680206318504 886.3687744140625 597.4437255859375
56.25433225875779 839.0481567382812 517.9676513671875
56.28765828497743 852.7090454101562 481.6270751953125
56.28765828497743 859.0062255859375 505.83013916015625
56.32098431119707 837.5394287109375 490.3185729980469
56.35431033741672 850.5554809570312 470.68450927734375
56.35431033741672 840.4989624023438 462.23980712890625
56.35431033741672 833.8147583007812 463.2672424316406
56.38763636363636 837.1224975585938 452.77972412109375
56.42096238985601 848.934814453125 454.71527099609375
56.42096238985601 831.6924438476562 452.35858154296875
56.42096238985601 833.3778076171875 457.08917236328125
56.45428841607565 844.5819091796875 444.1952819824219
56.48761444229529 849.7219848632812 447.14093017578125
56.587592520954225 866.8235473632812 460.68048095703125
56.75422265205244 886.1172485351562 519.1212768554688
56.75422265205244 876.7440185546875 525.7517700195312
56.78754867827208 904.595703125 542.714599609375
56.78754867827208 756.7286987304688 439.84320068359375
56.82087470449172 892.0607299804688 560.2213745117188
56.88752675693101 929.509033203125 567.820068359375
56.92085278315066 950.1517944335938 579.5720825195312
56.92085278315066 942.1445922851562 584.8609619140625
56.9541788093703 808.125732421875 506.4238586425781
56.98750483558994 861.4432373046875 514.3028564453125
57.054156888029226 905.069580078125 537.5394287109375
57.087482914248874 913.0105590820312 557.8804931640625
57.087482914248874 898.704833984375 547.5477905273438
57.087482914248874 891.5596923828125 553.8909912109375
57.120808940468514 1083.7891845703125 683.9906005859375
57.120808940468514 936.7689819335938 558.872802734375
57.120808940468514 900.9808349609375 570.2470092773438
57.1874609929078 982.4242553710938 578.9334106445312
57.22078701912744 1134.2747802734375 701.2105102539062
57.22078701912744 1000.1639404296875 598.8023071289062
57.25411304534709 1020.4475708007812 613.0715942382812
57.28743907156673 1044.8404541015625 612.3693237304688
57.32076509778637 1246.82861328125 744.1728515625
57.32076509778637 1241.340087890625 759.9078979492188
57.35409112400602 1283.6287841796875 771.5697631835938
57.38741715022566 1152.1910400390625 671.4548950195312
57.48739522888459 1357.1231689453125 815.5435791015625
57.520721255104235 1357.014404296875 836.9862670898438
57.520721255104235 1198.5079345703125 723.119384765625
57.520721255104235 1189.6575927734375 740.8429565429688
57.554047281323875 1380.8367919921875 849.9779052734375
57.554047281323875 1358.9075927734375 858.1004028320312
57.554047281323875 1210.0240478515625 746.9813232421875
57.554047281323875 1180.927734375 753.3585205078125
57.587373307543515 1394.7269287109375 870.8228759765625
57.587373307543515 1207.869873046875 750.10107421875
57.587373307543515 1216.217529296875 778.8460693359375
57.62069933376316 1398.8131103515625 921.70556640625
57.62069933376316 1220.362548828125 777.9111328125
57.62069933376316 1230.0888671875 797.1302490234375
57.62069933376316 1214.373291015625 838.722412109375
57.6540253599828 1420.944091796875 957.3929443359375
57.72067741242209 1295.544677734375 906.87109375
57.72067741242209 1264.804443359375 944.12353515625
57.75400343864173 1296.2459716796875 927.5663452148438
57.78732946486138 1484.935546875 1053.7745361328125
57.82065549108102 1315.451904296875 954.7943115234375
57.92063356973995 1464.20263671875 1072.8321533203125
57.92063356973995 1287.6490478515625 1007.7794189453125
57.987285622179236 1453.5804443359375 1027.1680908203125
58.020611648398884 1273.5947265625 974.3842163085938
58.053937674618524 1433.3516845703125 1010.18408203125
58.053937674618524 1249.31103515625 979.4144287109375
58.087263700838164 1242.04736328125 974.1985473632812
58.22056780571674 1379.7281494140625 972.7564086914062
58.25389383193638 1359.40087890625 969.8085327148438
58.25389383193638 1343.928466796875 989.5604248046875
58.28721985815603 1352.2691650390625 967.5036010742188
58.353871910595316 1326.696533203125 961.667724609375
58.353871910595316 1323.4940185546875 972.4066162109375
58.453849989254245 1276.448974609375 989.311279296875
58.52050204169353 1225.98193359375 1018.8155517578125
58.52050204169353 1201.59814453125 1043.0059814453125
58.55382806791317 1208.8619384765625 1017.6535034179688
58.62048012035246 1137.796875 1054.6461181640625
58.75378422523103 1085.9620361328125 1046.498046875
58.82043627767032 1061.73583984375 1038.1551513671875
58.853762303889965 1001.2770385742188 1060.3341064453125
58.887088330109606 990.6297607421875 1064.700927734375
58.887088330109606 981.8616943359375 1074.62158203125
58.953740382548894 913.8721313476562 1077.6915283203125
58.987066408768534 952.970703125 1041.5863037109375
58.987066408768534 915.6453247070312 1055.933349609375
59.02039243498818 899.566162109375 1051.067138671875
59.05371846120782 920.7904663085938 1021.4566650390625
59.08704448742746 905.6327514648438 1020.858642578125
59.08704448742746 859.10546875 1052.519775390625
59.32032667096497 850.7288208007812 951.3002319335938
59.35365269718461 816.0101928710938 955.2462768554688
59.386978723404255 840.1051025390625 939.13916015625
59.45363077584354 843.18896484375 919.3706665039062
59.48695680206318 854.4761352539062 899.2838745117188
59.48695680206318 841.650146484375 910.9871826171875
59.520282828282824 814.3480224609375 912.9931030273438
59.58693488072211 860.6859130859375 870.4812622070312
59.75356501182033 825.7400512695312 846.8671264648438
59.853543090479256 843.4457397460938 808.9797973632812
59.886869116698904 821.081298828125 812.3958129882812
59.98684719535783 821.6517944335938 784.1707153320312
60.08682527401676 836.4187622070312 740.883056640625
60.08682527401676 826.1820678710938 751.2487182617188
60.22012937889534 798.5116577148438 729.2620239257812
60.25345540511498 803.1076049804688 718.7313232421875
60.286781431334624 821.1506958007812 711.0569458007812
60.286781431334624 805.7607421875 715.466064453125
60.320107457554265 813.1019287109375 711.2808837890625
60.353433483773905 834.6884765625 701.583984375
60.353433483773905 820.4171752929688 707.1105346679688
60.38675950999355 834.970458984375 698.8137817382812
60.42008553621319 849.4218139648438 690.5751342773438
60.42008553621319 840.911376953125 696.2951049804688
60.45341156243284 818.3704223632812 704.7879638671875
60.52006361487212 879.54736328125 669.9629516601562
60.52006361487212 870.4192504882812 671.7176513671875
60.52006361487212 845.627197265625 683.2156372070312
60.58671566731141 851.60107421875 668.625732421875
60.853323877068554 880.6791381835938 541.6649169921875
61.08660606060606 832.018798828125 469.8039245605469
61.1199320868257 837.5626831054688 458.9451599121094
61.15325811304535 827.23291015625 453.03509521484375
61.219910165484634 799.5183715820312 444.7371520996094
61.286562217923915 755.1207275390625 443.8398132324219
61.38654029658285 755.3389892578125 423.81500244140625
61.61982248012035 662.4241943359375 392.05126953125
61.61982248012035 621.0098876953125 407.7713317871094
61.786452611218564 556.38720703125 358.7425842285156
61.85310466365785 607.2169799804688 323.8912353515625
61.91975671609714 550.5473022460938 316.1021423339844
62.21969095207393 585.1382446289062 203.90472412109375
62.3529950569525 563.4074096679688 156.942626953125
62.41964710939179 554.5274047851562 135.7745819091797
62.45297313561143 545.9671020507812 126.17191314697266
62.619603266709646 512.2127075195312 110.71099853515625
62.619603266709646 491.63494873046875 110.16853332519531
62.652929292929294 502.89208984375 111.51023864746094
62.652929292929294 482.25323486328125 110.96936798095703
62.719581345368574 502.98736572265625 117.2668685913086
62.719581345368574 455.8927307128906 121.35104370117188
62.81955942402751 474.575439453125 139.51516723632812
63.01951558134537 385.5165100097656 189.3262939453125
63.086167633784655 379.5909423828125 194.7207794189453
63.28612379110251 393.3222961425781 204.22811889648438
63.45275392220073 372.0749206542969 213.6249542236328
63.75268815817752 382.6096496582031 287.51678466796875
63.88599226305609 392.0518493652344 301.39947509765625
63.88599226305609 391.0560302734375 300.26556396484375
63.919318289275736 410.9840087890625 297.9652404785156
63.919318289275736 406.0179138183594 292.3166198730469
64.45253470879003 468.5129089355469 338.5526428222656
64.55251278744896 457.41180419921875 366.40362548828125
64.5858388136686 497.21405029296875 358.8016662597656
64.5858388136686 464.8892822265625 371.78070068359375
64.91909907586503 533.44873046875 369.2198791503906
64.91909907586503 522.2075805664062 365.65093994140625
64.91909907586503 486.681396484375 377.8289489746094
65.08572920696325 507.64630126953125 339.955810546875
65.08572920696325 471.96185302734375 339.3797302246094
65.08572920696325 461.1375427246094 339.4624328613281
65.11905523318289 501.7010192871094 333.212890625
65.18570728562217 480.7682800292969 297.3008117675781
65.21903331184183 432.231201171875 288.08050537109375
65.21903331184183 432.2554931640625 294.26983642578125
65.31901139050075 448.2643127441406 260.4552917480469
65.31901139050075 419.36248779296875 267.3195495605469
65.35233741672039 404.0660095214844 253.01905822753906
65.48564152159896 369.8588562011719 248.08518981933594
65.68559767891682 350.30963134765625 253.86968994140625
65.71892370513648 392.68359375 255.47573852539062
65.8189017837954 389.69915771484375 258.2594299316406
66.01885794111325 326.4529113769531 267.6075134277344
66.18548807221147 323.4638977050781 264.1981201171875
66.21881409843112 322.3743591308594 269.29766845703125
66.35211820330969 349.8454895019531 250.21487426757812
66.5187483344079 373.3399963378906 248.9442901611328
66.68537846550612 401.1244201660156 237.42562866210938
67.01863872770255 422.17578125 203.76055908203125
67.38522501611862 411.936279296875 207.19528198242188
67.48520309477756 393.820068359375 201.76416015625
67.5185291209972 396.75677490234375 205.0935516357422
67.65183322587578 357.85992431640625 194.42556762695312
67.88511540941327 333.2833557128906 172.63548278808594
67.98509348807221 326.25225830078125 176.910888671875
68.11839759295079 365.0103759765625 166.0811309814453
68.31835375026864 389.57257080078125 151.91159057617188
68.35167977648828 448.3843078613281 136.01451110839844
68.35167977648828 398.8367614746094 141.6080780029297
68.68494003868472 452.1015625 122.84413146972656
68.71826606490436 488.06243896484375 123.19329071044922
69.08485235332044 475.25238037109375 198.455078125
69.35146056307758 430.94378662109375 207.69326782226562
69.68472082527401 421.694091796875 206.2159881591797
69.81802493015259 429.96771240234375 206.58837890625
69.95132903503116 400.2080383300781 193.90736389160156
70.41789340210616 384.9894104003906 197.81002807617188
70.45121942832581 386.469970703125 196.45852661132812
70.58452353320438 378.57965087890625 199.64845275878906
70.95110982162046 335.0663757324219 227.15074157714844
71.18439200515796 274.0297546386719 262.0333557128906
71.58430431979367 246.10903930664062 301.6907653808594
71.61763034601333 244.91949462890625 306.91949462890625
71.65095637223297 242.715576171875 310.9980773925781
71.68428239845261 260.4207763671875 311.5199279785156
72.35080292284547 192.36666870117188 306.47821044921875
72.75071523748119 266.0992431640625 291.8336181640625
72.9839974210187 240.73641967773438 325.30633544921875
73.28393165699549 215.2768096923828 380.25909423828125
73.35058370943477 219.36712646484375 402.09765625
73.35058370943477 199.28765869140625 409.98052978515625
73.41723576187405 223.8948211669922 428.0012512207031
73.41723576187405 198.97946166992188 433.9847412109375
73.48388781431335 216.20779418945312 450.40447998046875
73.55053986675263 243.17503356933594 464.134033203125
73.58386589297227 232.82687377929688 469.6119079589844
73.61719191919192 270.0607604980469 477.8221130371094
73.6838439716312 330.4309387207031 465.2580261230469
73.81714807650978 352.4969177246094 500.8045959472656
73.85047410272942 364.46466064453125 504.39825439453125
73.85047410272942 333.01202392578125 509.0719299316406
73.88380012894906 340.272216796875 517.4359130859375
73.983778207608 380.4086608886719 539.7261352539062
74.01710423382764 378.8013916015625 548.1160888671875
74.11708231248656 447.5564270019531 536.035400390625
74.11708231248656 439.3820495605469 540.0003051757812
74.18373436492585 461.8773498535156 539.1644287109375
74.18373436492585 439.4153137207031 546.7308349609375
74.2170603911455 452.2183532714844 544.7140502929688
74.25038641736514 467.50994873046875 542.3052368164062
74.41701654846335 563.9334106445312 503.44024658203125
74.41701654846335 539.4649658203125 513.7808837890625
74.51699462712229 586.3170166015625 497.3956604003906
74.61697270578121 619.2550659179688 466.53778076171875
74.6836247582205 673.0230712890625 430.6717224121094
74.75027681065978 697.5425415039062 376.1259460449219
74.75027681065978 662.3280639648438 400.79815673828125
74.78360283687942 676.0911865234375 383.974609375
74.81692886309908 718.48828125 353.7087707519531
74.81692886309908 674.2822875976562 364.4412841796875
74.95023296797764 714.9427490234375 338.3456115722656
75.18351515151515 654.6171875 351.01837158203125
75.41679733505265 589.159423828125 350.8062744140625
75.48344938749194 542.5394897460938 364.2789611816406
75.48344938749194 534.872802734375 367.7793884277344
75.58342746615087 461.1086120605469 392.6376037597656
75.6167534923705 372.2348937988281 426.5159912109375
75.65007951859016 352.1003112792969 433.1868591308594
76.14996991188481 190.04820251464844 427.1552734375
76.18329593810445 176.18484497070312 435.68304443359375
77.64964109176874 751.7113647460938 345.7055969238281
77.6829671179884 777.1006469726562 326.74884033203125
77.74961917042768 750.31787109375 321.75408935546875
78.24950956372233 765.8384399414062 181.91331481933594
78.34948764238126 754.9309692382812 175.04800415039062
78.3828136686009 721.1962280273438 177.30233764648438
78.41613969482054 717.1124267578125 175.42318725585938
78.48279174725982 712.0843505859375 172.49264526367188
78.58276982591876 665.1694946289062 171.40252685546875
78.64942187835804 557.0784912109375 180.88352966308594
78.6827479045777 594.381103515625 174.88621520996094
78.6827479045777 585.199951171875 175.7855987548828
78.81605200945626 511.9782409667969 201.90322875976562
79.01600816677413 409.0007019042969 240.25621032714844
79.04933419299377 380.8040466308594 248.14849853515625
79.04933419299377 372.35125732421875 247.81997680664062
79.18263829787234 277.3174133300781 252.9419403076172
79.21596432409198 244.1625213623047 260.2056884765625
79.28261637653127 246.99606323242188 269.9569396972656
79.3159424027509 278.89276123046875 274.039794921875
79.3159424027509 238.63055419921875 289.8245849609375
79.3825944551902 238.66905212402344 306.35498046875
79.3825944551902 217.41090393066406 315.1751403808594
79.3825944551902 211.72169494628906 311.9784851074219
79.41592048140984 200.65972900390625 326.1102600097656
79.41592048140984 197.60513305664062 322.5958251953125
79.48257253384912 235.88690185546875 329.7271423339844
79.51589856006878 169.161865234375 354.49676513671875
79.64920266494734 215.73248291015625 350.2055969238281
79.682528691167 230.21929931640625 343.28955078125
79.71585471738663 198.3167724609375 347.0980224609375
79.81583279604556 269.5169372558594 321.9483947753906
79.88248484848485 269.5169372558594 321.9483947753906
79.94913690092413 290.4101257324219 313.15313720703125
80.04911497958307 284.93719482421875 303.6330261230469
80.11576703202235 288.7884521484375 291.8203125
80.14909305824199 271.71063232421875 295.0003967285156
80.18241908446164 290.79705810546875 294.1180114746094
80.21574511068128 280.61846923828125 288.9498291015625
80.24907113690092 287.7843017578125 290.6716613769531
80.28239716312056 263.08056640625 288.3766784667969
80.41570126799914 294.6241149902344 282.3581848144531
80.41570126799914 287.91595458984375 284.3587646484375
80.81561358263485 326.89569091796875 236.59796142578125
81.34883000214914 309.75689697265625 264.4351501464844
81.44880808080808 319.9298095703125 263.3360595703125
81.51546013324736 359.4002380371094 245.504150390625
81.51546013324736 325.0940246582031 256.5683288574219
81.64876423812593 356.5444641113281 229.84548950195312
81.68209026434558 376.4815368652344 221.6930389404297
81.71541629056523 410.4700927734375 208.549072265625
81.74874231678487 457.90460205078125 190.63816833496094
82.0820025789813 502.9396667480469 142.77877807617188
82.64854502471523 435.4972229003906 141.85870361328125
82.64854502471523 404.1650085449219 144.6739044189453
82.71519707715453 388.53680419921875 168.66860961914062
82.78184912959381 387.9941101074219 183.08084106445312
83.11510939179024 437.45538330078125 149.9175567626953
83.3150655491081 422.5192565917969 141.84739685058594
83.3817176015474 429.24041748046875 137.71958923339844
83.94826004728132 391.0 162.47830200195312
83.98158607350096 400.2652587890625 158.05587768554688
84.0149120997206 413.36749267578125 158.03538513183594
84.18154223081882 365.5211181640625 163.6422576904297
84.21486825703846 367.0060119628906 162.3103485107422
84.28152030947776 400.7461242675781 161.57577514648438
84.41482441435633 381.607421875 184.8950653076172
84.41482441435633 320.9740905761719 195.58453369140625
84.48147646679561 348.31903076171875 205.06044006347656
84.58145454545455 358.62677001953125 219.8553466796875
84.64810659789383 287.70343017578125 245.62892150878906
84.74808467655276 347.0051574707031 234.510986328125
84.81473672899205 356.4883117675781 235.97976684570312
84.81473672899205 288.136474609375 249.31153869628906
84.88138878143133 337.34686279296875 245.36849975585938
84.88138878143133 307.9801025390625 249.7039031982422
84.91471480765098 301.7795715332031 255.3297119140625
85.0813449387492 273.4420166015625 287.2254638671875
85.11467096496884 241.06060791015625 295.90130615234375
85.21464904362776 313.0935363769531 277.8095397949219
85.21464904362776 306.4325256347656 279.7973327636719
85.34795314850633 301.8733825683594 277.79339599609375
85.38127917472598 298.3120422363281 276.9316711425781
85.51458327960455 265.9859313964844 275.4474182128906
85.58123533204385 260.38677978515625 272.2830810546875
85.71453943692241 299.43157958984375 271.7998352050781
85.74786546314206 255.28656005859375 289.2426452636719
85.7811914893617 258.565185546875 302.82427978515625
85.81451751558134 271.3886413574219 330.6811218261719
85.91449559424028 279.65283203125 380.0024719238281
85.94782162045992 272.7994384765625 382.1703796386719
86.11445175155814 368.3392028808594 395.84014892578125
86.51436406619385 408.48907470703125 373.9330139160156
87.84740511497958 299.4652099609375 243.1594696044922
87.91405716741886 321.1158142089844 252.032470703125
88.04736127229744 272.865478515625 289.8144226074219
88.81385987534924 265.74322509765625 327.5050048828125
88.98049000644745 219.8308563232422 338.06317138671875
89.04714205888673 256.1325988769531 336.3371887207031
89.04714205888673 197.29470825195312 345.9208984375
89.08046808510638 201.38356018066406 350.6300354003906
89.08046808510638 197.29470825195312 345.9208984375
89.11379411132603 198.3167724609375 347.0980224609375
89.4803803997421 251.8033447265625 361.39208984375
89.4803803997421 232.69061279296875 366.3406677246094
89.4803803997421 216.7313232421875 368.3059997558594
89.58035847840102 261.47222900390625 352.4462890625
89.68033655705996 289.3187255859375 341.35955810546875
89.68033655705996 279.3490295410156 346.4139404296875
89.68033655705996 271.0860900878906 343.5513610839844
89.74698860949924 273.1155700683594 345.8800354003906
89.84696668815818 270.4770202636719 369.4619445800781
89.88029271437782 294.5754089355469 363.8802795410156
89.88029271437782 277.7580261230469 371.1490173339844
90.04692284547603 339.82867431640625 376.267578125
90.11357489791533 365.9223937988281 376.8094482421875
90.18022695035461 390.8381042480469 369.7922058105469
90.68011734364926 457.6874694824219 280.2503967285156
91.34663786804212 467.8281555175781 270.5198974609375
91.64657210401892 437.8422546386719 328.51483154296875
91.97983236621535 404.9830017089844 347.6561279296875
92.01315839243499 400.97381591796875 343.08489990234375
92.27976660219213 340.4306335449219 325.0589599609375
92.34641865463142 358.3350830078125 310.32708740234375
92.34641865463142 350.26934814453125 307.4891662597656
92.37974468085106 360.0221252441406 290.07281494140625
92.4130707070707 408.9984436035156 277.1045227050781
92.44639673329034 415.4135437011719 262.8355712890625
92.47972275951 385.74481201171875 253.7646026611328
92.54637481194928 426.6153564453125 223.82643127441406
92.54637481194928 417.82318115234375 225.94815063476562
92.54637481194928 405.56390380859375 227.2179412841797
92.7130049430475 470.9886474609375 158.5980682373047
92.74633096926713 478.9328918457031 147.30397033691406
92.74633096926713 430.26971435546875 156.47683715820312
92.84630904792607 490.05718994140625 131.14065551757812
92.91296110036535 453.10614013671875 129.7516326904297
93.21289533634214 377.7330322265625 174.46702575683594
93.34619944122072 347.9896240234375 189.3365020751953
93.64613367719751 322.66778564453125 216.1542510986328
93.67945970341715 324.64422607421875 218.40411376953125
93.87941586073501 378.04022216796875 208.17230224609375
93.94606791317429 401.1590881347656 213.1139678955078
94.04604599183322 414.87042236328125 210.5196075439453
94.21267612293144 455.52099609375 253.5576934814453
94.84587062110467 249.62588500976562 325.5507507324219
95.07915280464216 344.0815734863281 271.9026184082031
95.24578293574038 301.9678955078125 300.4285888671875
95.27910896196002 299.84063720703125 304.4631042480469
95.31243498817966 326.5509948730469 296.37396240234375
95.44573909305824 348.86578369140625 296.3460998535156
95.57904319793681 377.5366516113281 300.5747985839844
96.1122596174511 571.0057373046875 297.7255554199219
96.97873629916182 484.6128845214844 256.46142578125
97.21201848269934 480.92413330078125 231.4407501220703
97.31199656135826 498.9095458984375 216.35289001464844
97.31199656135826 448.0199279785156 224.02761840820312
97.34532258757791 500.75665283203125 212.5767822265625
97.37864861379755 494.93792724609375 206.010986328125
97.47862669245647 504.6781311035156 190.77166748046875
97.47862669245647 499.41326904296875 187.73924255371094
97.47862669245647 489.0398864746094 193.51022338867188
97.67858284977434 513.2686157226562 168.7095489501953
97.71190887599398 516.0433959960938 166.09860229492188
97.74523490221362 517.9647827148438 168.26072692871094
97.77856092843327 500.00494384765625 165.27490234375
97.97851708575112 512.8436279296875 145.36781311035156
98.1118211906297 529.2318725585938 124.19845581054688
98.24512529550827 521.3903198242188 104.1889877319336
98.51173350526541 477.8310852050781 134.55686950683594
98.51173350526541 477.9013977050781 140.38316345214844
98.71168966258328 462.42755126953125 160.5742645263672
98.8116677412422 452.5006408691406 175.70347595214844
98.8783197936815 488.87530517578125 181.66969299316406
98.94497184612078 447.0033264160156 216.89622497558594
98.94497184612078 418.7839050292969 214.9535369873047
98.97829787234042 432.9952087402344 234.07293701171875
99.01162389856006 427.671630859375 249.2519073486328
99.01162389856006 398.624755859375 256.0624084472656
99.17825402965828 390.12200927734375 280.4575500488281
99.54484031807436 251.84854125976562 282.0369567871094
99.578166344294 246.6424102783203 282.6090087890625
99.61149237051364 298.3120422363281 276.9316711425781
99.84477455405114 194.161376953125 315.2660827636719
99.8781005802708 237.05772399902344 307.8139953613281
99.8781005802708 194.161376953125 315.2660827636719
100.41131699978509 222.89697265625 308.146240234375
100.41131699978509 199.47991943359375 314.65875244140625
100.44464302600473 199.47991943359375 314.65875244140625
100.51129507844401 206.82147216796875 316.38873291015625
100.54462110466366 205.1849365234375 317.8616027832031
100.5779471308833 221.06732177734375 316.03814697265625
100.61127315710294 225.73556518554688 318.06597900390625
101.04451149795831 188.92201232910156 370.419677734375
101.14448957661723 177.36630249023438 391.6003723144531
101.17781560283687 181.49339294433594 396.367431640625
101.21114162905653 184.5897979736328 399.9440002441406
101.41109778637438 267.38250732421875 389.3812255859375
101.44442381259402 262.10736083984375 390.0542297363281
101.54440189125295 288.52618408203125 380.1806335449219
101.64437996991188 295.4664001464844 371.526123046875
101.74435804857082 378.2672119140625 352.2301330566406
101.97764023210831 414.5474548339844 400.083984375
102.01096625832795 428.1676025390625 406.0004577636719
102.01096625832795 388.6436462402344 419.0796203613281
102.01096625832795 379.4690856933594 415.1138916015625
102.11094433698689 405.9302062988281 445.4084167480469
102.17759638942617 416.1405334472656 470.23431396484375
102.24424844186547 395.05596923828125 509.2103576660156
102.2775744680851 387.26568603515625 517.090576171875
102.37755254674403 316.11883544921875 579.9478759765625
102.41087857296368 319.06597900390625 597.493896484375
102.47753062540296 306.6727294921875 633.1174926757812
102.5108566516226 337.8769836425781 633.4759521484375
102.5108566516226 304.31207275390625 644.802001953125
102.5775087040619 312.70477294921875 661.7785034179688
102.71081280894046 286.2723083496094 734.093505859375
102.84411691381904 293.83270263671875 803.3138427734375
102.91076896625833 322.4247741699219 821.4959716796875
102.94409499247797 325.59912109375 832.810302734375
103.04407307113689 333.57220458984375 861.2289428710938
103.07739909735655 366.8213806152344 854.3663330078125
103.11072512357619 323.9031677246094 876.8489990234375
103.14405114979583 352.8119812011719 879.889404296875
103.21070320223511 360.5577697753906 881.2875366210938
103.34400730711369 435.6479797363281 881.9573974609375
103.34400730711369 412.2419128417969 888.46044921875
103.34400730711369 390.2757873535156 900.7350463867188
103.37733333333333 439.44818115234375 882.6484985351562
103.37733333333333 413.8855285644531 894.14990234375
103.37733333333333 402.9217529296875 904.08349609375
