0.36660696163020823 360.8631591796875 310.03265380859375
0.3999348672329544 360.8631591796875 310.03265380859375
0.43326277283570064 360.8631591796875 310.03265380859375
0.4665906784384468 360.8631591796875 310.03265380859375
0.499918584041193 360.8631591796875 310.03265380859375
0.5665743952466854 360.8631591796875 310.03265380859375
0.6998860176576702 358.3350830078125 310.32708740234375
0.7332139232604165 358.3350830078125 310.32708740234375
0.7665418288631626 391.5444030761719 303.9576721191406
0.7665418288631626 358.3350830078125 310.32708740234375
0.7998697344659088 391.5444030761719 303.9576721191406
0.7998697344659088 351.7398376464844 312.3551025390625
0.8665255456714013 377.0207824707031 303.13763427734375
0.8665255456714013 359.8628234863281 308.8915100097656
0.8665255456714013 350.7382507324219 311.2118835449219
0.8665255456714013 342.5851135253906 314.685546875
0.8998534512741474 371.9937438964844 303.71893310546875
0.9331813568768936 370.9543762207031 308.85736083984375
0.9331813568768936 361.3374938964844 313.752685546875
0.9665092624796399 364.9132385253906 308.3043518066406
1.3664441297125942 358.9169006347656 301.4656066894531
1.5664115633290714 322.358642578125 304.4087829589844
1.7663789969455486 339.8021240234375 292.3609313964844
1.833034808151041 354.5103759765625 286.9474792480469
2.299625486589488 311.54168701171875 279.2328186035156
5.0325137460146765 338.8721008300781 243.97433471679688
5.065841651617423 338.8721008300781 243.97433471679688
5.0991695572201685 338.8721008300781 243.97433471679688
5.132497462822915 338.8721008300781 243.97433471679688
5.43244861324763 337.34686279296875 245.36849975585938
5.465776518850377 337.34686279296875 245.36849975585938
5.53243233005587 338.8721008300781 243.97433471679688
5.565760235658615 338.8721008300781 243.97433471679688
5.599088141261362 338.8721008300781 243.97433471679688
5.632416046864108 338.8721008300781 243.97433471679688
6.032350914097062 338.8721008300781 243.97433471679688
6.065678819699809 338.8721008300781 243.97433471679688
6.099006725302555 338.8721008300781 243.97433471679688
6.132334630905301 338.8721008300781 243.97433471679688
6.165662536508047 338.8721008300781 243.97433471679688
6.498941592535509 337.880859375 242.84552001953125
6.532269498138255 337.880859375 242.84552001953125
6.565597403741002 338.8721008300781 243.97433471679688
8.731911267919505 416.7724914550781 170.78237915039062
8.76523917352225 416.7724914550781 170.78237915039062
8.798567079124997 416.7724914550781 170.78237915039062
8.831894984727743 416.7724914550781 170.78237915039062
9.99837168082386 416.7724914550781 170.78237915039062
10.031699586426607 416.7724914550781 170.78237915039062
10.16501120883759 428.3941955566406 172.0620574951172
10.198339114440337 428.3941955566406 172.0620574951172
10.231667020043083 428.3941955566406 172.0620574951172
11.031536754508993 426.4715881347656 175.81399536132812
11.06486466011174 426.4715881347656 175.81399536132812
11.098192565714484 426.4715881347656 175.81399536132812
11.13152047131723 426.4715881347656 175.81399536132812
11.898062300180394 428.8895263671875 175.58338928222656
11.93139020578314 428.8895263671875 175.58338928222656
11.93139020578314 404.13787841796875 174.3610382080078
11.964718111385887 428.8895263671875 175.58338928222656
11.998046016988633 428.8895263671875 175.58338928222656
12.031373922591378 428.8895263671875 175.58338928222656
12.064701828194124 428.8895263671875 175.58338928222656
12.09802973379687 428.8895263671875 175.58338928222656
12.131357639399617 428.8895263671875 175.58338928222656
12.131357639399617 408.0323486328125 172.7993621826172
12.164685545002364 428.8895263671875 175.58338928222656
12.19801345060511 428.8895263671875 175.58338928222656
12.231341356207857 428.8895263671875 175.58338928222656
12.231341356207857 408.0323486328125 172.7993621826172
12.264669261810601 428.8895263671875 175.58338928222656
12.264669261810601 408.0323486328125 172.7993621826172
12.297997167413348 428.8895263671875 175.58338928222656
12.297997167413348 408.0323486328125 172.7993621826172
12.331325073016094 428.8895263671875 175.58338928222656
12.331325073016094 408.0323486328125 172.7993621826172
12.36465297861884 428.8895263671875 175.58338928222656
12.36465297861884 407.0599365234375 171.69908142089844
12.397980884221587 428.8895263671875 175.58338928222656
12.397980884221587 407.0599365234375 171.69908142089844
12.431308789824334 428.8895263671875 175.58338928222656
12.431308789824334 407.0599365234375 171.69908142089844
12.46463669542708 428.8895263671875 175.58338928222656
12.46463669542708 407.0599365234375 171.69908142089844
12.497964601029825 428.8895263671875 175.58338928222656
12.497964601029825 407.05755615234375 177.66558837890625
12.531292506632571 428.8895263671875 175.58338928222656
12.531292506632571 407.05755615234375 177.66558837890625
12.564620412235318 428.8895263671875 175.58338928222656
12.564620412235318 407.05755615234375 177.66558837890625
12.597948317838064 405.5995788574219 173.0294647216797
12.63127622344081 405.5995788574219 173.0294647216797
12.664604129043557 405.5995788574219 173.0294647216797
12.697932034646303 405.5995788574219 173.0294647216797
12.697932034646303 407.05755615234375 177.66558837890625
12.731259940249048 407.05755615234375 177.66558837890625
12.764587845851795 407.05755615234375 177.66558837890625
14.697606370811075 415.7283020019531 104.9944076538086
14.930901710030298 407.0930480957031 89.45696258544922
15.330836577263252 463.96575927734375 73.41973876953125
15.397492388468745 470.0496826171875 71.79942321777344
15.397492388468745 439.4185485839844 68.48065185546875
15.564131916482475 438.40777587890625 55.99948501586914
15.830755161304445 442.5632629394531 40.925193786621094
15.96406678371543 462.19171142578125 34.97947311401367
15.997394689318176 481.2984313964844 36.96915817260742
16.030722594920924 467.29486083984375 32.3594970703125
16.06405050052367 478.47283935546875 33.80178451538086
16.13070631172916 475.1441650390625 27.304418563842773
16.164034217331906 434.50799560546875 29.06874656677246
16.197362122934653 432.61749267578125 26.94550323486328
16.2306900285374 467.2364501953125 26.74455451965332
16.297345839742892 430.72735595703125 24.822650909423828
16.49731327335937 463.3616638183594 11.336597442626953
16.86392023498958 432.52362060546875 4.477481365203857
16.897248140592325 427.8366394042969 4.790987014770508
16.963903951797818 423.142333984375 5.104983329772949
17.0972155742088 433.440673828125 -0.05626629665493965
17.330510913428025 460.4410705566406 -2.9540789127349854
17.46382253583901 460.4410705566406 -2.9540789127349854
17.563806252647247 463.19921875 -5.3574957847595215
17.73044578066098 464.08099365234375 -9.852276802062988
18.130380647893933 468.2041931152344 -13.44033432006836
18.16370855349668 447.3656921386719 -12.100785255432129
18.197036459099426 462.2096862792969 -11.94742488861084
18.197036459099426 447.3656921386719 -12.100785255432129
18.33034808151041 433.3922119140625 -11.202536582946777
18.730282948743366 468.5826721191406 -21.196863174438477
18.830266665551605 434.30572509765625 -15.70776653289795
18.86359457115435 466.7735290527344 -17.770784378051758
18.896922476757094 466.7735290527344 -17.770784378051758
19.196873627181812 442.681640625 -17.348928451538086
19.29685734399005 427.76226806640625 -17.514978408813477
19.56348058881202 432.4304504394531 -17.80986785888672
19.630136400017513 434.30572509765625 -15.70776653289795
19.696792211223006 469.51605224609375 -20.15256118774414
19.796775928031245 470.44952392578125 -19.10816764831543
20.463334040086167 448.2637023925781 -16.594661712646484
20.496661945688913 455.2183532714844 -17.036563873291016
20.496661945688913 448.2637023925781 -16.594661712646484
20.663301473702646 443.6182861328125 -16.299489974975586
20.696629379305392 450.0953674316406 -20.032442092895508
20.696629379305392 443.6182861328125 -16.299489974975586
21.16322005774384 455.6628723144531 -19.277456283569336
21.563154924976793 449.1600036621094 -21.079940795898438
21.59648283057954 449.1600036621094 -21.079940795898438
21.72979445299052 474.1195068359375 -20.443363189697266
22.096401414620733 460.78070068359375 -16.283952713012695
22.762959526675655 470.57183837890625 -8.057975769042969
22.7962874322784 475.11810302734375 -13.884778022766113
23.52950135553882 455.7092590332031 -13.745458602905273
23.76279669475804 460.7292785644531 -21.806488037109375
24.12940365638825 452.90191650390625 -16.88937759399414
24.429354806812967 452.85833740234375 -22.417476654052734
24.962601296456903 458.91094970703125 -18.377138137817383
25.062585013265142 455.6628723144531 -19.277456283569336
25.329208258087114 442.1639709472656 -26.172428131103516
25.862454747731054 449.1600036621094 -21.079940795898438
25.895782653333796 461.17041015625 -24.04123306274414
25.995766370142036 473.1230163574219 -26.9882755279541
26.095750086950275 445.41943359375 -25.26898765563965
26.262389614964007 447.28955078125 -23.174654006958008
26.429029142977736 453.7930908203125 -21.37089729309082
26.82896401021069 457.4366760253906 -28.21964454650879
26.895619821416183 445.41943359375 -25.26898765563965
26.92894772701893 445.41943359375 -25.26898765563965
27.02893144382717 451.9236755371094 -23.463960647583008
27.162243066238155 453.7930908203125 -21.37089729309082
27.36221049985463 470.3885498046875 -24.61672019958496
27.495522122265616 462.9841613769531 -27.4606876373291
27.56217793347111 452.8148193359375 -27.934518814086914
27.695489555882094 440.7770690917969 -24.98088264465332
27.72881746148484 444.034423828125 -24.07745933532715
27.79547327269033 442.6482238769531 -22.884897232055664
27.828801178293077 459.3033752441406 -26.130626678466797
27.828801178293077 442.6482238769531 -22.884897232055664
27.862129083895823 459.3033752441406 -26.130626678466797
27.862129083895823 442.6482238769531 -22.884897232055664
27.962112800704062 444.51971435546875 -20.788532257080078
28.695326723964477 463.03778076171875 -21.951461791992188
28.828638346375463 466.7161560058594 -23.285181045532227
28.86196625197821 444.51971435546875 -20.788532257080078
28.895294157580956 458.41900634765625 -21.66140365600586
28.96194996878645 435.2174987792969 -20.204357147216797
29.228573213608417 443.13299560546875 -19.59391975402832
29.49519645843039 449.6478576660156 -17.790273666381836
29.528524364033135 448.2637023925781 -16.594661712646484
29.761819703252357 454.238037109375 -23.60844612121582
29.82847551445785 442.6482238769531 -22.884897232055664
29.861803420060596 442.6482238769531 -22.884897232055664
29.961787136868836 444.51971435546875 -20.788532257080078
29.995115042471582 439.8722229003906 -20.496671676635742
30.128426664882564 445.4555969238281 -19.74020767211914
30.16175457048531 446.39154052734375 -18.691787719726562
30.228410381690804 446.39154052734375 -18.691787719726562
30.26173828729355 446.39154052734375 -18.691787719726562
30.395049909704536 437.0914001464844 -18.104297637939453
30.428377815307282 451.4774475097656 -21.225475311279297
30.59501734332101 439.8722229003906 -20.496671676635742
31.02828011615671 448.2637023925781 -16.594661712646484
31.094935927362204 448.7120666503906 -18.838375091552734
31.12826383296495 446.39154052734375 -18.691787719726562
31.194919644170444 450.0953674316406 -20.032442092895508
31.22824754977319 443.13299560546875 -19.59391975402832
31.294903360978683 444.51971435546875 -20.788532257080078
31.361559172184176 444.51971435546875 -20.788532257080078
32.294740529061066 471.3830871582031 -18.063678741455078
32.32806843466381 471.3830871582031 -18.063678741455078
32.72800330189677 448.7120666503906 -18.838375091552734
32.79465911310226 473.1866455078125 -21.48684310913086
32.961298641115995 474.1195068359375 -20.443363189697266
33.16126607473247 450.1361999511719 -14.497157096862793
33.19459398033521 450.1361999511719 -14.497157096862793
33.261249791540706 448.2637023925781 -16.594661712646484
33.39456141395169 464.9054870605469 -19.861310958862305
33.72784046997916 446.87835693359375 -15.398015022277832
34.09444743160936 450.5837097167969 -16.742076873779297
34.26108695962309 476.85125732421875 -22.81894302368164
34.29441486522584 453.34771728515625 -19.131208419799805
34.39439858203408 453.34771728515625 -19.131208419799805
34.46105439323957 470.44952392578125 -19.10816764831543
34.6943497324588 443.6182861328125 -16.299489974975586
34.794333449267036 443.6182861328125 -16.299489974975586
34.86098926047253 466.7735290527344 -17.770784378051758
34.86098926047253 432.9111022949219 -14.507938385009766
34.894317166075275 464.9054870605469 -19.861310958862305
34.894317166075275 434.30572509765625 -15.70776653289795
34.92764507167802 434.30572509765625 -15.70776653289795
35.027628788486254 447.7763671875 -19.886381149291992
35.027628788486254 434.30572509765625 -15.70776653289795
35.060956694089 447.7763671875 -19.886381149291992
35.09428459969175 460.2877502441406 -19.569610595703125
35.09428459969175 434.30572509765625 -15.70776653289795
35.12761250529449 460.2877502441406 -19.569610595703125
35.16094041089724 451.0307922363281 -18.98484992980957
35.16094041089724 446.39154052734375 -18.691787719726562
35.26092412770548 447.32757568359375 -17.643272399902344
35.32757993891097 473.6851806640625 -18.2099552154541
35.394235750116465 439.4493408203125 -12.703248977661133
35.52754737252745 438.0572814941406 -11.502418518066406
35.72751480614393 436.6365966796875 -15.855870246887207
35.79417061734942 431.5152282714844 -13.307065963745117
35.860826428554915 473.25042724609375 -15.974416732788086
35.894154334157655 472.31671142578125 -17.019094467163086
36.260761295787866 478.8545227050781 -9.704368591308594
36.32741710699336 435.26953125 -9.097623825073242
36.49405663500709 440.8402099609375 -13.903037071228027
36.52738454060984 440.8402099609375 -13.903037071228027
36.76067987982906 439.93359375 -9.399171829223633
36.79400778543181 444.5903625488281 -9.700250625610352
36.92731940784279 444.5903625488281 -9.700250625610352
36.99397521904828 440.8718566894531 -8.347404479980469
37.060631030253774 457.58123779296875 -11.64903736114502
37.060631030253774 439.93359375 -9.399171829223633
37.227270558267506 435.26953125 -9.097623825073242
37.36058218067849 457.58123779296875 -11.64903736114502
37.427237991883985 464.08099365234375 -9.852276802062988
37.427237991883985 442.7486572265625 -6.243584632873535
37.46056589748673 464.08099365234375 -9.852276802062988
37.527221708692224 455.7557678222656 -8.202360153198242
37.59387751989772 479.788818359375 -8.659029960632324
37.66053333110321 449.7287902832031 -6.698769569396973
37.86050076471968 481.6576843261719 -6.568069934844971
37.86050076471968 462.7041931152344 -8.654186248779297
37.86050076471968 437.63092041015625 -3.6806304454803467
37.89382867032243 439.0252380371094 -4.8866496086120605
38.027140292733414 476.55267333984375 -9.55469036102295
38.027140292733414 439.96435546875 -3.8336668014526367
38.193779820747146 475.2497863769531 -2.8216280937194824
38.193779820747146 446.0523376464844 0.22463710606098175
38.293763537555385 449.3201599121094 1.122799277305603
38.32709144315813 452.5857238769531 2.0203440189361572
38.46040306556912 464.1908264160156 1.246259331703186
38.86033793280207 489.99114990234375 -2.68977952003479
38.993649555213054 482.73895263671875 5.561458110809326
39.0269774608158 473.4425048828125 0.6291534900665283
39.06030536641855 483.6011047363281 1.0609723329544067
39.160289083226786 484.5367736816406 2.108079671859741
39.160289083226786 462.3689880371094 4.709278583526611
39.19361698882953 462.3689880371094 4.709278583526611
39.99348672329544 468.8799743652344 6.498826026916504
40.226782062514665 484.4616394042969 -3.430921792984009
40.26010996811741 492.2858581542969 -2.841984272003174
40.26010996811741 474.31402587890625 -3.8690872192382812
40.29343787372016 474.31402587890625 -3.8690872192382812
40.69337274095311 484.4616394042969 -3.430921792984009
40.86001226896684 457.1371765136719 -9.402042388916016
40.86001226896684 456.24774169921875 -4.901590347290039
40.89334017456959 458.5173645019531 -10.600685119628906
40.95999598577508 457.58123779296875 -11.64903736114502
41.093307608186066 456.64520263671875 -12.697295188903809
41.15996341939156 486.177734375 -12.389034271240234
41.22661923059705 458.5173645019531 -10.600685119628906
41.42658666421353 458.5173645019531 -10.600685119628906
41.45991456981628 456.64520263671875 -12.697295188903809
41.593226192227256 470.44952392578125 -19.10816764831543
41.62655409783 448.2637023925781 -16.594661712646484
41.92650524825472 462.1568298339844 -17.47743797302246
42.19312849307669 451.5619812011719 -10.150992393493652
42.359768021090424 445.4918212890625 -14.20032787322998
42.52640754910415 451.96630859375 -17.93716049194336
42.559735454706896 451.96630859375 -17.93716049194336
42.72637498272063 452.0090637207031 -12.399271965026855
42.82635869952887 479.718505859375 -14.180501937866211
43.626228433994775 472.06915283203125 1.8323293924331665
43.65955633959752 483.5268859863281 -4.47673225402832
43.75954005640576 465.12847900390625 2.296581983566284
43.89285167881675 458.6161193847656 0.5044739842414856
43.92617958441949 459.55419921875 1.5555320978164673
43.95950749002224 480.79461669921875 -2.079782009124756
43.99283539562499 480.79461669921875 -2.079782009124756
44.092819112433226 486.3313293457031 -1.3390172719955444
44.15947492363872 464.6874084472656 4.553335666656494
44.25945864044696 502.98663330078125 6.4085211753845215
44.35944235725519 499.24896240234375 2.2286486625671387
44.82603303569364 472.5059814453125 -0.4194166660308838
44.85936094129639 481.6576843261719 -6.568069934844971
46.39244459902271 477.12158203125 -0.7264254093170166
46.49242831583095 513.8944091796875 2.348670482635498
46.992346899872146 525.9115600585938 10.37713623046875
47.02567480547489 505.790771484375 9.544416427612305
47.05900271107764 516.693115234375 5.4763383865356445
47.125658522283125 532.32177734375 12.147010803222656
47.19231433348862 491.0888366699219 9.440484046936035
47.62557710632432 519.0806884765625 10.848106384277344
47.62557710632432 487.8515625 8.549635887145996
47.65890501192707 487.8515625 8.549635887145996
47.72556082313256 517.7341918945312 12.049371719360352
47.792216634338054 513.16845703125 12.365021705627441
47.89220035114629 525.5029296875 12.619707107543945
47.92552825674904 533.1312255859375 7.669623851776123
47.92552825674904 520.014404296875 11.891729354858398
48.22547940717375 516.6005859375 24.352609634399414
48.2588073127765 522.5184326171875 22.818742752075195
48.42544684079023 513.5845336914062 34.615440368652344
48.458774746392976 515.46142578125 36.715824127197266
48.52543055759847 519.2161254882812 40.91773223876953
48.89203751922868 526.4947509765625 38.142154693603516
49.625251442489095 496.70819091796875 15.729098320007324
49.82521887610557 478.12646484375 5.873429298400879
49.85854678170832 476.25262451171875 3.7754337787628174
50.125170026530284 471.1322937011719 0.7832503914833069
50.491776988160495 458.9606018066406 -12.8461332321167
50.52510489376324 468.64190673828125 -15.679879188537598
50.52510489376324 459.4034118652344 -15.089435577392578
50.55843279936599 454.3280334472656 -12.548341751098633
50.691744421776974 463.5859680175781 -13.143464088439941
50.72507232737972 452.0090637207031 -12.399271965026855
50.991695572201685 464.521240234375 -12.096445083618164
51.02502347780443 464.521240234375 -12.096445083618164
51.15833510021542 453.8376159667969 -15.841499328613281
51.2916467226264 462.5443115234375 -25.229604721069336
51.458286250640136 451.9236755371094 -23.463960647583008
51.79156530666759 455.1724548339844 -22.562374114990234
51.958204834681325 469.3961181640625 -31.15610694885254
52.25815598510604 436.1006774902344 -30.21918487548828
52.324811796311536 436.1006774902344 -30.21918487548828
52.35813970191428 444.4493408203125 -31.832427978515625
52.55810713553076 446.3174133300781 -29.74087905883789
52.85805828595547 432.3841857910156 -28.8864688873291
52.99136990836646 461.11865234375 -29.547874450683594
53.024697813969205 440.7770690917969 -24.98088264465332
53.0913536251747 447.28955078125 -23.174654006958008
53.25799315318843 447.32757568359375 -17.643272399902344
53.291321058791176 454.2829895019531 -18.083932876586914
53.491288492407655 435.2174987792969 -20.204357147216797
53.5246163980104 437.99969482421875 -22.594690322875977
53.65792802042138 430.5555419921875 -19.91158676147461
53.69125592602413 474.054931640625 -25.946083068847656
53.72458383162687 429.6181945800781 -20.962303161621094
53.82456754843511 431.9503479003906 -21.10832977294922
53.92455126524335 435.2174987792969 -20.204357147216797
53.991207076448845 472.2538757324219 -22.530229568481445
53.991207076448845 453.7930908203125 -21.37089729309082
54.12451869885983 438.96563720703125 -16.00385856628418
54.15784660446258 449.1999206542969 -15.545957565307617
54.22450241566807 435.2434997558594 -14.656572341918945
54.52445356609279 439.4796142578125 -7.143994331359863
54.591109377298274 445.0771789550781 -6.395431041717529
54.65776518850377 468.70123291015625 -10.15185260772705
54.72442099970926 485.74932861328125 -10.152708053588867
54.89106052772299 474.1842346191406 -14.929644584655762
55.02437215013398 445.9052429199219 -21.98211097717285
55.19101167814771 446.80322265625 -26.459484100341797
55.22433958375046 446.80322265625 -26.459484100341797
55.35765120616144 463.9170227050781 -26.41695213317871
55.49096282857242 447.28955078125 -23.174654006958008
55.85756979020263 430.51300048828125 -30.982967376708984
56.09086512942186 451.838623046875 -34.484432220458984
56.22417675183284 437.0357971191406 -29.171714782714844
56.35748837424383 436.1006774902344 -30.21918487548828
56.424144185449315 431.44854736328125 -29.934764862060547
56.45747209105206 452.77142333984375 -33.44053649902344
56.5574558078603 428.6421813964844 -33.07908630371094
56.59078371346305 428.6421813964844 -33.07908630371094
56.72409533587403 430.51300048828125 -30.982967376708984
56.82407905268227 471.1977233886719 -34.560279846191406
57.22401391991523 466.601806640625 -34.2809944152832
57.257341825517976 434.68548583984375 -34.54851150512695
57.29066973112072 434.68548583984375 -34.54851150512695
57.32399763672347 454.5920715332031 -36.850067138671875
57.35732554232621 454.5920715332031 -36.850067138671875
57.4239813535317 436.07391357421875 -35.73497009277344
57.72393250395642 467.5331726074219 -33.23945617675781
57.857244126367405 471.1977233886719 -34.560279846191406
58.02388365438114 431.4264221191406 -35.455116271972656
58.19052318239487 457.388671875 -33.72112274169922
58.2905068992031 440.2938232421875 -28.267017364501953
58.39049061601134 457.4366760253906 -28.21964454650879
58.457146427216834 467.5912170410156 -27.745750427246094
58.69044176643606 475.78656005859375 -34.83913803100586
58.7904254832443 434.230712890625 -32.3138427734375
58.99039291686078 439.328857421875 -34.828975677490234
59.223688256079996 443.51544189453125 -32.8780632019043
59.35699987849098 437.94232177734375 -33.64253234863281
59.6569510289157 445.795654296875 -38.520668029785156
59.72360684012119 449.9732666015625 -36.57194137573242
59.72360684012119 440.7142028808594 -36.0143928527832
59.75693474572394 440.7142028808594 -36.0143928527832
59.790262651326685 445.3473205566406 -36.29338073730469
59.82359055692943 453.70428466796875 -32.39654541015625
60.15686961295689 442.58160400390625 -33.92359924316406
60.190197518559636 442.58160400390625 -33.92359924316406
60.25685332976513 440.7142028808594 -36.0143928527832
60.290181235367875 440.7142028808594 -36.0143928527832
60.42349285777886 441.6478576660156 -34.96904373168945
60.45682076338161 441.6478576660156 -34.96904373168945
60.490148668984354 441.6478576660156 -34.96904373168945
60.62346029139534 446.28045654296875 -35.24885559082031
60.82342772501182 474.8563232421875 -35.87895202636719
60.82342772501182 448.1470031738281 -33.159515380859375
61.0233951586283 476.64990234375 -39.27300262451172
61.22336259224477 476.7168884277344 -33.799232482910156
61.356674214655754 474.92156982421875 -30.396841049194336
61.3900021202585 474.92156982421875 -30.396841049194336
61.68995327068322 435.1656494140625 -31.266559600830078
62.48982300514913 448.1858215332031 -27.64895248413086
62.72311834436835 454.2829895019531 -18.083932876586914
62.95641368358757 470.9470520019531 -15.827204704284668
62.98974158919032 470.9470520019531 -15.827204704284668
63.52298807883426 440.7770690917969 -24.98088264465332
63.82293922925898 438.9062805175781 -27.076488494873047
64.1228903796837 435.1656494140625 -31.266559600830078
64.22287409649194 442.1639709472656 -26.172428131103516
64.38951362450565 461.17041015625 -24.04123306274414
64.58948105812213 456.55059814453125 -23.75282096862793
64.78944849173861 439.8416442871094 -26.028732299804688
64.82277639734136 439.8416442871094 -26.028732299804688
65.18938335897157 454.2829895019531 -18.083932876586914
65.22271126457431 452.90191650390625 -16.88937759399414
65.25603917017706 452.90191650390625 -16.88937759399414
65.28936707577981 452.90191650390625 -16.88937759399414
65.32269498138255 450.0953674316406 -20.032442092895508
65.3560228869853 446.39154052734375 -18.691787719726562
65.38935079258805 443.13299560546875 -19.59391975402832
65.88926937662924 452.85833740234375 -22.417476654052734
65.88926937662924 446.39154052734375 -18.691787719726562
66.2225484326567 450.0545654296875 -25.5566463470459
66.2225484326567 440.7770690917969 -24.98088264465332
66.62248329988965 469.51605224609375 -20.15256118774414
66.98909026151986 440.7770690917969 -24.98088264465332
67.05574607272536 455.6165466308594 -24.79838752746582
67.5889925623693 437.99969482421875 -22.594690322875977
67.75563209038303 434.736328125 -23.498699188232422
67.78895999598578 437.5174865722656 -25.884925842285156
67.82228790158852 434.25567626953125 -26.789588928222656
67.88894371279402 453.7486572265625 -26.889236450195312
67.95559952399951 473.1230163574219 -26.9882755279541
68.48884601364344 438.9062805175781 -27.076488494873047
68.65548554165717 443.5496520996094 -27.36294174194336
68.8887808808764 441.7450866699219 -18.398271560668945
69.05542040889013 442.681640625 -17.348928451538086
69.42202737052034 456.2007141113281 -10.45090389251709
69.42202737052034 426.39813232421875 -5.177340507507324
69.65532270973956 452.9893798828125 -5.799871444702148
69.7553064265478 470.57183837890625 -8.057975769042969
69.78863433215055 465.9526062011719 -7.756750106811523
69.85529014335604 432.4769287109375 -6.68864107131958
69.92194595456152 431.9958190917969 -9.999594688415527
69.98860176576702 442.26287841796875 -9.54977035522461
70.121913388178 468.26312255859375 -7.907421588897705
70.1885691993835 463.1452941894531 -10.899898529052734
70.45519244420547 441.8102111816406 -7.2955427169799805
70.65515987782194 474.1842346191406 -14.929644584655762
70.88845521704117 469.5762023925781 -14.634284973144531
70.95511102824666 463.09149169921875 -16.431209564208984
71.18840636746589 482.94921875 -13.284461975097656
71.8549644795208 465.8394470214844 -18.81609535217285
71.98827610193179 438.96563720703125 -16.00385856628418
72.08825981874003 467.6493835449219 -22.241069793701172
72.12158772434277 471.3830871582031 -18.063678741455078
72.22157144115101 430.5555419921875 -19.91158676147461
72.2882272523565 452.85833740234375 -22.417476654052734
72.42153887476749 430.5555419921875 -19.91158676147461
72.52152259157573 477.78350830078125 -21.776376724243164
72.72149002519221 436.1544189453125 -19.154375076293945
72.82147374200045 431.9503479003906 -21.10832977294922
72.92145745880869 469.4560241699219 -25.65982437133789
73.05476908121967 457.532958984375 -17.183635711669922
73.08809698682242 455.7092590332031 -13.745458602905273
73.08809698682242 424.04022216796875 -10.601367950439453
73.2880644204389 465.9526062011719 -7.756750106811523
73.3547202316444 431.5599060058594 -2.166055202484131
73.52135975965813 427.35662841796875 1.464705228805542
73.62134347646636 428.7589416503906 0.2533961236476898
73.72132719327459 469.7574157714844 1.9869601726531982
73.85463881568558 459.55419921875 1.5555320978164673
73.95462253249381 446.99163818359375 1.2776817083358765
73.98795043809656 468.82025146484375 0.9374668598175049
74.12126206050755 455.84906005859375 2.917271614074707
74.25457368291853 481.2983093261719 1.2150046825408936
74.42121321093227 482.1613464355469 -3.278775215148926
74.5211969277405 472.9423828125 -2.669009208679199
74.68783645575424 484.9668273925781 -0.13954126834869385
74.85447598376797 461.3783874511719 -1.9041372537612915
74.88780388937072 461.3783874511719 -1.9041372537612915
74.92113179497346 461.3783874511719 -1.9041372537612915
75.15442713419269 480.72320556640625 -7.613597393035889
75.32106666220642 478.4219055175781 -7.463097095489502
75.32106666220642 457.629638671875 -6.103332996368408
75.38772247341191 459.50384521484375 -4.003925800323486
75.48770619022015 464.1358642578125 -4.308573246002197
75.8209852462476 467.76605224609375 -11.198648452758789
75.98762477426133 458.5173645019531 -10.600685119628906
76.08760849106957 460.3898620605469 -8.503694534301758
76.28757592468605 467.76605224609375 -11.198648452758789
76.3209038302888 469.636474609375 -9.104961395263672
76.38755964149429 477.9202880859375 -10.749612808227539
76.42088754709704 463.1452941894531 -10.899898529052734
76.72083869752176 456.5978698730469 -18.230592727661133
76.7541666031245 456.5978698730469 -18.230592727661133
77.52070843198766 473.1866455078125 -21.48684310913086
77.6206921487959 470.44952392578125 -19.10816764831543
78.08728282723435 472.31671142578125 -17.019094467163086
78.32057816645357 478.7851257324219 -15.224547386169434
78.32057816645357 464.0262145996094 -15.384885787963867
78.82049675049477 465.0167541503906 -8.804560661315918
79.18710371212498 482.5922546386719 -5.522448539733887
79.22043161772773 476.1856384277344 -1.7740740776062012
79.2870874289332 516.998779296875 -2.2761409282684326
79.3537432401387 484.4616394042969 -3.430921792984009
79.48705486254968 474.31402587890625 -3.8690872192382812
79.58703857935792 468.76068115234375 -4.612748146057129
79.75367810737166 499.24896240234375 2.2286486625671387
79.75367810737166 495.51263427734375 -1.9497157335281372
79.7870060129744 512.961669921875 1.3063023090362549
80.7868431810568 545.6497192382812 18.96116065979004
80.7868431810568 527.487548828125 20.244098663330078
80.92015480346778 533.0958862304688 26.512327194213867
81.08679433148151 518.4732666015625 26.447147369384766
81.75335244353643 529.5964965820312 33.448143005371094
81.91999197155016 517.6451416015625 30.96826171875
82.0199756883584 511.7080383300781 32.515438079833984
82.31992683878312 506.17755126953125 31.79776954650879
82.35325474438586 504.3005065917969 29.696678161621094
82.71986170601608 504.6264343261719 21.85895347595215
82.75318961161882 508.7943115234375 23.793352127075195
82.75318961161882 505.9837646484375 20.648822784423828
83.08646866764627 493.64080810546875 25.987407684326172
83.21978029005726 486.6404113769531 20.89411735534668
83.55305934608472 529.3566284179688 22.3331298828125
83.58638725168747 519.2998657226562 21.934656143188477
83.65304306289296 531.6325073242188 22.171510696411133
83.65304306289296 491.2527770996094 20.570043563842773
83.78635468530395 526.961669921875 16.951684951782227
83.8196825909067 530.6981811523438 21.127357482910156
83.91966630771493 496.2832946777344 17.986705780029297
84.01965002452317 521.9945068359375 19.5208740234375
84.51956860856437 481.5149841308594 17.90176010131836
84.55289651416712 493.98284912109375 18.14747428894043
84.58622441976986 481.5149841308594 17.90176010131836
84.78619185338634 492.96160888671875 11.536309242248535
85.45274996544126 468.8799743652344 6.498826026916504
85.486077871044 468.8799743652344 6.498826026916504
85.81935692707147 491.9425048828125 4.93896484375
85.9859964550852 507.5625305175781 6.097313404083252
86.28594760550992 488.7880859375 9.597820281982422
86.68588247274288 521.5830688476562 21.772945404052734
86.81919409515385 515.1433715820312 20.00353240966797
87.18580105678406 477.32574462890625 15.959451675415039
87.25245686798955 515.9725341796875 15.500147819519043
87.31911267919504 481.0096740722656 14.588302612304688
87.41909639600328 520.4259643554688 9.647876739501953
87.65239173522251 473.57122802734375 11.753775596618652
87.7857033576335 480.9378356933594 9.021134376525879
87.7857033576335 475.38201904296875 8.285918235778809
87.85235916883899 475.38201904296875 8.285918235778809
87.88568707444173 490.661376953125 11.694472312927246
87.88568707444173 475.38201904296875 8.285918235778809
87.91901498004448 480.9378356933594 9.021134376525879
87.91901498004448 475.38201904296875 8.285918235778809
87.98567079124997 498.49273681640625 12.26758098602295
88.11898241366096 499.85162353515625 11.062557220458984
88.1523103192637 492.0251770019531 10.488348960876465
88.31894984727744 495.3460998535156 16.937763214111328
88.51891728089392 520.7589721679688 26.283536911010742
88.5855730920994 484.9148254394531 29.97020721435547
88.61890099770214 525.4409790039062 31.519474029541016
89.21880329855158 503.878662109375 31.96405792236328
89.35211492096256 505.2389831542969 30.747175216674805
89.38544282656531 530.8192749023438 26.675716400146484
89.71872188259277 505.2389831542969 30.747175216674805
89.91868931620925 505.56353759765625 22.907543182373047
89.952017221812 497.7335205078125 22.345853805541992
90.31862418344221 501.4855651855469 26.545753479003906
90.41860790025044 519.4097900390625 27.494558334350586
90.58524742826417 516.0791015625 21.049964904785156
90.7518869562779 531.6325073242188 22.171510696411133
90.85187067308614 496.7957458496094 21.29611587524414
90.88519857868889 496.7957458496094 21.29611587524414
90.95185438989438 512.8561401367188 20.164669036865234
90.98518229549713 498.6714172363281 23.39568519592285
91.35178925712734 496.7957458496094 21.29611587524414
91.58508459634656 522.405517578125 17.270946502685547
91.61841250194931 522.405517578125 17.270946502685547
91.81837993556579 532.4442138671875 17.675870895385742
91.85170784116853 497.7335205078125 22.345853805541992
91.91836365237403 501.393310546875 20.972219467163086
92.15165899159325 524.389404296875 24.910619735717773
92.15165899159325 498.7610168457031 28.976486206054688
92.35162642520972 535.4965209960938 31.903886795043945
92.35162642520972 507.63482666015625 36.169044494628906
92.5515938588262 525.6735229492188 42.67845916748047
92.81821710364817 530.1251220703125 36.75777816772461
92.9848566316619 518.1682739257812 34.281280517578125
93.45144731010035 515.7706909179688 28.871313095092773
93.71807055492232 539.2539672851562 17.197410583496094
93.9180379885388 521.5830688476562 21.772945404052734
93.95136589414155 504.2054138183594 24.119230270385742
93.98469379974429 504.2054138183594 24.119230270385742
94.01802170534704 504.2054138183594 24.119230270385742
94.05134961094979 502.8460693359375 25.331966400146484
94.18466123336076 518.8867797851562 24.1898250579834
94.2179891389635 517.9508056640625 23.143110275268555
94.38462866697724 504.6264343261719 21.85895347595215
94.68457981740195 508.69488525390625 18.231700897216797
94.91787515662118 517.9508056640625 23.143110275268555
94.98453096782667 510.0486755371094 17.02470588684082
95.08451468463491 497.2205810546875 19.035743713378906
95.35113792945688 511.40130615234375 15.818753242492676
95.7177448910871 491.68060302734375 18.308368682861328
95.75107279668984 488.4385986328125 17.419198989868164
95.75107279668984 487.5007019042969 16.369108200073242
95.91771232470357 510.46600341796875 14.772794723510742
96.05102394711454 511.81781005859375 13.568388938903809
96.15100766392278 488.8677062988281 15.15933895111084
96.28431928633377 492.1080322265625 16.04885482788086
96.38430300314201 515.0377807617188 14.455011367797852
96.38430300314201 491.68060302734375 18.308368682861328
96.61759834236123 483.75 12.169695854187012
96.71758205916947 479.1334533691406 12.487126350402832
96.78423787037497 490.661376953125 11.694472312927246
96.81756577597771 490.661376953125 11.694472312927246
97.01753320959419 528.3034057617188 15.748964309692383
97.18417273760792 526.4363403320312 13.662698745727539
97.21750064321067 522.7031860351562 9.49129581451416
97.21750064321067 481.0096740722656 14.588302612304688
97.25082854881342 477.76080322265625 13.696983337402344
97.4507959824299 475.44830322265625 13.856422424316406
97.51745179363539 498.069091796875 14.521479606628418
97.51745179363539 493.89813232421875 12.584364891052246
97.51745179363539 479.1334533691406 12.487126350402832
97.85073084966285 524.389404296875 24.910619735717773
98.2506657168958 489.53741455078125 29.638450622558594
98.31732152810129 533.219482421875 32.0694580078125
98.31732152810129 508.8939208984375 29.366147994995117
98.35064943370404 529.0684204101562 30.1419620513916
98.38397733930678 530.0044555664062 31.188512802124023
98.41730524490953 536.4322509765625 32.94980239868164
98.45063315051227 536.4322509765625 32.94980239868164
98.45063315051227 531.8768310546875 33.28190231323242
98.51728896171777 526.4947509765625 38.142154693603516
98.58394477292326 517.338623046875 38.81658935546875
98.65060058412875 517.23046875 33.232059478759766
98.78391220653974 535.4965209960938 31.903886795043945
98.88389592334798 533.0958862304688 26.512327194213867
98.88389592334798 525.030517578125 33.781009674072266
98.91722382895072 533.0958862304688 26.512327194213867
99.08386335696446 533.6253662109375 29.812335968017578
99.1171912625672 535.0914916992188 34.16221237182617
99.88373309143036 541.6519775390625 22.56888198852539
99.95038890263585 503.3620910644531 28.64627456665039
99.9837168082386 503.3620910644531 28.64627456665039
100.05037261944409 541.6519775390625 22.56888198852539
100.25034005306057 539.38330078125 22.73041343688965
100.4169795810743 536.1790771484375 21.848642349243164
100.68360282589627 541.2509155273438 24.816730499267578
100.9168981651155 514.2077026367188 18.957197189331055
101.05020978752648 506.822998046875 16.13785171508789
101.18352140993747 496.70819091796875 15.729098320007324
101.18352140993747 495.8580322265625 20.24647331237793
101.3501609379512 541.11962890625 19.28115463256836
101.3501609379512 503.2679443359375 23.070131301879883
101.51680046596493 507.85736083984375 22.745080947875977
101.58345627717043 523.453857421875 23.864633560180664
101.61678418277316 502.3305969238281 22.021127700805664
101.6501120883759 501.8156433105469 18.71375274658203
101.78342371078689 502.6590881347656 14.203290939331055
101.81675161638964 492.1080322265625 16.04885482788086
102.41665391723907 492.618408203125 19.358234405517578
102.44998182284182 529.237060546875 16.792238235473633
102.74993297326654 486.6404113769531 20.89411735534668
102.94990040688302 491.33502197265625 26.151586532592773
102.98322831248576 495.0062255859375 24.772502899169922
103.11653993489675 501.4855651855469 26.545753479003906
103.1498678404995 496.8834533691406 26.874303817749023
103.18319574610224 520.3463745117188 28.542062759399414
103.21652365170499 492.70196533203125 24.936138153076172
103.28317946291048 528.013916015625 23.539945602416992
103.28317946291048 520.6477661132812 20.727243423461914
103.44981899092421 489.885986328125 21.78290557861328
103.48314689652695 489.885986328125 21.78290557861328
103.78309804695166 489.0274353027344 26.31589126586914
103.98306548056814 513.7921142578125 21.211511611938477
104.01639338617089 484.7631530761719 18.791797637939453
104.08304919737638 500.364990234375 14.362323760986328
104.11637710297913 517.8424072265625 17.5907039642334
104.11637710297913 504.5311584472656 16.29758644104004
104.11637710297913 500.364990234375 14.362323760986328
104.14970500858188 484.7631530761719 18.791797637939453
104.3830003478011 531.22607421875 24.42254066467285
104.54963987581483 491.84600830078125 29.472766876220703
104.61629568702033 527.0789794921875 22.494876861572266
104.68295149822582 495.0062255859375 24.772502899169922
104.78293521503406 508.3753662109375 26.053882598876953
104.78293521503406 480.2137145996094 24.702970504760742
104.84959102623955 517.8424072265625 17.5907039642334
104.8829189318423 501.9082946777344 24.282358169555664
104.91624683744504 491.68060302734375 18.308368682861328
104.94957474304779 506.403564453125 18.39225959777832
104.94957474304779 494.9203796386719 19.19692611694336
104.98290264865054 492.1910095214844 21.620515823364258
105.24952589347251 510.1494140625 22.582744598388672
105.316181704678 485.70172119140625 19.842910766601562
105.38283751588348 509.6309509277344 19.278766632080078
105.64946076070545 480.0715026855469 13.537667274475098
105.71611657191094 493.89813232421875 12.584364891052246
105.71611657191094 484.6875305175781 13.219406127929688
106.24936306155489 491.0888366699219 9.440484046936035
107.98241415289769 495.17840576171875 35.95728302001953
108.01574205850044 514.62841796875 41.25739669799805
108.18238158651417 531.9993286132812 38.853759765625
108.48233273693889 531.3477783203125 29.97708511352539
109.11556294339105 486.6404113769531 20.89411735534668
109.18221875459655 496.70819091796875 15.729098320007324
109.28220247140479 494.834716796875 13.632513999938965
109.31553037700753 494.834716796875 13.632513999938965
109.38218618821303 482.88623046875 16.68985939025879
109.48216990502127 487.0707702636719 18.630529403686523
109.648809433035 526.5531005859375 19.199722290039062
109.648809433035 518.8867797851562 24.1898250579834
109.71546524424049 529.8840942382812 25.6303653717041
109.84877686665148 492.2742004394531 27.203365325927734
109.91543267785697 505.1429443359375 25.16842269897461
109.94876058345972 508.7943115234375 23.793352127075195
110.04874430026796 484.9148254394531 29.97020721435547
110.1487280170762 494.1528015136719 29.30721092224121
110.1487280170762 486.7958679199219 32.0777702331543
110.21538382828169 509.8318786621094 30.415817260742188
110.24871173388443 500.6389465332031 31.079050064086914
110.24871173388443 493.2977294921875 33.850624084472656
110.28203963948718 495.17840576171875 35.95728302001953
110.31536754508993 495.17840576171875 35.95728302001953
110.34869545069267 530.0044555664062 31.188512802124023
110.38202335629542 521.9202270507812 38.47911071777344
110.44867916750091 530.0044555664062 31.188512802124023
110.61531869551465 492.3575134277344 32.79743576049805
110.68197450672014 493.21343994140625 28.25524139404297
110.84861403473387 499.699951171875 30.027719497680664
111.01525356274759 514.4176635742188 30.084970474243164
111.48184424118604 488.9474792480469 20.732017517089844
111.48184424118604 484.7631530761719 18.791797637939453
111.51517214678879 482.0208435058594 21.21869468688965
111.61515586359702 526.1441650390625 21.449901580810547
111.68181167480252 509.6309509277344 19.278766632080078
111.881779108419 518.4732666015625 26.447147369384766
112.01509073082998 507.33990478515625 19.439739227294922
112.08174654203548 484.7631530761719 18.791797637939453
112.58166512607667 486.6404113769531 20.89411735534668
112.68164884288491 502.75250244140625 19.76205825805664
112.91494418210412 481.0096740722656 14.588302612304688
112.98159999330962 489.8052673339844 16.208919525146484
113.01492789891236 502.6590881347656 14.203290939331055
113.04825580451511 502.6590881347656 14.203290939331055
113.24822323813159 506.822998046875 16.13785171508789
113.24822323813159 484.2563171386719 15.479011535644531
113.41486276614532 495.4323425292969 22.508405685424805
113.48151857735081 500.364990234375 14.362323760986328
113.58150229415905 468.9997253417969 17.655109405517578
113.91478135018652 508.1774597167969 14.931870460510254
114.41469993422771 506.403564453125 18.39225959777832
114.58133946224144 475.9510803222656 17.17192268371582
114.61466736784419 493.0453796386719 17.09811782836914
114.8479627070634 493.98284912109375 18.14747428894043
114.8479627070634 489.3765869140625 18.46938705444336
114.98127432947439 489.2164001464844 7.345037460327148
115.08125804628263 462.3157958984375 -0.8541002869606018
115.11458595188537 452.5857238769531 2.0203440189361572
115.8477998751458 440.7142028808594 -36.0143928527832
115.88112778074854 449.9732666015625 -36.57194137573242
116.24773474237875 442.6482238769531 -22.884897232055664
116.68099751521444 443.5496520996094 -27.36294174194336
117.11426028805015 478.7851257324219 -15.224547386169434
117.44753934407761 463.03778076171875 -21.951461791992188
117.68083468329684 464.0262145996094 -15.384885787963867
117.81414630570782 439.4493408203125 -12.703248977661133
118.04744164492705 428.6809387207031 -22.012924194335938
118.0807695505298 434.25567626953125 -26.789588928222656
118.48070441776274 474.1195068359375 -20.443363189697266
118.48070441776274 435.69915771484375 -16.906553268432617
118.58068813457098 440.8402099609375 -13.903037071228027
118.84731137939295 450.9058837890625 -35.52823257446289
118.8806392849957 431.4264221191406 -35.455116271972656
118.91396719059844 420.7120361328125 -33.70450973510742
119.41388577463964 426.80670166015625 -24.11387825012207
119.58052530265337 440.7770690917969 -24.98088264465332
119.64718111385886 422.1354064941406 -23.823978424072266
119.84714854747534 463.9170227050781 -26.41695213317871
120.38039503711927 450.98907470703125 -24.510351181030273
120.48037875392751 437.99969482421875 -22.594690322875977
121.01362524357145 474.1842346191406 -14.929644584655762
121.61352754442089 431.5152282714844 -13.307065963745117
121.74683916683188 465.72674560546875 -29.831300735473633
121.78016707243462 463.86260986328125 -31.916475296020508
121.78016707243462 430.51300048828125 -30.982967376708984
122.24675775087306 466.1078796386719 -37.54351043701172
122.3467414676813 440.7142028808594 -36.0143928527832
122.68002052370876 445.795654296875 -38.520668029785156
122.74667633491426 435.5937194824219 -39.01144790649414
122.8466600517225 432.81671142578125 -36.64158630371094
122.87998795732524 434.205810546875 -37.827030181884766
123.14661120214721 441.6478576660156 -34.96904373168945
123.37990654136644 456.409423828125 -40.253414154052734
123.54654606938017 435.1915588378906 -25.74100685119629
123.61320188058566 419.80755615234375 -18.124771118164062
124.0131367478186 412.7778625488281 -12.109536170959473
124.34641580384607 462.2096862792969 -11.94742488861084
124.37974370944882 430.1181640625 -12.105149269104004
124.41307161505156 468.70123291015625 -10.15185260772705
124.47972742625706 433.3922119140625 -11.202536582946777
124.84633438788727 434.25567626953125 -26.789588928222656
124.91299019909276 464.3560485839844 -28.64650535583496
125.14628553831199 463.9170227050781 -26.41695213317871
125.47956459433945 445.3833312988281 -30.786701202392578
125.5128924999422 457.388671875 -33.72112274169922
125.5128924999422 436.5545959472656 -32.45505905151367
125.8794994615724 441.6802062988281 -29.456518173217773
125.94615527277789 440.2938232421875 -28.267017364501953
126.34609014001084 463.80828857421875 -37.40503692626953
126.94599244086028 469.3363037109375 -36.64143753051758
126.97932034646303 468.4057312011719 -37.68187713623047
126.97932034646303 440.7142028808594 -36.0143928527832
127.54589474170972 444.4844970703125 -26.316011428833008
127.77919008092893 470.2669677734375 -35.60090637207031
127.84584589213442 441.6478576660156 -34.96904373168945
128.1791249481619 442.1639709472656 -26.172428131103516
128.51240400418936 439.81109619140625 -31.549713134765625
128.8456830602168 451.0726013183594 -13.448262214660645
129.07897839943604 456.6926574707031 -7.152894020080566
129.51224117227173 421.7101135253906 -4.871628284454346
129.67888070028548 471.94366455078125 -9.254987716674805
129.81219232269646 430.5982360839844 -8.795605659484863
129.87884813390195 451.0726013183594 -13.448262214660645
129.9121760395047 457.532958984375 -17.183635711669922
130.31211090673764 430.5555419921875 -19.91158676147461
130.37876671794314 470.3885498046875 -24.61672019958496
130.4120946235459 435.2174987792969 -20.204357147216797
130.61206205716235 434.736328125 -23.498699188232422
130.6453899627651 428.6809387207031 -22.012924194335938
130.67871786836784 429.5978698730469 -26.50224494934082
130.81202949077883 429.1197814941406 -29.792388916015625
131.6452271308475 436.07391357421875 -35.73497009277344
132.3784410541079 432.81671142578125 -36.64158630371094
132.4450968653134 430.034912109375 -34.267616271972656
132.47842477091615 430.034912109375 -34.267616271972656
132.51175267651888 463.80828857421875 -37.40503692626953
132.51175267651888 428.6421813964844 -33.07908630371094
132.57840848772437 433.2958679199219 -33.361026763916016
132.61173639332713 433.2958679199219 -33.361026763916016
132.74504801573812 433.2958679199219 -33.361026763916016
132.77837592134085 471.1977233886719 -34.560279846191406
133.41160612779305 433.3680725097656 -16.758865356445312
133.54491775020404 424.04022216796875 -10.601367950439453
134.51142701268367 422.1354064941406 -23.823978424072266
134.57808282388916 439.8416442871094 -26.028732299804688
134.6114107294919 455.12664794921875 -28.077136993408203
134.6114107294919 439.8416442871094 -26.028732299804688
134.64473863509465 426.80670166015625 -24.11387825012207
134.77805025750564 449.1201477050781 -26.602846145629883
134.84470606871113 446.35443115234375 -24.22186851501465
134.84470606871113 431.4707336425781 -24.403329849243164
134.94468978551936 460.2368469238281 -25.08597755432129
134.97801769112212 469.4560241699219 -25.65982437133789
135.01134559672485 469.4560241699219 -25.65982437133789
135.01134559672485 437.0635681152344 -23.643558502197266
135.14465721913584 423.5346984863281 -25.01973533630371
135.1779851247386 435.1915588378906 -25.74100685119629
135.37795255835508 420.2604675292969 -25.92621421813965
135.6112478975743 430.0764465332031 -23.20864486694336
135.71123161438254 470.8241882324219 -26.845611572265625
135.71123161438254 440.7770690917969 -24.98088264465332
136.07783857601274 428.1839904785156 -30.841005325317383
136.21115019842372 435.1656494140625 -31.266559600830078
136.24447810402646 432.3841857910156 -28.8864688873291
136.27780600962922 435.6463317871094 -27.981168746948242
136.31113391523195 439.81109619140625 -31.549713134765625
136.4111176320402 446.3174133300781 -29.74087905883789
136.5444292544512 433.7755126953125 -30.077030181884766
136.6444129712594 421.1860046386719 -30.414457321166992
137.01101993288964 426.80670166015625 -24.11387825012207
137.11100364969786 428.6809387207031 -22.012924194335938
137.14433155530062 451.9236755371094 -23.463960647583008
137.24431527210885 468.5826721191406 -21.196863174438477
137.37762689451984 453.7930908203125 -21.37089729309082
137.4109548001226 462.1040344238281 -22.99639320373535
137.5775943281363 432.4304504394531 -17.80986785888672
137.7109059505473 424.9641418457031 -15.114197731018066
137.81088966735555 448.7515563964844 -13.299490928649902
137.94420128976654 466.8309631347656 -12.245349884033203
138.11084081778026 462.2096862792969 -11.94742488861084
138.11084081778026 434.3308410644531 -10.150127410888672
138.31080825139674 423.114501953125 -6.079843521118164
138.37746406260223 452.0518798828125 -6.85026216506958
138.37746406260223 431.0788269042969 -5.4825758934021
138.47744777941045 425.9530944824219 2.6770718097686768
138.61075940182144 458.6656494140625 6.073801517486572
138.81072683543792 465.6255798339844 5.6043596267700195
138.84405474104068 425.9530944824219 2.6770718097686768
138.91071055224617 425.9530944824219 2.6770718097686768
139.04402217465716 438.1151123046875 -0.36544570326805115
139.0773500802599 425.9530944824219 2.6770718097686768
139.14400589146538 433.4649963378906 5.533743381500244
139.34397332508186 433.4893493652344 11.135047912597656
139.5106128530956 450.30047607421875 7.755469799041748
139.5772686643011 462.86505126953125 8.021197319030762
139.8105640035203 465.6255798339844 5.6043596267700195
139.91054772032854 427.8553161621094 10.395668983459473
140.243826776356 474.00799560546875 9.493732452392578
140.243826776356 469.81805419921875 7.549624919891357
140.243826776356 444.6968994140625 7.015982151031494
140.34381049316426 450.25927734375 2.175522565841675
140.34381049316426 427.8366394042969 4.790987014770508
140.64376164358896 474.9460754394531 10.544402122497559
140.64376164358896 440.0260925292969 7.331023216247559
140.8104011716027 454.0616455078125 11.972578048706055
140.8770569828082 463.3616638183594 11.336597442626953
140.91038488841093 473.57122802734375 11.753775596618652
141.1103523220274 475.3158264160156 2.726578712463379
141.21033603883566 430.64111328125 2.365246057510376
141.2436639444384 463.2532653808594 0.19603191316127777
141.3103197556439 427.8366394042969 4.790987014770508
141.37697556684938 440.93536376953125 2.7974472045898438
141.64359881167135 431.1226806640625 5.690854549407959
142.31015692372628 418.4223327636719 -5.774731159210205
142.47679645174 415.60601806640625 -3.3550891876220703
142.57678016854825 418.4223327636719 -5.774731159210205
142.77674760216473 458.0736999511719 -8.3530855178833
142.84340341337023 427.79937744140625 -6.384479522705078
142.87673131897296 465.9526062011719 -7.756750106811523
143.01004294138394 438.541015625 -8.196272850036621
143.4099778086169 432.4304504394531 -17.80986785888672
143.44330571421966 432.4304504394531 -17.80986785888672
143.57661733663062 455.6628723144531 -19.277456283569336
143.60994524223338 429.6385803222656 -15.411213874816895
143.74325686464437 433.3922119140625 -11.202536582946777
143.7765847702471 433.3922119140625 -11.202536582946777
143.80991267584986 433.3922119140625 -11.202536582946777
144.07653592067183 425.9029541015625 -14.061339378356934
144.54312659911028 456.2007141113281 -10.45090389251709
144.90973356074048 468.5826721191406 -21.196863174438477
144.90973356074048 429.1595153808594 -18.713802337646484
145.14302889995972 461.17041015625 -24.04123306274414
145.74293120080912 467.6493835449219 -22.241069793701172
145.77625910641189 464.9054870605469 -19.861310958862305
145.80958701201462 466.7735290527344 -17.770784378051758
145.8762428232201 465.0167541503906 -8.804560661315918
145.97622654002836 474.2490539550781 -9.40489673614502
146.14286606804208 477.9888610839844 -5.219684600830078
146.14286606804208 478.49102783203125 -1.9269872903823853
146.20952187924757 518.3422241210938 -3.468235492706299
146.30950559605583 475.2497863769531 -2.8216280937194824
146.5094730296723 476.25262451171875 3.7754337787628174
146.5761288408778 513.8944091796875 2.348670482635498
146.84275208569977 513.06494140625 6.830148696899414
146.8760799913025 538.5947265625 8.398601531982422
147.24268695293273 538.9960327148438 6.164366722106934
147.70927763137115 521.4711303710938 16.226444244384766
148.07588459300138 532.1609497070312 25.46738624572754
148.1092124986041 536.7094116210938 25.141807556152344
148.27585202661786 538.578369140625 27.230140686035156
148.84242642186453 470.5106201171875 -13.58859634399414
149.07572176108377 456.1537780761719 -15.98909854888916
149.20903338349473 445.4555969238281 -19.74020767211914
149.50898453391946 455.5703125 -30.30828285217285
149.5423124395222 455.5703125 -30.30828285217285
150.20887055157712 449.89227294921875 -47.543304443359375
150.4088379851936 452.6848449707031 -44.41962814331055
150.60880541881008 437.88519287109375 -44.64620590209961
150.64213332441284 445.2755126953125 -47.27377700805664
150.94208447483754 426.719482421875 -51.68329620361328
151.00874028604304 465.5585021972656 -46.27192687988281
151.00874028604304 428.1274719238281 -47.37186050415039
151.04206819164577 450.82305908203125 -46.502174377441406
151.14205190845402 425.3771057128906 -33.98628234863281
151.4753309644815 413.2383117675781 -25.493011474609375
152.5084960381666 425.820068359375 -41.735103607177734
152.8751029997968 428.60357666015625 -44.1009407043457
152.90843090539957 460.03424072265625 -47.04161071777344
152.9417588110023 426.7368469238281 -46.19148635864258
153.27503786702977 446.206787109375 -46.23182678222656
153.67497273426272 450.9058837890625 -35.52823257446289
153.8749401678792 412.2942810058594 -37.62129211425781
154.3748587519204 449.0011291503906 -43.10541915893555
154.67480990234512 430.4495544433594 -47.506996154785156
154.77479361915334 433.27191162109375 -38.87291717529297
154.8081215247561 428.16510009765625 -36.36233901977539
155.1747284863863 447.7378845214844 -25.412872314453125
155.20805639198906 436.5818786621094 -26.933094024658203
155.2413842975918 433.31988525390625 -27.838075637817383
155.34136801440005 441.6802062988281 -29.456518173217773
155.37469592000278 441.6802062988281 -29.456518173217773
155.37469592000278 430.0556640625 -28.74367904663086
155.6746470704275 456.5034484863281 -29.26401138305664
155.94127031524948 451.30938720703125 -43.24187088012695
156.1745656544687 419.29315185546875 -43.55398178100586
156.2412214656742 436.0205078125 -46.73346710205078
156.27454937127695 436.0205078125 -46.73346710205078
156.54117261609892 458.7133483886719 -40.39087677001953
156.57450052170165 442.5152587890625 -44.91820526123047
156.64115633290714 436.0205078125 -46.73346710205078
156.87445167212636 418.35870361328125 -44.600948333740234
157.57433768978404 430.9916076660156 -27.694873809814453
157.80763302900326 438.45318603515625 -24.83666229248047
158.50751904666092 418.8497009277344 -30.272052764892578
158.54084695226368 414.64300537109375 -26.6893310546875
158.60750276346917 417.45684814453125 -23.53362464904785
158.87412600829114 421.1979064941406 -24.87514305114746
159.10742134751035 446.80322265625 -26.459484100341797
159.2740608755241 442.6148681640625 -28.40977668762207
159.37404459233233 424.93280029296875 -26.214452743530273
159.40737249793509 423.5346984863281 -25.01973533630371
159.84063527077078 431.4264221191406 -35.455116271972656
161.7403258901273 462.9841613769531 -27.4606876373291
162.57352353019596 431.38226318359375 -46.46268844604492
162.60685143579872 451.75390625 -45.4609489440918
162.70683515260694 450.33721923828125 -49.75907897949219
162.84014677501793 438.78826904296875 -49.089080810546875
163.54003279267562 407.609130859375 -26.256704330444336
164.273246715936 445.3113708496094 -41.7890625
164.87314901678545 452.64166259765625 -49.89276885986328
165.07311645040193 433.22412109375 -49.86365509033203
165.30641178962117 460.57562255859375 -38.308021545410156
166.2062652408953 461.89398193359375 -44.96232604980469
166.37290476890902 455.3863220214844 -52.238189697265625
166.37290476890902 425.78717041015625 -52.727134704589844
166.40623267451178 458.12628173828125 -54.57958221435547
166.43956058011452 458.12628173828125 -54.57958221435547
166.43956058011452 439.6896057128906 -53.52349090576172
166.47288848571728 456.75689697265625 -53.40938949584961
166.67285591933376 442.5152587890625 -44.91820526123047
166.83949544734747 437.9137268066406 -39.149871826171875
167.10611869216945 418.35870361328125 -44.600948333740234
167.1394465977722 414.6271057128906 -43.27986526489258
167.47272565379967 433.24798583984375 -44.373783111572266
167.60603727621066 423.03173828125 -39.36516189575195
167.6393651818134 423.03173828125 -39.36516189575195
168.17261167145733 446.24359130859375 -40.745826721191406
168.20593957706006 452.72808837890625 -38.93556213378906
168.23926748266283 435.13983154296875 -36.78104782104492
168.30592329386832 419.3131103515625 -32.513885498046875
168.33925119947105 419.3131103515625 -32.513885498046875
168.3725791050738 443.51544189453125 -32.8780632019043
168.40590701067654 443.51544189453125 -32.8780632019043
168.40590701067654 435.6199951171875 -33.501834869384766
168.83916978351226 439.81109619140625 -31.549713134765625
169.13912093393697 433.2958679199219 -33.361026763916016
169.17244883953973 431.4264221191406 -35.455116271972656
169.20577674514246 429.0999755859375 -35.315025329589844
169.23910465074522 429.55731201171875 -37.548824310302734
169.3057604619507 452.6848449707031 -44.41962814331055
169.33908836755344 438.8176574707031 -43.60243225097656
169.3724162731562 437.88519287109375 -44.64620590209961
169.63903951797818 443.9650573730469 -35.10900115966797
170.40558134684133 437.1192626953125 -12.553898811340332
170.43890925244406 448.3027648925781 -11.050871849060059
170.972155742088 428.66156005859375 -27.551559448242188
171.00548364769077 444.4844970703125 -26.316011428833008
171.17212317570448 438.0284729003906 -17.05412483215332
172.53856730541708 439.41912841796875 -18.251340866088867
173.93833934073243 421.1979064941406 -24.87514305114746
174.77153698080107 415.5871276855469 -20.083751678466797
174.80486488640383 407.136474609375 -18.440876007080078
175.2047997536368 423.072998046875 -22.772716522216797
175.40476718725324 416.518798828125 -24.585622787475586
175.47142299845873 405.2567138671875 -20.550552368164062
175.5047509040615 431.4929504394531 -18.860774993896484
175.5047509040615 416.5260314941406 -19.030536651611328
175.53807880966423 418.404052734375 -16.92382049560547
175.53807880966423 409.0166015625 -16.330814361572266
175.53807880966423 404.3118591308594 -16.03361701965332
175.63806252647248 439.9028625488281 -14.953495025634766
175.6713904320752 441.2928466796875 -16.151731491088867
175.70471833767797 429.6385803222656 -15.411213874816895
175.70471833767797 410.8970642089844 -14.220368385314941
175.7380462432807 429.6385803222656 -15.411213874816895
175.77137414888347 441.2928466796875 -16.151731491088867
175.77137414888347 429.6385803222656 -15.411213874816895
175.97134158249995 431.4707336425781 -24.403329849243164
176.10465320491093 404.31695556640625 -21.605247497558594
176.13798111051366 433.34393310546875 -22.304033279418945
176.20463692171916 418.404052734375 -16.92382049560547
176.20463692171916 404.3118591308594 -16.03361701965332
176.60457178895211 423.10064697265625 -11.655349731445312
176.8711950337741 413.7183837890625 -11.053976058959961
178.50426240830865 392.46649169921875 1.5292656421661377
180.2706414052542 524.323486328125 43.8992805480957
180.37062512206245 518.3865966796875 45.46415328979492
180.40395302766518 518.3865966796875 45.46415328979492
180.47060883887067 490.21051025390625 44.191162109375
180.67057627248715 490.5589599609375 36.29405212402344
180.73723208369265 518.0594482421875 28.70662498474121
181.00385532851462 507.24200439453125 13.885594367980957
181.0705111397201 499.4288024902344 13.314905166625977
181.37046229014481 478.12646484375 5.873429298400879
181.5037739125558 473.0061340332031 2.8815035820007324
182.2036599302135 425.4903869628906 4.94792366027832
182.30364364702172 448.8705139160156 3.3840582370758057
182.53693898624095 436.6915283203125 -4.734030723571777
183.93671102155628 426.8594665527344 -7.438845634460449
184.3033179831865 393.9230041503906 -10.904499053955078
184.5366133224057 428.7393798828125 -5.330017566680908
185.36981096247436 425.91961669921875 -8.493115425109863
185.86972954651557 430.1181640625 -12.105149269104004
186.63627137537873 420.29345703125 -9.24516487121582
187.2695015818309 406.193359375 -13.921492576599121
187.66943644906385 391.0771789550781 -8.482422828674316
188.2026829387078 410.89862060546875 -8.639496803283691
188.86924105076272 411.83990478515625 -7.582808017730713
189.2025201067902 412.7778625488281 -12.109536170959473
190.26901308607805 409.9580078125 -4.105254173278809
190.5023084252973 403.3530578613281 -0.3108921945095062
191.90208046061264 403.3530578613281 -0.3108921945095062
191.90208046061264 398.6260681152344 1.4835169496931616e-13
191.93540836621537 403.3530578613281 -0.3108921945095062
191.93540836621537 398.6260681152344 1.4835169496931616e-13
192.06871998862636 402.40966796875 -1.3706891536712646
192.6019664782703 399.103271484375 -2.2758493423461914
192.6686222894758 392.0028991699219 -1.81150221824646
193.23519668472247 383.48138427734375 -5.749319076538086
193.50181992954444 421.2457275390625 -2.6060280799865723
193.5351478351472 423.114501953125 -6.079843521118164
193.56847574074993 416.5404968261719 -7.886718273162842
193.7684431743664 379.7341613769531 -15.60075855255127
193.93508270238013 414.6536560058594 -15.573210716247559
194.00173851358562 391.5578308105469 -10.753337860107422
194.16837804159937 420.29345703125 -9.24516487121582
194.2017059472021 420.29345703125 -9.24516487121582
194.43500128642134 415.5934143066406 -14.518776893615723
194.50165709762683 411.83740234375 -13.165000915527344
195.2015431152845 399.5898742675781 -10.148385047912598
195.23487102088725 399.5898742675781 -10.148385047912598
195.26819892649 399.5898742675781 -10.148385047912598
195.66813379372294 410.9001770019531 -3.0473382472991943
196.1347244721614 376.8390808105469 -7.567163944244385
196.40134771698337 398.6260681152344 1.4835169496931616e-13
196.80128258421632 401.4822998046875 -13.622150421142578
196.86793839542182 409.0162658691406 -10.752584457397461
196.86793839542182 403.36517333984375 -11.507960319519043
197.0679058290383 409.0158996582031 -5.163073539733887
197.20121745144928 422.18701171875 -1.5496008396148682
197.234545357052 422.18701171875 -1.5496008396148682
197.33452907386027 404.2965393066406 0.7490018010139465
198.16772671392891 422.2390441894531 20.905437469482422
198.3010383363399 414.6858825683594 18.045804977416992
198.63431739236736 427.8553161621094 10.395668983459473
