3.7663623368551895 155.06076049804688 756.7628173828125
3.7996929770043506 155.06076049804688 756.7628173828125
4.099668738346799 162.62158203125 753.8875122070312
4.266321939092604 153.96578979492188 755.4769897460938
4.532967060285892 147.08639526367188 755.252197265625
4.599628340584213 191.5601043701172 741.1925659179688
4.6662896208825355 179.4520263671875 746.3577270507812
4.866273461777501 182.9939422607422 742.7554321289062
4.866273461777501 156.4568328857422 750.5640258789062
4.899604101926663 192.2329559326172 738.1224365234375
5.066257302672468 208.43370056152344 726.371337890625
5.099587942821628 211.9217529296875 722.814208984375
5.099587942821628 202.34571838378906 723.0737915039062
5.366233064014916 220.18087768554688 709.6595458984375
5.766200745804848 199.33799743652344 711.9136352539062
5.899523306401491 212.38461303710938 708.1350708007812
5.932853946550653 215.2029266357422 707.6341552734375
6.132837787445618 224.93870544433594 700.0956420898438
6.366152268489746 198.67251586914062 714.9536743164062
6.366152268489746 182.708251953125 719.2679443359375
6.732789310130515 171.5357208251953 744.845947265625
7.0660957116221255 183.67254638671875 739.6802368164062
7.199418272218769 182.172607421875 734.0570678710938
7.532724673710379 222.993408203125 709.1583251953125
7.632716594157862 190.57272338867188 720.7921142578125
7.6660472343070225 189.48699951171875 719.5213623046875
10.032522684897451 168.0924072265625 760.3085327148438
10.232506525792418 206.63340759277344 747.2802124023438
10.265837165941578 206.63340759277344 747.2802124023438
10.265837165941578 180.2718505859375 755.091064453125
10.832458048477315 218.85939025878906 734.744140625
10.932449968924798 183.81732177734375 751.475341796875
10.965780609073958 183.81732177734375 751.475341796875
10.99911124922312 183.81732177734375 751.475341796875
11.032441889372281 183.81732177734375 751.475341796875
11.065772529521443 183.81732177734375 751.475341796875
11.099103169670602 183.81732177734375 751.475341796875
11.432409571162212 219.7366943359375 724.3304443359375
11.465740211311374 195.75137329101562 734.5391845703125
11.599062771908017 218.6530303955078 723.063720703125
11.632393412057178 199.26263427734375 730.9632568359375
11.6990546923555 216.25938415527344 727.8862915039062
11.865707893101305 170.44424438476562 743.5659790039062
11.99903045369795 202.5232696533203 734.7796630859375
12.099022374145433 205.36148071289062 734.2638549804688
12.299006215040398 202.27920532226562 742.1821899414062
12.532320696084524 194.15614318847656 748.0968017578125
12.598981976382847 203.79051208496094 747.8029174804688
12.665643256681168 191.71897888183594 752.9808349609375
12.732304536979491 193.90139770507812 755.53857421875
12.865627097576134 207.48397827148438 755.9845581054688
12.932288377874457 210.98947143554688 752.38037109375
13.0656109384711 221.89608764648438 745.945556640625
13.098941578620261 219.0664825439453 746.4664916992188
13.232264139216905 223.63633728027344 744.1538696289062
13.298925419515227 220.80897521972656 744.6737670898438
13.565570540708514 199.18682861328125 750.12646484375
14.298844623990055 217.97903442382812 745.194091796875
14.498828464885023 164.22691345214844 771.453857421875
14.698812305779988 175.06959533691406 772.4130859375
14.898796146674954 185.47018432617188 768.9801025390625
15.065449347420758 218.41026306152344 749.5343627929688
15.09877998756992 183.54983520507812 758.9352416992188
15.198771908017402 221.89608764648438 745.945556640625
15.298763828464885 176.7191162109375 758.7141723632812
15.43208638906153 184.22976684570312 755.8434448242188
15.532078309509012 182.45706176757812 757.6536865234375
15.565408949658172 182.45706176757812 757.6536865234375
16.298683032939714 165.2115478515625 760.8410034179688
16.86530391547545 200.34939575195312 732.2352294921875
16.931965195773774 234.4512481689453 718.7568969726562
17.031957116221257 199.26263427734375 730.9632568359375
17.665239279055314 191.71897888183594 752.9808349609375
17.698569919204473 207.7222442626953 748.5550537109375
18.431844002486017 184.10842895507812 775.1936645507812
19.23177936606588 206.15374755859375 762.1530151367188
19.59841640770665 200.69854736328125 755.7617797851562
19.765069608452453 214.2577362060547 756.2069702148438
19.765069608452453 185.73574829101562 761.4987182617188
19.798400248601617 186.82887268066406 762.7806396484375
19.865061528899936 221.01983642578125 756.4290161132812
19.8983921690491 228.42120361328125 753.5792236328125
19.998384089496582 179.72727966308594 770.0524291992188
20.031714729645742 179.72727966308594 770.0524291992188
20.065045369794902 196.92440795898438 766.8413696289062
20.165037290242385 196.92440795898438 766.8413696289062
20.198367930391548 177.9473114013672 771.8750610351562
20.29835985083903 201.54354858398438 764.4949340820312
20.365021131137354 172.596435546875 777.3541870117188
20.698327532628962 203.7280731201172 767.0551147460938
20.731658172778122 203.7280731201172 767.0551147460938
20.831650093225605 205.4875030517578 765.242431640625
20.864980733374768 210.09202575683594 762.9007568359375
20.864980733374768 210.52001953125 767.2684326171875
20.898311373523928 180.8223876953125 771.3375244140625
20.931642013673088 185.47018432617188 768.9801025390625
21.164956494717217 194.31979370117188 759.9060668945312
21.431601615910502 215.34738159179688 757.4827880859375
21.498262896208825 215.34738159179688 757.4827880859375
21.631585456805468 220.58668518066406 752.0813598632812
21.69824673710379 200.4514617919922 763.2150268554688
21.831569297700433 223.1981201171875 758.9785766601562
21.864899937849597 215.34738159179688 757.4827880859375
22.131545059042885 191.2025604248047 767.9097900390625
22.39819018023617 189.84854125976562 774.1163940429688
22.598174021131136 204.8205108642578 768.3353881835938
22.6315046612803 204.8205108642578 768.3353881835938
22.66483530142946 204.8205108642578 768.3353881835938
22.69816594157862 204.8205108642578 768.3353881835938
22.731496581727782 204.8205108642578 768.3353881835938
22.764827221876942 206.57948303222656 766.52197265625
22.798157862026102 194.4840545654297 771.758056640625
22.898149782473585 236.24310302734375 755.0746459960938
22.964811062771908 198.26763916015625 760.6556396484375
23.231456183965197 201.36692810058594 752.6802368164062
23.76474642635177 204.87969970703125 749.078369140625
23.9980609073959 184.64273071289062 760.2169189453125
23.9980609073959 170.6870574951172 767.2685546875
24.03139154754506 184.64273071289062 760.2169189453125
24.03139154754506 170.6870574951172 767.2685546875
24.231375388440025 186.82887268066406 762.7806396484375
24.331367308887508 182.18765258789062 765.1293334960938
24.46468986948415 210.98947143554688 752.38037109375
24.498020509633314 184.64273071289062 760.2169189453125
24.86465755127408 172.06478881835938 761.0606079101562
24.997980111870728 179.17942810058594 753.8099365234375
25.197963952765694 214.28871154785156 737.0457763671875
25.39794779366066 221.90435791015625 726.8643798828125
25.43127843380982 221.90435791015625 726.8643798828125
25.731254195152268 240.05812072753906 717.7471313476562
25.964568676196397 229.26976013183594 724.0697631835938
25.997899316345556 211.6894989013672 730.1796875
26.031229956494716 201.43626403808594 733.5073852539062
26.09789123679304 197.92684936523438 737.0863037109375
26.1312218769422 203.36758422851562 743.4564819335938
26.1312218769422 194.4102783203125 740.6725463867188
26.164552517091362 190.88650512695312 744.26611328125
26.197883157240522 189.12191772460938 746.065673828125
26.23121379738968 208.38531494140625 745.4838256835938
26.264544437538845 183.81732177734375 751.475341796875
26.431197638284647 204.87969970703125 749.078369140625
26.631181479179613 188.18447875976562 756.5951538085938
26.897826600372902 197.92684936523438 737.0863037109375
26.964487880671225 214.51808166503906 729.6669311523438
26.997818520820385 217.99891662597656 726.1074829101562
27.097810441267868 208.43370056152344 726.371337890625
27.264463642013673 215.40272521972656 719.2642822265625
27.397786202610316 239.17645263671875 709.1782836914062
27.43111684275948 218.8766326904297 715.7214965820312
27.4977781230578 234.65576171875 711.4400634765625
28.331044126786825 187.617919921875 740.4367065429688
29.030987569919205 215.83078002929688 723.5726318359375
29.297632691112494 218.8766326904297 715.7214965820312
29.330963331261653 218.8766326904297 715.7214965820312
29.464285891858296 216.71217346191406 713.192138671875
29.56427781230578 221.91259765625 707.8959350585938
29.66426973275326 221.91259765625 707.8959350585938
29.797592293349908 251.7933349609375 693.903564453125
30.097568054692356 228.82199096679688 700.8591918945312
30.130898694841516 247.30313110351562 696.1415405273438
30.497535736482288 211.95948791503906 703.844482421875
30.66418893722809 206.74029541015625 709.1383056640625
31.130817899316344 172.90760803222656 738.6854248046875
31.26414045991299 201.43626403808594 733.5073852539062
31.397463020509633 165.79083251953125 745.8941040039062
31.56411622125544 163.60658264160156 743.331787109375
31.69743878185208 193.16018676757812 727.6607055664062
31.764100062150405 159.23948669433594 738.2086791992188
31.797430702299565 162.8070831298828 734.6096801757812
31.830761342448724 175.3656768798828 733.8153686523438
31.830761342448724 162.8070831298828 734.6096801757812
31.864091982597888 194.50021362304688 721.5532836914062
31.930753262896207 164.188232421875 728.4633178710938
32.06407582349285 183.79454040527344 720.539794921875
32.164067743940336 187.31591796875 716.9801635742188
32.29739030453698 189.74566650390625 712.158935546875
32.33072094468614 191.50054931640625 710.3861694335938
32.3640515848353 187.31591796875 716.9801635742188
32.39738222498446 184.0601348876953 713.16943359375
32.39738222498446 161.6115264892578 721.5669555664062
32.83068054692355 196.75453186035156 705.0787353515625
33.03066438781852 195.67201232910156 703.8129272460938
33.097325668116845 171.571533203125 713.9237060546875
33.197317588564324 209.79776000976562 701.3187255859375
33.230648228713484 186.2305450439453 715.7097778320312
33.263978868862644 186.2305450439453 715.7097778320312
33.36397078931013 183.79454040527344 720.539794921875
33.39730142945929 182.708251953125 719.2679443359375
33.43063206960845 181.35330200195312 725.380126953125
33.46396270975762 181.35330200195312 725.380126953125
33.66394655065258 181.08389282226562 732.7815551757812
33.76393847110006 152.08229064941406 745.4288940429688
33.86393039154755 178.6342315673828 737.64599609375
33.86393039154755 161.1283721923828 748.226806640625
33.93059167184587 143.80043029785156 751.392333984375
33.99725295214419 157.55076599121094 751.8482055664062
34.3305593536358 161.42279052734375 740.7699584960938
34.36388999378496 160.33108520507812 739.4892578125
34.963841516469856 182.97511291503906 711.8994750976562
35.13049471721566 211.95948791503906 703.844482421875
35.16382535736482 211.95948791503906 703.844482421875
35.36380919825979 185.40899658203125 707.0846557617188
35.39713983840895 202.41183471679688 704.0784912109375
35.46380111870727 197.837158203125 706.3446655273438
35.830438160348045 164.98854064941406 737.1679077148438
35.897099440646365 161.42279052734375 740.7699584960938
36.63037352392791 151.77618408203125 752.9058227539062
37.330316967060284 183.52830505371094 727.9275512695312
37.596962088253576 192.7445068359375 723.3341064453125
37.730284648850215 169.92039489746094 727.4337158203125
37.79694592914854 171.69418334960938 725.644287109375
37.86360720944686 172.7825469970703 726.9196166992188
37.89693784959602 187.05410766601562 724.356201171875
38.03026041019267 176.73020935058594 727.6808471679688
38.33023617153511 183.52830505371094 727.9275512695312
38.39689745183344 155.96539306640625 734.3677978515625
38.4302280919826 170.72706604003906 736.1290893554688
38.696873213175884 154.87425231933594 733.0878295898438
38.86352641392169 176.73020935058594 727.6808471679688
38.89685705407085 150.20367431640625 735.4067993164062
38.963518334369176 149.1118621826172 734.1255493164062
38.996848974518336 181.35330200195312 725.380126953125
39.063510254816656 166.36737060546875 731.0180053710938
39.063510254816656 149.1118621826172 734.1255493164062
39.096840894965815 181.35330200195312 725.380126953125
39.23016345556246 176.73020935058594 727.6808471679688
39.26349409571162 176.73020935058594 727.6808471679688
39.36348601615911 155.96539306640625 734.3677978515625
39.39681665630827 181.35330200195312 725.380126953125
39.43014729645743 166.36737060546875 731.0180053710938
39.46347793660659 166.36737060546875 731.0180053710938
39.56346985705407 155.96539306640625 734.3677978515625
39.66346177750155 191.4018096923828 729.4465942382812
39.69679241765071 185.70376586914062 730.4754638671875
39.73012305779987 173.1872100830078 731.2623291015625
39.93010689869484 167.45712280273438 732.2955932617188
40.16342137973897 186.3793182373047 727.4141235351562
40.496727781230575 203.4308624267578 724.3433227539062
40.5633890615289 197.08946228027344 728.419677734375
40.63005034182722 176.455078125 735.0921020507812
40.73004226227471 182.172607421875 734.0570678710938
40.76337290242387 182.172607421875 734.0570678710938
41.896614667495335 203.4308624267578 724.3433227539062
41.99660658794282 187.46664428710938 728.6873779296875
41.99660658794282 173.1872100830078 731.2623291015625
42.02993722809198 201.6810302734375 726.1242065429688
42.02993722809198 187.46664428710938 728.6873779296875
42.06326786824114 185.70376586914062 730.4754638671875
42.0965985083903 201.6810302734375 726.1242065429688
42.0965985083903 187.46664428710938 728.6873779296875
42.0965985083903 176.04832458496094 730.7463989257812
42.12992914853947 201.6810302734375 726.1242065429688
42.16325978868863 201.6810302734375 726.1242065429688
42.16325978868863 187.46664428710938 728.6873779296875
42.29658234928527 178.9068145751953 730.2308959960938
42.36324362958359 174.27638244628906 732.5387573242188
42.5298968303294 205.17892456054688 722.564208984375
42.5298968303294 176.455078125 735.0921020507812
42.829872591671844 178.6342315673828 737.64599609375
42.863203231821004 178.6342315673828 737.64599609375
42.96319515226849 218.6530303955078 723.063720703125
43.36316283405842 174.6822509765625 736.8878784179688
43.52981603480423 201.6810302734375 726.1242065429688
43.59647731510255 204.09423828125 721.2954711914062
43.96311435674332 191.65855407714844 722.0630493164062
44.063106277190805 182.708251953125 719.2679443359375
44.129767557489124 196.50462341308594 712.4179077148438
44.229759477936604 202.16880798339844 711.4097900390625
44.229759477936604 181.6220703125 717.9962158203125
44.26309011808577 198.91989135742188 707.6107788085938
44.29642075823493 180.1281280517578 712.4048461914062
44.463073958980736 185.81951904296875 711.3945922851562
44.86304164077067 174.02207946777344 709.097900390625
44.89637228091983 174.02207946777344 709.097900390625
44.92970292106899 208.2945098876953 695.7737426757812
45.029694841516466 199.1667022705078 700.2850952148438
45.16301740211311 188.920654296875 703.546875
45.19634804226227 188.920654296875 703.546875
45.22967868241143 188.920654296875 703.546875
45.29633996270976 195.2564697265625 699.5183715820312
45.32967060285892 195.2564697265625 699.5183715820312
45.36300124300808 195.2564697265625 699.5183715820312
45.996283405842135 168.3130340576172 710.1072998046875
46.16293660658794 192.8391571044922 704.3131103515625
46.99620261031696 184.3503875732422 736.6085205078125
47.02953325046613 167.17047119140625 739.7267456054688
47.12952517091361 163.60658264160156 743.331787109375
47.92946053449347 200.94503784179688 748.3261108398438
47.96279117464263 200.94503784179688 748.3261108398438
47.9961218147918 200.94503784179688 748.3261108398438
48.09611373523928 159.4418487548828 761.9073486328125
48.596073337476696 188.18447875976562 756.5951538085938
49.129363579863266 164.92086791992188 768.3411254882812
49.72931510254816 192.135986328125 757.3463134765625
49.76264574269733 169.5917205810547 765.9827880859375
49.79597638284649 173.15908813476562 762.3447265625
49.82930702299565 196.3364715576172 750.6512451171875
49.92929894344313 189.53701782226562 750.4237060546875
49.92929894344313 183.81732177734375 751.475341796875
50.66257302672467 149.89573669433594 742.8621215820312
50.79589558732132 181.76271057128906 729.7159423828125
50.79589558732132 173.59237670898438 735.6103515625
50.995879428216284 151.29562377929688 736.6881713867188
51.062540708514604 175.64207458496094 726.406005859375
51.09587134866376 185.29209899902344 726.1409301757812
51.09587134866376 183.11802673339844 723.5950927734375
51.12920198881293 183.11802673339844 723.5950927734375
51.362516469857056 196.92169189453125 716.728271484375
51.429177750155375 158.445556640625 729.4948120117188
51.56250031075202 173.46615600585938 723.8567504882812
51.59583095090118 173.46615600585938 723.8567504882812
51.62916159105034 162.00955200195312 725.9091796875
51.6624922311995 188.40139770507812 718.2506713867188
51.69582287134866 188.40139770507812 718.2506713867188
51.79581479179615 174.1490020751953 720.7973022460938
51.82914543194531 190.158935546875 716.4728393554688
52.2624437538844 174.55406188964844 725.1312866210938
52.29577439403356 173.46615600585938 723.8567504882812
52.46242759477936 191.24407958984375 717.7427368164062
58.12863642013673 85.60084533691406 802.7820434570312
62.22830515848353 188.80067443847656 804.2516479492188
62.26163579863269 188.80067443847656 804.2516479492188
62.52828091982598 202.50318908691406 804.61669921875
62.66160348042262 212.43421936035156 796.7078857421875
62.76159540087011 206.04244995117188 800.9330444335938
62.828256681168426 202.0772705078125 800.1959838867188
63.09490180236171 214.42674255371094 787.360107421875
63.12823244251088 217.93890380859375 783.7096557617188
63.22822436295836 221.44386291503906 780.066650390625
63.26155500310752 221.44386291503906 780.066650390625
64.49478868862647 199.1105499267578 769.404296875
65.06140957116222 236.88832092285156 752.00830078125
65.19473213175885 236.24310302734375 755.0746459960938
65.26139341205717 239.70556640625 751.485595703125
65.29472405220633 237.9752197265625 753.2792358398438
65.3280546923555 237.9752197265625 753.2792358398438
65.6613610938471 234.5092315673828 756.8719482421875
66.66128029832194 266.1517028808594 767.1625366210938
66.6946109384711 266.1517028808594 767.1625366210938
66.76127221876942 253.83963012695312 768.0103149414062
66.79460285891858 252.751708984375 766.7384033203125
66.82793349906774 252.751708984375 766.7384033203125
67.4612156619018 243.66268920898438 771.4100341796875
67.69453014294592 248.85044860839844 765.9959716796875
67.76119142324426 244.94606018066406 765.2528686523438
68.29448166563083 193.80917358398438 774.8623046875
68.72777998756992 181.91761779785156 772.622802734375
69.62770727159726 171.21595764160156 783.5958862304688
69.86102175264139 205.67181396484375 777.0963745117188
70.194328154133 213.56422424316406 778.5827026367188
70.22765879428216 213.56422424316406 778.5827026367188
70.29432007458048 213.56422424316406 778.5827026367188
71.49422311995028 216.61663818359375 789.9274291992188
71.5608844002486 228.0037841796875 787.7521362304688
71.59421504039776 224.50440979003906 791.4042358398438
71.69420696084525 222.7520294189453 793.2330322265625
71.79419888129273 219.90237426757812 793.7794799804688
71.92752144188937 224.50440979003906 791.4042358398438
72.09417464263518 249.750732421875 774.699951171875
73.16075512740832 237.53282165527344 748.9453735351562
73.19408576755748 237.53282165527344 748.9453735351562
74.16067433188316 218.842041015625 753.8800048828125
74.22733561218148 231.24615478515625 753.0551147460938
74.2939968924798 234.7148895263672 749.4668579101562
74.39398881292729 230.15869140625 751.7830810546875
75.0606016159105 254.3866729736328 745.8264770507812
75.0606016159105 231.24615478515625 753.0551147460938
75.16059353635798 237.9752197265625 753.2792358398438
75.46056929770043 263.23529052734375 748.586669921875
75.89386761963952 263.6918640136719 752.9052734375
76.02719018023618 265.4031982421875 751.1181030273438
76.06052082038534 241.0385284423828 764.50927734375
76.0938514605345 241.0385284423828 764.50927734375
76.22717402113113 255.74288940429688 758.8027954101562
76.22717402113113 243.8577880859375 763.9801635742188
76.2605046612803 243.8577880859375 763.9801635742188
77.12710130515848 255.29026794433594 754.4720458984375
77.16043194530765 255.29026794433594 754.4720458984375
77.19376258545681 253.57061767578125 756.2642822265625
77.26042386575513 249.67645263671875 755.5189208984375
77.29375450590429 252.48463439941406 754.9952392578125
77.39374642635177 275.0157165527344 743.4713745117188
77.49373834679925 256.1029357910156 744.0426025390625
77.96036730888751 265.45135498046875 724.7985229492188
77.96036730888751 252.58612060546875 728.5987548828125
77.96036730888751 241.8279266357422 734.9478759765625
78.02702858918583 263.2923278808594 722.2803344726562
78.09368986948415 243.10643005371094 728.86474609375
78.16035114978247 249.97605895996094 721.7825317382812
78.22701243008079 243.3009033203125 721.5330200195312
78.26034307022995 242.21986389160156 720.2709350585938
78.49365755127408 261.47882080078125 705.193359375
78.52698819142324 254.21205139160156 707.941162109375
78.69364139216904 266.5743408203125 699.947265625
79.02694779366065 256.9957275390625 707.443115234375
79.12693971410815 256.9957275390625 707.443115234375
79.1602703542573 250.79434204101562 711.455078125
79.19360099440647 250.79434204101562 711.455078125
79.22693163455563 234.65576171875 711.4400634765625
79.3269235550031 258.6998291015625 705.6898803710938
79.56023803604724 250.16213989257812 714.473876953125
79.5935686761964 247.8152313232422 719.2606201171875
79.89354443753885 248.26126098632812 723.5504150390625
79.92687507768801 247.8152313232422 719.2606201171875
80.29351211932878 242.0241241455078 727.6007690429688
80.5268266003729 243.9951629638672 737.4796752929688
81.1267781230578 248.33099365234375 742.5447998046875
81.2934313238036 240.3481903076172 748.4243774414062
81.39342324425108 235.8015594482422 750.7374877929688
81.46008452454942 235.8015594482422 750.7374877929688
81.66006836544437 236.88832092285156 752.00830078125
81.82672156619017 256.1029357910156 744.0426025390625
81.92671348663767 253.7533721923828 748.8793334960938
81.96004412678683 267.2791748046875 741.97705078125
82.0600360472343 258.2706298828125 746.5741577148438
82.09336668738347 257.6397705078125 749.6261596679688
82.19335860783094 274.3959045410156 746.5133666992188
82.39334244872592 268.19647216796875 750.5978393554688
82.46000372902424 279.34423828125 748.5216064453125
82.85997141081417 257.7375183105469 768.751708984375
83.05995525170914 244.11004638671875 775.7693481445312
83.22660845245494 286.923583984375 757.3646850585938
83.32660037290242 268.95135498046875 766.6337280273438
83.69323741454319 251.92994689941406 777.2489624023438
83.75989869484151 283.3799743652344 768.3241577148438
83.89322125543816 279.5058898925781 767.585205078125
84.22652765692978 296.6766662597656 768.7439575195312
84.22652765692978 258.014404296875 780.5364990234375
84.25985829707894 294.5085144042969 766.2142944335938
84.89314045991298 294.98358154296875 770.5375366210938
84.99313238036048 282.1455993652344 774.456298828125
85.15978558110628 281.0591735839844 773.1875
85.62641454319453 281.9760437011719 755.3587646484375
85.65974518334369 276.8699951171875 760.7239379882812
86.55967246737104 261.06781005859375 746.0558471679688
87.5262610316967 231.0361785888672 760.4719848632812
87.55959167184587 231.0361785888672 760.4719848632812
87.85956743318832 213.7959442138672 771.1065063476562
87.89289807333748 213.7959442138672 771.1065063476562
87.92622871348664 211.61187744140625 768.5476684570312
88.79282535736482 234.92007446289062 742.0791625976562
88.8928172778123 231.01736450195312 741.327880859375
88.92614791796147 238.37750244140625 738.5098876953125
88.92614791796147 232.7496337890625 739.5419921875
89.59276072094468 236.2089080810547 735.9757080078125
89.95939776258545 256.4613037109375 729.3515014648438
90.82599440646364 265.11468505859375 739.4508666992188
90.89265568676197 248.33099365234375 742.5447998046875
90.95931696706029 261.2413330078125 738.7018432617188
91.05930888750777 250.6857147216797 737.7161865234375
91.15930080795525 260.7870788574219 734.4000854492188
91.19263144810441 271.9311218261719 732.3563232421875
92.79250217526413 228.19737243652344 741.845703125
92.82583281541329 229.28334045410156 743.1156005859375
94.09239714108142 255.55995178222656 720.7716674804688
94.85900186451212 262.2129821777344 721.0214233398438
97.15881603480423 269.1488952636719 732.8665771484375
97.52545307644499 272.6924133300781 748.2948608398438
97.59211435674332 264.7764587402344 754.1719360351562
97.9587513983841 241.08724975585938 783.7660522460938
98.02541267868241 223.84716796875 794.5167236328125
98.29205779987569 260.194091796875 783.085693359375
99.02533188315724 239.75022888183594 770.6680297851562
99.12532380360473 261.8057556152344 762.084716796875
99.25864636420137 246.6744842529297 763.4515380859375
99.32530764449969 259.002197265625 762.6115112304688
99.32530764449969 247.7624053955078 764.7236328125
99.39196892479801 246.6744842529297 763.4515380859375
99.45863020509633 246.6744842529297 763.4515380859375
99.55862212554382 250.1260528564453 759.854248046875
99.72527532628962 257.4616394042969 757.009033203125
99.8252672467371 273.1542053222656 752.6076049804688
100.32522684897452 267.4052429199219 761.032470703125
100.39188812927284 258.3702087402344 765.6798706054688
100.65853325046612 275.785400390625 759.4577026367188
100.95850901180857 281.9760437011719 755.3587646484375
100.99183965195773 284.7574768066406 754.83740234375
101.09183157240523 281.9760437011719 755.3587646484375
101.39180733374766 285.8404541015625 756.1010131835938
101.42513797389682 263.9784851074219 764.6233520507812
101.45846861404598 285.8404541015625 756.1010131835938
101.49179925419516 263.9784851074219 764.6233520507812
101.65845245494096 284.6116027832031 762.2057495117188
101.92509757613425 250.8402862548828 775.974365234375
102.25840397762586 279.0395202636719 763.2568359375
102.32506525792418 275.62872314453125 766.8455810546875
102.3917265382225 280.7423400878906 761.4651489257812
102.45838781852082 249.30032348632812 770.3452758789062
102.59171037911746 267.4052429199219 761.032470703125
102.62504101926662 280.2757568359375 757.1453247070312
102.62504101926662 254.47476196289062 764.9376831054688
103.19166190180236 285.3714599609375 751.791015625
103.324984462399 259.002197265625 762.6115112304688
103.45830702299565 281.5091857910156 751.0475463867188
103.5916295835923 276.56109619140625 749.0399780273438
103.65829086389061 270.52679443359375 745.767333984375
103.69162150403977 270.52679443359375 745.767333984375
104.15825046612802 258.0933532714844 753.9492797851562
104.62487942821629 239.3492431640625 785.5848388671875
104.85819390926041 223.4098663330078 790.1214599609375
104.89152454940957 226.69384765625 793.9701538085938
104.99151646985705 203.846923828125 798.3566284179688
105.02484711000622 221.22113037109375 787.5563354492188
105.05817775015538 205.61476135253906 796.5191650390625
105.09150839030454 226.91017150878906 786.4708862304688
105.09150839030454 214.19520568847656 794.8738403320312
105.09150839030454 206.2841339111328 793.3970947265625
105.15816967060286 222.3154296875 788.8388061523438
105.19150031075202 225.81666564941406 785.1897583007812
105.19150031075202 216.61663818359375 789.9274291992188
105.72479055313859 235.39227294921875 765.5689086914062
105.82478247358608 214.88815307617188 772.3861083984375
105.85811311373524 214.88815307617188 772.3861083984375
105.8914437538844 214.88815307617188 772.3861083984375
106.09142759477936 217.3002471923828 767.4814453125
106.35807271597265 214.45736694335938 768.0142822265625
106.42473399627097 236.68519592285156 759.4171752929688
106.42473399627097 211.61187744140625 768.5476684570312
106.45806463642013 240.1493377685547 755.8214721679688
106.49139527656929 210.52001953125 767.2684326171875
106.52472591671845 210.52001953125 767.2684326171875
108.55789496581728 230.40330505371094 782.8278198242188
109.52448353014294 299.5442199707031 794.7750854492188
109.5578141702921 305.10980224609375 793.693115234375
109.72446737103792 308.0076599121094 785.735595703125
109.8244592914854 334.1346435546875 767.4778442382812
109.85778993163456 334.1346435546875 767.4778442382812
109.89112057178372 307.5243225097656 781.4002685546875
110.12443505282785 327.5583190917969 767.2681884765625
110.35774953387197 339.120849609375 762.1377563476562
110.39108017402113 339.120849609375 762.1377563476562
110.5910640149161 342.93719482421875 762.8723754882812
110.65772529521442 335.2152404785156 768.7362670898438
110.89103977625855 321.9506530761719 775.6814575195312
111.39099937849596 325.790771484375 776.4140014648438
111.5243219390926 345.59783935546875 769.677001953125
111.59098321939092 332.46923828125 769.261474609375
111.62431385954008 332.46923828125 769.261474609375
111.82429770043505 331.3883056640625 768.0025024414062
111.92428962088253 342.4366149902344 758.5866088867188
112.09094282162835 341.9366455078125 754.3060302734375
112.1242734617775 319.993408203125 758.4557495117188
112.15760410192667 350.7649230957031 742.4651489257812
112.22426538222498 348.5453186035156 747.2379150390625
113.05753138595401 277.1800231933594 772.44970703125
113.05753138595401 268.78631591796875 774.0451049804688
113.69081354878807 254.29241943359375 772.359375
113.72414418893723 254.29241943359375 772.359375
113.79080546923555 249.750732421875 774.699951171875
114.29076507147296 263.1777648925781 775.111083984375
114.65740211311373 254.47476196289062 764.9376831054688
114.82405531385955 269.2802429199219 751.8631591796875
114.82405531385955 255.74288940429688 758.8027954101562
115.09070043505282 234.09645080566406 771.7345581054688
115.65732131758857 239.75022888183594 770.6680297851562
115.79064387818521 234.09645080566406 771.7345581054688
115.82397451833437 242.1271514892578 765.7825927734375
115.92396643878185 242.76962280273438 762.70751953125
115.957297078931 247.3137969970703 760.3806762695312
116.09061963952766 231.47573852539062 764.8244018554688
116.19061155997514 236.48159790039062 766.843505859375
116.2239422001243 246.86572265625 756.0430908203125
116.39059540087011 242.76962280273438 762.70751953125
116.79056308266004 246.86572265625 756.0430908203125
116.8238937228092 252.48463439941406 754.9952392578125
116.85722436295836 255.92312622070312 751.4140625
116.92388564325668 257.0081787109375 752.6815795898438
117.02387756370416 258.724365234375 750.8930053710938
117.02387756370416 252.03408813476562 750.6675415039062
117.19053076444997 258.2706298828125 746.5741577148438
117.19053076444997 250.31304931640625 752.4575805664062
117.32385332504661 250.7627716064453 756.78857421875
117.9238048477315 200.8026580810547 786.9667358398438
117.99046612802984 239.75022888183594 770.6680297851562
117.99046612802984 207.85984802246094 779.6614990234375
118.023796768179 243.21588134765625 767.0560913085938
118.15711932877564 216.64073181152344 770.5718994140625
118.1904499689248 216.64073181152344 770.5718994140625
118.29044188937227 246.86572265625 756.0430908203125
119.32369173399627 260.43878173828125 749.106201171875
121.09021566190181 233.68170166015625 786.66748046875
121.09021566190181 224.06695556640625 787.0133666992188
121.12354630205097 224.06695556640625 787.0133666992188
121.15687694220013 263.80755615234375 772.034912109375
121.15687694220013 224.06695556640625 787.0133666992188
121.5235139838409 209.5744171142578 797.2569580078125
121.6901671845867 203.17544555664062 801.48486328125
121.75682846488502 197.85693359375 807.0166015625
121.95681230577999 195.40277099609375 812.0067749023438
122.09013486637663 192.26268005371094 820.16015625
122.09013486637663 180.69845581054688 822.416748046875
122.22345742697327 205.55734252929688 816.058837890625
122.22345742697327 169.4999237060547 829.153564453125
122.59009446861404 226.9168243408203 805.8954467773438
122.7234170292107 239.795166015625 789.9649658203125
122.85673958980733 253.20379638671875 771.08642578125
123.12338471100063 251.39878845214844 753.726318359375
123.35669919204474 285.6606140136719 737.1212768554688
123.35669919204474 272.8521423339844 740.9470825195312
123.823328154133 208.4775390625 795.97021484375
124.08997327532629 236.75689697265625 798.0071411132812
124.92323927905531 213.73049926757812 809.9548950195312
124.95656991920447 190.05819702148438 817.5693969726562
125.38986824114356 213.53086853027344 797.9942016601562
125.55652144188937 243.91488647460938 783.2265625
126.2231342448726 231.05511474609375 779.730224609375
126.2231342448726 220.12693786621094 786.2739868164062
126.25646488502176 231.05511474609375 779.730224609375
126.25646488502176 220.12693786621094 786.2739868164062
126.62310192666253 200.5545196533203 794.4930419921875
126.65643256681169 200.5545196533203 794.4930419921875
126.75642448725917 225.16091918945312 788.2952270507812
126.78975512740833 225.16091918945312 788.2952270507812
126.85641640770665 216.61663818359375 789.9274291992188
127.02306960845246 214.42674255371094 787.360107421875
127.08973088875078 231.05511474609375 779.730224609375
127.12306152889994 223.63003540039062 782.6279296875
127.1563921690491 234.53848266601562 776.0997924804688
127.38970665009323 243.66268920898438 771.4100341796875
127.42303729024239 243.66268920898438 771.4100341796875
127.45636793039155 243.66268920898438 771.4100341796875
127.88966625233064 238.01475524902344 772.476806640625
127.9229968924798 238.01475524902344 772.476806640625
128.42295649471723 223.63003540039062 782.6279296875
128.8562548166563 191.52090454101562 791.724853515625
129.72285146053449 231.24615478515625 753.0551147460938
134.05583467992543 230.5796661376953 737.0054321289062
134.62245556246114 206.57948303222656 766.52197265625
134.8557700435053 193.80917358398438 774.8623046875
135.0224232442511 191.6202392578125 772.2948608398438
135.98901180857675 207.9599609375 741.14306640625
137.08892293349908 237.9359130859375 734.1952514648438
137.1555842137974 238.57794189453125 731.1511840820312
138.28882597886886 170.6870574951172 767.2685546875
138.32215661901802 170.6870574951172 767.2685546875
138.48880981976382 194.31979370117188 759.9060668945312
138.58880174021132 196.08428955078125 758.0968627929688
138.65546302050964 170.6870574951172 767.2685546875
138.92210814170292 210.98947143554688 752.38037109375
139.42206774394035 192.81011962890625 754.2596435546875
139.88869670602858 224.94017028808594 738.0369873046875
139.92202734617774 219.7219696044922 743.402099609375
140.18867246737105 200.94503784179688 748.3261108398438
140.2220031075202 221.46315002441406 741.6118774414062
140.25533374766937 221.46315002441406 741.6118774414062
140.28866438781853 221.46315002441406 741.6118774414062
140.28866438781853 209.47369384765625 746.7579345703125
140.28866438781853 202.70144653320312 746.527587890625
140.35532566811685 183.81732177734375 751.475341796875
140.42198694841517 224.94017028808594 738.0369873046875
140.4886482287135 202.27920532226562 742.1821899414062
140.5553095090118 227.3255615234375 733.2015380859375
140.58864014916097 205.78492736816406 738.5972900390625
141.0885997513984 220.16751098632812 728.6428833007812
141.12193039154755 220.16751098632812 728.6428833007812
142.45515599751397 195.66500854492188 753.732666015625
142.55514791796148 190.36875915527344 759.1558837890625
142.58847855811064 190.36875915527344 759.1558837890625
142.6218091982598 169.5917205810547 765.9827880859375
142.65513983840896 166.01702880859375 769.6282958984375
142.68847047855812 166.01702880859375 769.6282958984375
142.9551155997514 154.85110473632812 776.1931762695312
143.0217768800497 160.6411590576172 775.1106567382812
144.58831696706028 207.34866333007812 725.1021728515625
146.5548247358608 167.57275390625 744.0891723632812
147.52141330018645 181.6344451904297 748.916259765625
148.12136482287136 219.7219696044922 743.402099609375
148.82130826600374 226.46112060546875 743.634521484375
148.8546389061529 226.46112060546875 743.634521484375
148.88796954630206 226.46112060546875 743.634521484375
148.92130018645122 226.46112060546875 743.634521484375
148.95463082660038 226.46112060546875 743.634521484375
149.08795338719702 231.6645965576172 738.2736206054688
150.18786451211932 197.92684936523438 737.0863037109375
150.45450963331263 171.1311492919922 740.4848022460938
150.48784027346179 171.1311492919922 740.4848022460938
150.98779987569918 157.8497314453125 744.3793334960938
151.12112243629585 157.8497314453125 744.3793334960938
151.45442883778745 163.60658264160156 743.331787109375
152.0210497203232 204.93853759765625 729.9357299804688
152.0877110006215 204.93853759765625 729.9357299804688
152.12104164077067 204.93853759765625 729.9357299804688
152.38768676196395 199.26263427734375 730.9632568359375
152.4210174021131 167.17047119140625 739.7267456054688
153.65425108763208 201.85748291015625 737.8421020507812
155.18746053449348 202.88027954101562 758.31787109375
156.25404101926662 221.01983642578125 756.4290161132812
156.42069422001242 183.28172302246094 766.4127807617188
157.22062958359228 207.9599609375 741.14306640625
157.2872908638906 207.9599609375 741.14306640625
157.42061342448727 189.12191772460938 746.065673828125
157.78725046612803 175.4954833984375 745.6021728515625
158.820500310752 179.72398376464844 738.9231567382812
158.85383095090117 179.72398376464844 738.9231567382812
158.88716159105033 179.72398376464844 738.9231567382812
158.88716159105033 176.455078125 735.0921020507812
158.9204922311995 176.455078125 735.0921020507812
158.95382287134865 176.455078125 735.0921020507812
158.98715351149784 179.72398376464844 738.9231567382812
158.98715351149784 176.455078125 735.0921020507812
159.020484151647 179.72398376464844 738.9231567382812
159.05381479179616 179.72398376464844 738.9231567382812
159.08714543194532 179.72398376464844 738.9231567382812
159.28712927284028 176.455078125 735.0921020507812
159.4204518334369 177.5446014404297 736.3690185546875
159.62043567433187 170.72706604003906 736.1290893554688
160.32037911746426 154.5721435546875 740.5331420898438
160.35370975761342 149.89573669433594 742.8621215820312
