2.2330967369871355 318.83624267578125 268.4366149902344
2.333086143120888 316.1973571777344 211.90655517578125
2.366415945165472 362.3003234863281 196.41111755371094
2.366415945165472 316.1501770019531 183.9116668701172
2.4664053512992243 328.09271240234375 118.2108154296875
2.5663947574329766 359.3792724609375 79.33772277832031
2.5663947574329766 312.9716796875 77.1317367553711
2.5997245594775604 335.14404296875 69.60205841064453
2.7997033717450654 324.05303955078125 -4.173949718475342
3.066341788101738 395.42864990234375 -45.46888732910156
3.5662888187705 419.24359130859375 -70.96149444580078
4.099565651483846 468.05499267578125 -70.35813903808594
4.232884859662182 433.0818786621094 -82.5738754272461
4.266214661706766 459.73333740234375 -79.64915466308594
4.466193473974271 467.88116455078125 -86.55113220214844
4.599512682152607 479.8774108886719 -73.16676330566406
5.499417337356379 534.3425903320312 0.9694581627845764
5.766055753713051 530.3363647460938 4.548459053039551
6.465981596649318 531.3094482421875 -13.115279197692871
7.565865064120593 485.2688293457031 -77.77395629882812
7.7658438763880975 490.7220153808594 -76.98957824707031
7.8991630845664345 468.803466796875 -85.5221176147461
8.299120709101443 392.3480224609375 -111.91077423095703
8.465769719324364 384.9462890625 -120.19014739990234
8.932386947948542 379.0417175292969 -145.66732788085938
9.065706156126877 377.6129455566406 -139.19261169433594
9.099035958171463 348.26593017578125 -142.24380493164062
9.365674374528135 317.47698974609375 -130.1402587890625
9.498993582706472 339.09942626953125 -122.43021392822266
9.532323384751056 337.6700134277344 -121.28209686279297
9.632312790884807 340.45867919921875 -118.15574645996094
9.665642592929393 340.8892517089844 -114.9194107055664
10.632206852222332 367.64910888671875 -51.611629486083984
10.932175070623588 362.1163330078125 -68.96717071533203
11.065494278801925 365.99151611328125 -81.25177001953125
11.132153882891092 366.0350036621094 -86.72528076171875
11.465451903336934 409.9478759765625 -97.63771057128906
11.532111507426102 373.6764221191406 -105.61351013183594
11.765420121738192 378.3199462890625 -100.41327667236328
11.898739329916527 367.0946960449219 -102.0384750366211
12.098718142184032 298.82684326171875 -100.91873931884766
12.132047944228617 348.272216796875 -101.12388610839844
12.432016162629873 307.1576232910156 -85.9228515625
12.56533537080821 262.1999206542969 -82.5301284790039
12.631994974897378 248.8986358642578 -77.393798828125
12.698654578986545 241.9388885498047 -73.68170166015625
12.865303589209466 271.90069580078125 -62.977783203125
12.931963193298635 284.9951171875 -62.57176208496094
13.031952599432387 293.086669921875 -56.31788635253906
13.06528240147697 289.1853942871094 -54.98362731933594
13.165271807610724 283.3855895996094 -55.77989196777344
13.265261213744475 298.3413391113281 -53.259246826171875
13.29859101578906 284.74090576171875 -51.37751007080078
13.331920817833645 305.0638427734375 -51.40258026123047
13.431910223967396 265.7873229980469 -52.55915451049805
13.53189963010115 284.74090576171875 -51.37751007080078
13.86519765054699 354.96282958984375 -63.06449508666992
13.965187056680742 357.8279724121094 -65.42864990234375
13.998516858725326 357.8279724121094 -65.42864990234375
14.03184666076991 357.8279724121094 -65.42864990234375
14.165165868948247 356.44940185546875 -69.7628173828125
14.59845329552784 337.5959167480469 -79.77488708496094
14.665112899617009 356.60882568359375 -86.2435302734375
15.265049336419523 365.1469421386719 -93.23199462890625
15.531687752776195 354.8515319824219 -99.26451873779297
15.598347356865364 354.8515319824219 -99.26451873779297
15.831655971177453 353.864501953125 -94.85218048095703
16.031634783444957 338.7461242675781 -95.19566345214844
16.06496458548954 354.7420349121094 -88.337646484375
16.23161359571246 351.94244384765625 -91.47810363769531
16.23161359571246 303.40447998046875 -90.14318084716797
16.264943397757047 355.6753845214844 -87.29063415527344
16.264943397757047 338.675048828125 -89.71585083007812
16.29827319980163 358.0349426269531 -87.41079711914062
16.331603001846215 358.4759826660156 -84.14903259277344
16.331603001846215 306.2192077636719 -86.97807312011719
16.3649328038908 359.9013977050781 -85.31732177734375
16.498252012069134 354.6871032714844 -82.85772705078125
16.664901022292057 372.5273742675781 -73.92182159423828
16.731560626381224 374.3955383300781 -71.82669830322266
16.764890428425808 374.3955383300781 -71.82669830322266
17.231507657049985 372.4903564453125 -68.42819213867188
17.26483745909457 378.13287353515625 -67.63530731201172
17.331497063183736 405.28955078125 -64.7325668334961
17.398156667272907 359.2586669921875 -66.60918426513672
17.898103697941668 422.9771423339844 -61.333763122558594
18.09808251020917 430.9051208496094 -49.729549407958984
18.198071916342926 437.8567199707031 -50.13156509399414
18.33139112452126 410.8877868652344 -47.47046661376953
19.331285185858786 461.94635009765625 -39.48726272583008
20.064540830839636 468.3714294433594 -83.34415435791016
20.464498455374645 432.0877685546875 -99.81494140625
20.697807069686732 398.8288879394531 -104.66144561767578
20.697807069686732 352.5516357421875 -104.59840393066406
20.797796475820483 361.46978759765625 -102.85285186767578
20.797796475820483 344.54571533203125 -105.30313110351562
20.864456079909655 377.8712158203125 -103.64686584472656
20.864456079909655 375.08636474609375 -106.76522064208984
21.33107330853383 341.1836242675781 -100.77944946289062
21.464392516712167 294.9649658203125 -99.63329315185547
21.931009745336343 350.0765075683594 -93.5712661743164
22.36429717191594 379.6689147949219 -90.6922378540039
22.46428657804969 352.9322204589844 -95.897705078125
22.597605786228026 341.6158752441406 -97.52409362792969
22.697595192361778 387.1816101074219 -98.67786407470703
22.73092499440636 350.1953125 -104.48518371582031
22.8642442025847 369.0350341796875 -110.81139373779297
22.8642442025847 338.9585266113281 -111.56916046142578
22.897574004629284 368.5506286621094 -108.62129974365234
23.097552816896787 390.4595031738281 -103.17378234863281
23.197542223030542 375.0521545410156 -101.33943939208984
23.230872025075126 380.17791748046875 -98.33252716064453
23.230872025075126 346.84326171875 -99.96370697021484
23.297531629164293 344.48065185546875 -99.84848022460938
23.43085083734263 360.4907531738281 -98.45138549804688
23.43085083734263 343.5483093261719 -100.89435577392578
24.064117076189728 285.2192687988281 -93.65028381347656
24.130776680278895 284.2799987792969 -94.70726013183594
24.197436284368063 328.743896484375 -92.50788879394531
24.197436284368063 324.49359130859375 -94.4903335571289
24.364085294590986 275.42303466796875 -87.63626861572266
24.73071311708141 313.3399963378906 -56.327579498291016
24.764042919125995 267.82891845703125 -56.03850173950195
24.830702523215162 302.6484680175781 -51.26642990112305
25.064011137527253 293.0251770019531 -30.505125045776367
25.097340939571836 258.3788146972656 -31.837011337280273
25.164000543661004 287.9068603515625 -18.894264221191406
25.164000543661004 246.28497314453125 -22.031044006347656
26.230554209087696 410.9017333984375 2.5561416149139404
26.463862823399783 369.2424011230469 -10.450597763061523
26.497192625444367 420.7578430175781 -11.505182266235352
26.99713965611313 453.259765625 -30.166597366333008
26.99713965611313 447.21368408203125 -34.20423126220703
27.963703915406068 454.1893005371094 -85.83900451660156
28.06369332153982 422.9094543457031 -88.54891204833984
28.69695956038692 396.0508728027344 -107.76885986328125
28.830278768565254 429.2975769042969 -108.28623962402344
28.86360857060984 384.89764404296875 -109.39803314208984
29.330225799234018 385.80096435546875 -102.94741821289062
29.330225799234018 350.69024658203125 -106.68518829345703
29.330225799234018 333.2217102050781 -106.942626953125
29.463545007412353 352.05755615234375 -102.39720153808594
29.59686421559069 355.2901611328125 -96.01438903808594
29.66352381967986 291.9157409667969 -91.77532958984375
29.963492038081114 272.9859313964844 -67.50300598144531
30.096811246259453 302.230712890625 -54.59348678588867
30.130141048304036 292.0221862792969 -51.786617279052734
30.230130454437788 261.5409240722656 -39.93509292602539
30.296790058526955 314.9378356933594 -37.42343521118164
30.39677946466071 301.2630310058594 -29.870588302612305
30.39677946466071 296.4059143066406 -29.579896926879883
30.830066891240303 289.8104553222656 -16.745485305786133
30.89672649532947 291.2990417480469 -17.970476150512695
31.363343723953648 322.5078430175781 -28.89642333984375
31.963280160756163 354.29962158203125 -44.18757247924805
32.02993976484533 358.1156311035156 -45.520076751708984
32.063269566889915 359.5008850097656 -41.154029846191406
32.296578181202 352.0347900390625 -55.15850830078125
32.36323778529117 324.8324890136719 -54.742855072021484
32.66320600369243 301.8133850097656 -57.9170036315918
32.696535805737014 335.3499450683594 -54.221046447753906
33.09649343027202 313.4375 -61.8959846496582
33.39646164867328 345.33294677734375 -51.4522590637207
33.46312125276245 351.0366516113281 -50.666107177734375
33.529780856851616 358.16741943359375 -51.071964263916016
33.596440460940784 367.64910888671875 -51.611629486083984
33.7630894711637 376.6490783691406 -55.43775177001953
33.863078877297454 387.9605407714844 -59.37907409667969
34.063057689564964 413.21502685546875 -58.59600067138672
34.12971729365413 375.26123046875 -59.77284622192383
34.796313334545815 399.6974182128906 -70.99666595458984
35.09628155294707 438.6711730957031 -70.92654418945312
35.59622858361583 400.637939453125 -75.41948699951172
35.962856406106255 391.3328857421875 -85.84014892578125
36.19616502041834 372.67474365234375 -95.78643798828125
36.229494822462925 408.0943603515625 -94.2973403930664
36.36281403064127 402.5340881347656 -100.51692199707031
36.39614383268585 362.3999938964844 -101.81036376953125
36.82943125926544 381.2194519042969 -118.94200134277344
36.89609086335461 351.30096435546875 -119.73418426513672
36.99608026948836 384.9462890625 -120.19014739990234
36.99608026948836 351.30096435546875 -119.73418426513672
37.29604848788962 405.3298645019531 -118.97501373291016
37.62934650833546 393.3055114746094 -121.6475601196289
37.66267631038004 389.5914001464844 -120.40257263183594
37.66267631038004 375.63458251953125 -119.76432800292969
37.69600611242463 382.14495849609375 -117.90650939941406
37.99597433082589 394.6548156738281 -106.62157440185547
38.09596373695964 392.3141174316406 -101.09828186035156
38.12929353900422 351.12640380859375 -103.44123840332031
38.29594254922714 342.5489807128906 -96.47711181640625
38.329272351271726 396.01104736328125 -91.51861572265625
38.52925116353923 406.23126220703125 -80.07848358154297
38.5959107676284 415.51885986328125 -80.56657409667969
38.962538590118825 397.8570556640625 -83.99848937988281
39.66246443305509 461.7895812988281 -55.87981414794922
39.99576245350093 432.2921447753906 -50.906864166259766
40.42904988008053 439.65936279296875 -58.98956298828125
40.52903928621428 435.0369873046875 -58.729007720947266
40.66235849439261 414.6112976074219 -59.77082824707031
40.6956882964372 383.71563720703125 -55.83608627319336
40.92899691074929 386.54681396484375 -58.19910430908203
41.395614139373464 354.57696533203125 -71.86476135253906
41.5289333475518 390.3458557128906 -70.49165344238281
41.82890156595306 322.7853698730469 -76.7973861694336
41.92889097208681 330.963623046875 -81.63241577148438
41.962220774131396 336.65948486328125 -80.82661437988281
41.99555057617598 312.7898864746094 -79.58944702148438
42.02888037822056 330.4554138183594 -79.40350341796875
42.26218899253265 298.7922668457031 -75.54080963134766
42.295518794577234 294.38336181640625 -71.98039245605469
42.9954446375135 285.0521545410156 -22.11668586730957
44.02866850089561 347.7780456542969 -57.13602066040039
45.295200978589804 349.3534240722656 -27.15595054626465
45.56183939494648 432.40728759765625 -23.353729248046875
45.595169196991066 397.253173828125 -21.165563583374023
45.7284884051694 469.2587890625 -1.3146226406097412
45.761818207213985 476.25262451171875 3.7754337787628174
45.861807613347736 508.7943115234375 23.793352127075195
45.89513741539232 500.6389465332031 31.079050064086914
45.9284672174369 520.4574584960938 34.11439514160156
45.96179701948149 522.8583984375 39.528804779052734
46.16177583174899 594.2565307617188 59.80258560180664
46.195105633793574 596.1256713867188 61.88847351074219
47.69494672579986 492.5653076171875 -74.93440246582031
47.72827652784444 457.9330749511719 -76.30766296386719
47.79493613193362 485.2688293457031 -77.77395629882812
47.96158514215654 436.788330078125 -78.43085479736328
48.028244746245704 454.23370361328125 -80.43891143798828
48.19489375646862 411.8028869628906 -90.14908599853516
48.49486197486988 376.4622802734375 -102.49365234375
48.761500391226555 402.5408630371094 -105.9210433959961
49.12812821371698 364.3057861328125 -105.16322326660156
49.89471366074241 350.5133972167969 -90.3123550415039
50.06136267096534 345.21990966796875 -82.3687515258789
50.06136267096534 303.2971496582031 -84.62312316894531
50.294671285277424 304.2362365722656 -83.56686401367188
50.96126732616911 281.62445068359375 -63.504661560058594
51.127916336392026 283.3855895996094 -55.77989196777344
51.16124613843661 285.6874694824219 -50.310359954833984
51.194575940481194 245.61366271972656 -49.17909240722656
51.59453356501621 280.42852783203125 -33.14045333862305
52.46110841817539 375.1234130859375 -37.62710189819336
52.561097824309144 418.35870361328125 -44.600948333740234
52.96105544884415 361.1805114746094 -70.0174560546875
53.02771505293332 358.37353515625 -73.16773986816406
53.0610448549779 364.5240173339844 -74.59387969970703
53.0610448549779 358.8667297363281 -75.39254760742188
53.46100247951291 354.3582458496094 -97.05940246582031
53.59432168769125 362.3999938964844 -101.81036376953125
53.59432168769125 309.4393310546875 -105.8125991821289
53.694311093825 302.78997802734375 -107.68742370605469
53.827630302003335 346.03826904296875 -111.9004898071289
53.89428990609251 342.8164367675781 -118.26356506347656
53.89428990609251 294.3766174316406 -117.14119720458984
53.927619708137094 300.6168212890625 -118.51667022705078
53.96094951018168 302.0713195800781 -119.67320251464844
54.1275985204046 295.016845703125 -124.80684661865234
54.16092832244918 288.77154541015625 -123.43939971923828
54.194258124493764 339.598876953125 -124.61825561523438
54.39423693676127 291.6923828125 -125.74934387207031
54.627545551073354 284.7853698730469 -116.70429992675781
54.86085416538545 292.325927734375 -88.48491668701172
54.927513769474615 295.144775390625 -85.31322479248047
55.027503175608366 297.4376220703125 -79.90081787109375
55.094162779697534 316.029541015625 -73.12580108642578
55.22748198787587 313.7289123535156 -78.5335464477539
55.360801196054204 294.205078125 -86.37055206298828
55.76075882058922 369.0752258300781 -116.22342681884766
55.96073763285672 389.1392517089844 -123.60826873779297
56.02739723694589 380.7993469238281 -127.53315734863281
56.294035653302565 378.56591796875 -143.51112365722656
56.394025059436316 379.9629211425781 -144.63775634765625
56.394025059436316 361.3648986816406 -143.8631591796875
56.4273548614809 362.7729797363281 -144.99261474609375
57.027291298283416 299.27197265625 -122.81719207763672
57.56056813099676 231.74612426757812 -61.926788330078125
57.927195953487185 172.8921356201172 -9.511113166809082
58.29382377597761 309.9383239746094 26.415231704711914
58.32715357802219 316.73663330078125 28.238893508911133
58.32715357802219 313.8664855957031 24.996992111206055
58.39381318211136 278.5441589355469 26.27953338623047
58.560462192334285 318.0702819824219 6.436157703399658
59.76033506593931 454.9443359375 -50.0263557434082
59.86032447207306 448.8827819824219 -59.50947570800781
60.093633086385154 391.3328857421875 -85.84014892578125
60.59358011705391 370.0024108886719 -115.18531799316406
60.89354833545517 290.399658203125 -110.39266967773438
61.16018675181184 312.8875732421875 -85.11154174804688
61.260176157945594 262.0496826171875 -76.95957946777344
61.360165564079345 301.09014892578125 -70.1158218383789
61.39349536612393 308.2070007324219 -64.94502258300781
61.42682516816851 302.3397216796875 -60.17488479614258
61.62680398043602 279.8771057128906 -51.10423278808594
61.66013378248061 279.8771057128906 -51.10423278808594
61.92677219883728 289.0625915527344 -49.38044357299805
62.093421209060196 315.6497497558594 -50.88398361206055
62.293400021327706 289.30792236328125 -60.575382232666016
62.460049031550625 294.2663269042969 -66.41603088378906
62.95999606221938 282.3099670410156 -51.24092483520508
63.02665566630855 266.18804931640625 -49.211204528808594
63.05998546835314 237.270263671875 -49.83902359008789
63.25996428062064 254.17376708984375 -39.5090446472168
63.49327289493273 254.5699005126953 -36.140350341796875
63.626592103111065 242.636962890625 -32.041446685791016
63.69325170720023 239.21102905273438 -32.97472381591797
63.72658150924482 228.73196411132812 -30.08447265625
63.926560321512326 271.5992736816406 -31.488388061523438
63.95989012355691 254.41036987304688 -30.46912956237793
64.35984774809192 376.0296936035156 -31.005672454833984
64.65981596649317 423.98126220703125 -32.79670715332031
65.8596888400982 439.7198791503906 -48.04650115966797
66.0929974544103 425.8365783691406 -36.22254943847656
66.52628488098989 479.9385681152344 -32.89931869506836
66.62627428712364 475.28863525390625 -38.09634017944336
66.6929338912128 480.7976989746094 -37.33371353149414
66.82625309939114 440.2319641113281 -39.28818893432617
67.29287032801533 465.6591491699219 -81.04349517822266
67.3595299321045 421.9830627441406 -89.58468627929688
68.3927537954866 280.1091613769531 -121.96134948730469
68.42608359753117 290.5197448730469 -115.8720474243164
68.75938161797701 232.11070251464844 -73.16874694824219
69.0260200343337 179.1623992919922 -38.59999084472656
69.12600944046744 191.86326599121094 -30.193193435668945
69.15933924251203 247.4076385498047 -26.647417068481445
69.4259776588687 261.9405517578125 -36.570648193359375
69.75927567931454 328.290283203125 3.4903361797332764
69.79260548135913 408.07000732421875 10.611774444580078
70.12590350180497 516.9390869140625 65.85098266601562
70.79249954269665 552.5593872070312 94.71634674072266
70.82582934474124 539.1968994140625 93.5555191040039
71.1257975631425 547.5586547851562 78.11831665039062
71.15912736518708 547.0183715820312 74.77098083496094
71.22578696927624 483.63165283203125 73.00877380371094
71.35910617745458 467.647705078125 66.28852844238281
71.35910617745458 428.0442199707031 67.07217407226562
71.49242538563291 391.3203430175781 63.003929138183594
71.5257551876775 385.5895080566406 56.544612884521484
71.82572340607875 409.4876708984375 26.314983367919922
71.85905320812334 349.7524108886719 24.80310821533203
71.92571281221251 346.89373779296875 21.579853057861328
72.05903202039084 363.33953857421875 11.370222091674805
72.05903202039084 340.22662353515625 14.062411308288574
72.05903202039084 313.00933837890625 18.18488311767578
72.12569162448001 338.2496337890625 17.612323760986328
72.22568103061377 321.7930908203125 16.447206497192383
72.29234063470294 287.56927490234375 18.761972427368164
72.62563865514878 224.719482421875 16.06222152709961
72.65896845719337 215.26397705078125 14.37449836730957
72.7922876653717 184.9678192138672 16.37836265563965
72.85894726946087 205.19798278808594 15.040287971496582
72.9922664776392 210.2350616455078 14.707123756408691
73.15891548786212 219.32095336914062 12.949288368225098
73.22557509195128 211.20005798339844 15.80215072631836
73.39222410217421 197.99948120117188 19.001771926879883
73.49221350830797 163.37673950195312 22.480369567871094
74.02549034102131 159.83934020996094 -12.173532485961914
74.05882014306589 157.2082977294922 -21.249113082885742
74.12547974715507 220.13519287109375 -39.811973571777344
74.12547974715507 186.1099090576172 -36.71501922607422
74.19213935124424 176.5281982421875 -47.57655715942383
74.29212875737798 243.49301147460938 -60.31544876098633
74.42544796555632 215.76272583007812 -56.5502815246582
74.52543737169007 241.0342254638672 -60.1817741394043
75.05871420440342 283.2128601074219 -90.23828125
75.12537380849258 270.17645263671875 -90.69559478759766
75.35868242280468 303.40447998046875 -90.14318084716797
75.59199103711676 324.5790710449219 -99.9726333618164
76.29191688005302 296.7258605957031 -92.01423645019531
76.45856589027595 293.26544189453125 -87.42778015136719
76.52522549436512 279.1889343261719 -83.39533996582031
76.79186391072179 268.40618896484375 -78.40135192871094
77.39180034752431 348.4632568359375 -75.94253540039062
77.79175797205932 354.6871032714844 -82.85772705078125
78.49168381499558 400.6640319824219 -91.75390625
78.79165203339684 388.56378173828125 -94.40348052978516
79.15827985588726 394.1539306640625 -93.59742736816406
79.19160965793185 354.7968444824219 -93.80656433105469
79.25826926202102 347.2781982421875 -96.7103042602539
79.2915990640656 347.2781982421875 -96.7103042602539
79.32492886611018 373.60504150390625 -94.74410247802734
79.32492886611018 347.2781982421875 -96.7103042602539
79.39158847019935 350.0765075683594 -93.5712661743164
79.42491827224393 364.21551513671875 -94.27606201171875
79.45824807428852 362.7952575683594 -93.11434173583984
79.45824807428852 359.50982666015625 -94.04149627685547
80.02485470904645 278.51348876953125 -95.52783966064453
80.45814213562605 286.5999450683594 -69.34381866455078
80.72478055198272 324.8324890136719 -54.742855072021484
80.79144015607189 372.37884521484375 -51.880828857421875
81.22472758265148 328.60113525390625 -50.50300216674805
81.52469580105273 394.0162048339844 -44.28125
81.89132362354316 387.5040588378906 -62.653587341308594
82.05797263376608 346.9019470214844 -63.727481842041016
82.15796203989983 399.6877136230469 -65.52040100097656
82.35794085216733 380.9937438964844 -75.4683609008789
82.49126006034567 404.3722839355469 -82.15934753417969
82.75789847670235 381.1070556640625 -97.2920150756836
82.8578878828361 357.69805908203125 -101.58189392089844
82.92454748692526 377.3910827636719 -101.4535140991211
82.99120709101443 393.7131042480469 -102.24952697753906
82.99120709101443 363.81829833984375 -102.96654510498047
83.15785610123736 386.29931640625 -110.54530334472656
83.22451570532652 375.63458251953125 -119.76432800292969
83.22451570532652 366.2941589355469 -119.33719635009766
83.2578455073711 373.7829895019531 -121.83647155761719
83.39116471554945 374.7431945800781 -126.1878662109375
83.4911541216832 365.4111022949219 -125.77108001708984
83.99110115235196 328.1361083984375 -115.41743469238281
84.55770778710989 338.88787841796875 -106.12228393554688
84.7576865993774 270.99896240234375 -103.98609161376953
84.92433560960032 270.8584289550781 -98.46627807617188
85.22430382800157 300.70050048828125 -98.81237030029297
85.45761244231366 293.7938537597656 -89.66239166259766
85.49094224435824 295.67230224609375 -87.54905700683594
85.5576018484474 286.9739074707031 -86.00489044189453
85.7909104627595 297.0244445800781 -83.19828033447266
86.32418729547284 336.65948486328125 -80.82661437988281
86.79080452409703 325.0037536621094 -65.85514831542969
86.92412373227536 350.77410888671875 -70.55963897705078
87.2574217527212 427.0881652832031 -81.1745834350586
87.62404957521163 442.21990966796875 -93.85527801513672
87.79069858543454 441.7100830078125 -102.44158172607422
88.55728403245998 340.8205871582031 -109.48086547851562
88.9239118549504 377.359130859375 -96.01910400390625
88.99057145903957 361.42181396484375 -97.40769958496094
89.02390126108416 328.317138671875 -95.7753677368164
89.1238906672179 337.74041748046875 -90.76505279541016
89.19055027130707 358.08642578125 -92.87877655029297
89.25720987539624 334.9369812011719 -93.91209411621094
89.35719928153 361.3737487792969 -91.95162200927734
89.39052908357458 402.05267333984375 -87.47919464111328
89.45718868766376 370.73712158203125 -86.9655990600586
89.5571780937975 431.25091552734375 -79.22277069091797
89.72382710402043 444.61639404296875 -77.7625503540039
89.757156906065 415.5249938964844 -75.12297821044922
91.0236893837592 523.3648071289062 -24.647302627563477
92.39021126758715 415.4822692871094 -113.00173950195312
92.65684968394383 401.140380859375 -99.36614990234375
92.65684968394383 393.2415466308594 -100.06038665771484
92.69017948598841 367.0523986816406 -96.59648132324219
92.723509288033 343.482177734375 -95.43003845214844
92.79016889212217 382.93914794921875 -89.7685775756836
93.89005235959344 378.9451904296875 -44.50960159301758
94.15669077595011 470.0855407714844 -51.99538040161133
94.25668018208387 480.87139892578125 -66.73194122314453
94.25668018208387 438.19293212890625 -74.16238403320312
94.32333978617304 440.8813781738281 -87.30961608886719
94.35666958821761 486.0396423339844 -87.49556732177734
94.52331859844054 432.96466064453125 -109.53604888916016
95.0232656291093 402.11767578125 -135.96682739257812
95.15658483728764 353.3257751464844 -133.8569793701172
95.42322325364431 355.01495361328125 -115.57292938232422
96.08981929453599 260.4050598144531 -70.18241882324219
96.22313850271432 298.1523742675781 -67.73699951171875
96.25646830475891 312.59393310546875 -68.51165008544922
96.52310672111558 310.3104248046875 -48.348114013671875
96.58976632520475 313.56793212890625 -41.8245735168457
96.62309612724934 313.04620361328125 -39.55420684814453
96.75641533542768 344.5674743652344 -26.865114212036133
96.82307493951684 390.1728210449219 -20.7248477935791
97.45634117836394 397.7410583496094 -28.985416412353516
97.52300078245311 405.2649841308594 -31.66278648376465
97.85629880289895 493.309814453125 -26.04768943786621
97.85629880289895 476.78399658203125 -28.314559936523438
98.15626702130021 480.8688049316406 -31.85963249206543
98.18959682334479 481.7991027832031 -30.819852828979492
98.25625642743395 485.01824951171875 -29.921175003051758
98.28958622947854 489.5904235839844 -30.203235626220703
98.42290543765688 533.0438232421875 -16.513965606689453
101.25593861144652 473.71868896484375 -93.30232238769531
101.5225770278032 469.8452453613281 -73.70332336425781
102.18917306869488 388.39642333984375 -50.58531951904297
102.58913069322989 361.4797058105469 -50.15220642089844
102.65579029731906 367.64910888671875 -51.611629486083984
102.75577970345282 379.94293212890625 -54.519840240478516
102.7891095054974 379.94293212890625 -54.519840240478516
103.05574792185406 435.96734619140625 -57.68809127807617
103.65568435865659 359.0186767578125 -91.83338165283203
103.8223333688795 380.1195373535156 -87.44511413574219
103.88899297296867 321.51104736328125 -86.65125274658203
103.95565257705785 350.8331298828125 -76.0675048828125
104.52225921181576 300.84429931640625 -33.22254180908203
104.55558901386036 299.36614990234375 -32.0093994140625
104.58891881590493 280.96942138671875 -35.42789840698242
104.62224861794952 300.84429931640625 -33.22254180908203
104.62224861794952 281.9190368652344 -34.356353759765625
104.68890822203869 261.3888244628906 -34.27760314941406
104.75556782612786 292.6103820800781 -33.86056900024414
104.78889762817245 240.7293243408203 -34.19835662841797
105.12219564861829 282.3287353515625 -30.99599838256836
105.68880228337622 226.05877685546875 -24.229389190673828
105.75546188746539 223.57069396972656 -24.08002281188965
105.95544069973289 219.54623413085938 -22.696439743041992
105.98877050177747 241.33624267578125 -21.73122787475586
105.98877050177747 218.01046752929688 -21.461233139038086
106.1220897099558 216.07188415527344 -8.739785194396973
106.18874931404497 206.79959106445312 -1.2519192695617676
106.28873872017873 222.02407836914062 6.996176242828369
109.85502753894923 339.2026062011719 18.68711280822754
109.9216871430384 337.37060546875 10.842143058776855
110.28831496552883 473.1340026855469 14.015986442565918
110.28831496552883 452.22406005859375 15.457663536071777
110.45496397575174 494.834716796875 13.632513999938965
110.48829377779633 508.59564208984375 12.681159973144531
110.754932194153 498.91595458984375 10.01583480834961
110.78826199619758 494.834716796875 13.632513999938965
111.85481566162427 552.6519165039062 -7.941200256347656
112.58807130660513 537.8290405273438 -24.46788787841797
113.0546885352293 489.7754821777344 -48.783363342285156
113.15467794136306 467.3021240234375 -55.10519027709961
113.18800774340764 473.670166015625 -58.73331832885742
113.82127398225474 375.4659118652344 -92.65914916992188
114.48787002314641 373.5692443847656 -89.29307556152344
114.55452962723558 379.1886291503906 -88.48811340332031
114.98781705381518 432.13287353515625 -89.02196502685547
115.05447665790435 410.8756103515625 -91.18628692626953
115.52109388652853 412.2593078613281 -103.15402221679688
115.62108329266228 416.4123229980469 -106.590087890625
115.75440250084061 412.71685791015625 -110.71987915039062
116.28767933355397 411.7883605957031 -122.4894790649414
117.52088200920358 443.75860595703125 -67.94039916992188
117.55421181124815 448.3601989746094 -68.19308471679688
117.75419062351567 428.56512451171875 -55.07875442504883
118.25413765418442 431.7702331542969 -65.10041046142578
118.28746745622901 423.89373779296875 -65.75753021240234
118.35412706031818 450.6583251953125 -68.31927490234375
118.42078666440734 448.8042907714844 -70.3912124633789
118.55410587258568 465.2803649902344 -73.45597839355469
118.55410587258568 452.9114685058594 -73.8703842163086
118.58743567463027 455.2038269042969 -73.99417877197266
118.62076547667485 451.5435791015625 -72.71165466308594
118.95406349712069 380.0020446777344 -65.5390396118164
119.05405290325444 417.8616943359375 -64.33161163330078
119.05405290325444 401.5611267089844 -68.90901184082031
119.15404230938819 385.6592102050781 -70.23855590820312
120.18726617277031 366.22003173828125 -50.422874450683594
121.65377746273201 424.885986328125 -42.78143310546875
121.68710726477659 425.8036193847656 -47.23661804199219
122.08706488931159 426.6502990722656 -73.54114532470703
122.18705429544535 458.8091125488281 -80.68102264404297
122.18705429544535 431.25091552734375 -79.22277069091797
122.28704370157911 470.15704345703125 -86.66950225830078
122.32037350362368 438.5550537109375 -92.59095001220703
122.38703310771285 437.6308898925781 -93.62322998046875
122.52035231589119 433.8865661621094 -108.50675201416016
122.98696954451536 442.87811279296875 -135.60726928710938
123.42025697109496 364.6189270019531 -142.9277801513672
123.58690598131788 357.0814514160156 -135.0950164794922
123.72022518949622 348.5163269042969 -122.85414123535156
123.85354439767455 318.9745178222656 -106.26567077636719
123.88687419971914 287.3456115722656 -102.56476593017578
123.95353380380831 249.38955688476562 -94.10224914550781
124.02019340789748 242.4519805908203 -90.43026733398438
124.18684241812039 256.9344787597656 -85.59716033935547
124.35349142834332 248.7343292236328 -71.80149841308594
124.75344905287832 256.78839111328125 -45.30183029174805
125.05341727127959 346.3930969238281 -19.12339973449707
125.08674707332416 318.3507995605469 -10.603461265563965
125.18673647945792 361.5386047363281 -2.0758345127105713
125.62002390603752 510.0335998535156 41.59758758544922
125.6533537080821 514.734130859375 46.860435485839844
128.51971668391633 387.2477722167969 -114.90789031982422
128.7530252982284 396.9644775390625 -101.32591247558594
129.186312724808 279.3291320800781 -68.9564437866211
129.31963193298634 293.3816833496094 -47.38459014892578
129.586270349343 244.1531982421875 -33.26506423950195
129.81957896365512 272.5339050292969 -9.987873077392578
129.85290876569968 283.17138671875 -3.8262195587158203
130.15287698410094 350.38018798828125 11.106693267822266
130.61949421272513 512.8561401367188 20.164669036865234
130.65282401476972 507.1161804199219 32.84845733642578
130.8528028270372 570.4291381835938 95.49007415771484
130.9194624311264 640.5011596679688 108.72550201416016
131.45273926383973 631.1236572265625 98.26164245605469
131.78603728428558 571.3391723632812 63.83695983886719
132.08600550268682 520.9482421875 12.935446739196777
132.08600550268682 486.5628967285156 15.319112777709961
132.45263332517726 442.3957214355469 12.770347595214844
132.65261213744475 417.4731750488281 -12.40962028503418
133.08589956402434 294.5079650878906 -31.720430374145508
133.4525273865148 278.5286560058594 -35.28451156616211
133.4525273865148 265.74627685546875 -32.27252960205078
133.48585718855935 274.5917053222656 -33.9245491027832
133.48585718855935 237.69137573242188 -31.750001907348633
133.51918699060394 241.68310546875 -33.11995315551758
133.51918699060394 222.8070068359375 -30.872861862182617
133.71916580287146 220.5149383544922 -36.42621612548828
134.48575124989688 208.56063842773438 -76.43303680419922
134.719059864209 268.0065002441406 -81.71522521972656
134.91903867647648 253.23475646972656 -75.38719177246094
135.0523578846548 244.78013610839844 -70.47488403320312
135.119017488744 280.2732238769531 -67.892578125
135.31899630101148 255.7576141357422 -60.98223114013672
135.41898570714525 253.30859375 -60.84908676147461
135.45231550918982 253.30859375 -60.84908676147461
135.61896451941274 253.54296875 -51.87565612792969
135.65229432145733 301.7037658691406 -52.330589294433594
135.68562412350192 303.5932922363281 -50.20217514038086
135.68562412350192 291.0765075683594 -52.852386474609375
135.78561352963567 312.2984924316406 -51.81039047241211
135.81894333168026 315.6497497558594 -50.88398361206055
136.25223075825986 432.3150939941406 -45.41828155517578
136.318890362349 398.7337951660156 -55.582489013671875
136.3855499664382 459.0056457519531 -58.990936279296875
136.41887976848275 417.4001770019531 -62.11743927001953
137.08547580937446 480.1571044921875 -51.489044189453125
137.41877382982028 426.7021179199219 -57.16413116455078
137.48543343390946 456.26904296875 -56.65555953979492
137.6520824441324 415.5311584472656 -69.66850280761719
138.485327495247 371.7068786621094 -91.38023376464844
138.6519765054699 367.0523986816406 -96.59648132324219
138.75196591160366 368.4689636230469 -97.75518035888672
138.98527452591574 377.359130859375 -96.01910400390625
139.0519341300049 372.67474365234375 -95.78643798828125
139.0852639320495 315.0500183105469 -99.50961303710938
139.75185997294116 211.545654296875 -49.53129196166992
139.78518977498575 225.2911376953125 -45.77408981323242
139.98516858725327 216.09445190429688 -23.631206512451172
139.98516858725327 162.28839111328125 -21.55314826965332
140.1184877954316 142.3233184814453 -7.61965274810791
140.1518175974762 185.9063720703125 -6.8565592765808105
140.1518175974762 165.02166748046875 -3.2361350059509277
140.21847720156535 144.3245391845703 3.8824827671051025
140.41845601383287 179.1634521484375 9.78321361541748
140.45178581587743 136.33680725097656 10.229527473449707
140.58510502405576 190.63600158691406 13.67949104309082
140.85174344041246 196.43768310546875 20.268966674804688
141.1850414608583 266.7696228027344 4.08657169342041
141.21837126290288 248.8824462890625 7.548231601715088
141.25170106494747 266.7696228027344 4.08657169342041
141.28503086699203 272.25103759765625 1.4421501159667969
141.51833948130414 289.9797058105469 -1.9836328029632568
141.55166928334873 252.6498565673828 -3.020639419555664
141.5849990853933 238.71897888183594 -0.9852080345153809
141.61832888743788 242.7309112548828 -2.3885462284088135
141.68498849152706 301.66046142578125 -0.4592829942703247
142.28492492832956 280.7055358886719 -24.11640167236328
142.31825473037415 282.7388916015625 -27.632038116455078
142.38491433446333 289.64208984375 -31.43100357055664
142.45157393855249 292.6103820800781 -33.86056900024414
142.55156334468623 352.3025207519531 -35.158111572265625
142.58489314673082 356.1275939941406 -36.50069808959961
142.78487195899834 373.7676086425781 -47.533058166503906
142.8515315630875 378.5226745605469 -53.33523941040039
143.2514891876225 387.5697021484375 -79.0977554321289
143.58478720806835 394.13873291015625 -88.16161346435547
144.01807463464795 392.3141174316406 -101.09828186035156
144.15139384282628 396.0376281738281 -102.36289978027344
144.15139384282628 390.4595031738281 -103.17378234863281
144.38470245713836 418.2517395019531 -109.9074935913086
144.5513514673613 402.55438232421875 -116.69713592529297
144.68467067553962 359.7089538574219 -115.79010009765625
144.88464948780714 342.7497863769531 -112.83332061767578
144.9179792898517 371.8570556640625 -113.10881805419922
145.25127731029755 303.0967712402344 -98.92880249023438
145.25127731029755 294.9649658203125 -99.63329315185547
145.41792632052048 272.5995178222656 -90.8159408569336
145.45125612256507 239.4466094970703 -88.05664825439453
145.7512243409663 279.5937805175781 -80.08904266357422
145.88454354914464 263.7900695800781 -69.24526977539062
146.08452236141216 272.8465576171875 -61.91128921508789
146.25117137163508 280.4047546386719 -73.46588897705078
146.38449057981342 288.4867248535156 -67.21853637695312
146.45115018390257 278.79052734375 -66.69842529296875
146.48447998594716 267.9736633300781 -61.64636993408203
146.68445879821468 271.90069580078125 -62.977783203125
147.11774622479427 230.0586700439453 -40.382225036621094
147.11774622479427 227.1978759765625 -43.617645263671875
147.18440582888343 267.3928527832031 -39.145782470703125
147.28439523501717 226.82093811035156 -32.246849060058594
147.78434226568595 299.4786071777344 -37.638916015625
147.8510018697751 269.98358154296875 -44.927852630615234
147.95099127590888 350.59637451171875 -53.96919250488281
148.0843104840872 380.9367370605469 -64.49076080322266
148.15097008817636 374.3251647949219 -60.82316207885742
148.61758731680055 523.7503051757812 16.067161560058594
148.6842469208897 537.1343994140625 4.086123466491699
148.9175555352018 522.9573974609375 -22.434812545776367
149.65081118018264 394.093017578125 -71.78885650634766
150.184088012896 381.9815673828125 -85.35884094238281
150.3507370231189 341.4794616699219 -86.56766510009766
150.51738603334184 362.3058166503906 -90.90653991699219
150.95067345992143 319.8182678222656 -99.74130249023438
151.01733306401061 279.58489990234375 -99.99066925048828
151.2506416783227 312.146240234375 -97.17413330078125
151.2506416783227 295.3759765625 -96.3532485961914
151.31730128241188 275.69488525390625 -98.70040893554688
151.38396088650103 312.2442932128906 -102.66153717041016
151.41729068854562 272.8770751953125 -101.87210845947266
151.4506204905902 316.5 -100.67582702636719
151.58393969876855 249.55252075195312 -99.64904022216797
151.78391851103603 290.6877746582031 -101.62569427490234
151.88390791716978 261.708251953125 -100.233154296875
152.0838867294373 269.77679443359375 -93.99473571777344
152.21720593761563 265.7223815917969 -87.14922332763672
152.2838655417048 253.78709411621094 -77.64628601074219
152.31719534374938 256.0718078613281 -72.1871109008789
152.5171741560169 193.80072021484375 -66.65802764892578
152.71715296828438 195.11935424804688 -62.21029281616211
152.71715296828438 154.95162963867188 -60.05569076538086
152.85047217646274 164.7878875732422 -54.89872741699219
152.9171317805519 193.13031005859375 -49.63916778564453
152.98379138464108 166.90447998046875 -34.46220016479492
153.08378079077482 162.8991241455078 -23.892196655273438
153.18377019690857 147.02334594726562 -20.639556884765625
153.21709999895316 148.9537353515625 -18.445608139038086
153.48373841530983 205.08770751953125 -9.204236030578613
153.65038742553276 224.52784729003906 -22.996414184570312
154.05034505006776 410.4263610839844 -17.533899307250977
154.11700465415691 453.9269714355469 -4.749385833740234
154.45030267460277 526.0277099609375 15.908000946044922
154.65028148687028 524.7489013671875 -1.6913490295410156
154.91691990322695 500.7525939941406 -17.73211669921875
154.95024970527152 527.0742797851562 -20.508567810058594
154.95024970527152 524.2920532226562 -23.612756729125977
155.4835265379849 433.27191162109375 -38.87291717529297
155.8168245584307 412.75726318359375 -45.37535858154297
156.18345238092115 396.365234375 -44.41838455200195
156.2501119850103 341.4340515136719 -44.55537033081055
156.6500696095453 365.816650390625 -59.24735641479492
157.05002723408032 319.6374206542969 -88.75659942626953
157.5833040667937 361.46978759765625 -102.85285186767578
157.9832616913287 368.0657958984375 -106.42911529541016
157.9832616913287 336.0926208496094 -109.25790405273438
158.01659149337326 373.230224609375 -108.8436508178711
158.18324050359618 320.931396484375 -109.6344223022461
158.21657030564077 321.864501953125 -108.5869369506836
158.28322990972995 371.7821044921875 -102.26624298095703
158.3832193158637 326.3643493652344 -92.38927459716797
158.4165491179083 354.7968444824219 -93.80656433105469
158.4165491179083 324.49359130859375 -94.4903335571289
159.01648555471078 382.93914794921875 -89.7685775756836
159.01648555471078 355.729248046875 -92.76084899902344
159.04981535675537 384.3471374511719 -90.92880249023438
159.11647496084456 384.7998352050781 -87.68431854248047
159.14980476288912 333.9267578125 -89.47660064697266
159.38311337720123 389.0180969238281 -91.16500091552734
159.6497517935579 360.4907531738281 -98.45138549804688
159.6497517935579 354.8515319824219 -99.26451873779297
159.68308159560246 360.4907531738281 -98.45138549804688
159.68308159560246 354.8515319824219 -99.26451873779297
159.71641139764705 374.5354309082031 -93.70167541503906
159.71641139764705 360.4907531738281 -98.45138549804688
159.74974119969164 360.4907531738281 -98.45138549804688
159.78307100173623 374.5354309082031 -93.70167541503906
159.78307100173623 360.4907531738281 -98.45138549804688
159.91639020991457 371.7445373535156 -96.82868194580078
160.0163796160483 367.0946960449219 -102.0384750366211
160.0830392201375 389.05865478515625 -102.02253723144531
160.11636902218206 390.4595031738281 -103.17378234863281
160.31634783444957 376.52783203125 -113.3274154663086
160.4496670426279 365.3233947753906 -114.96800994873047
160.58298625080624 403.93194580078125 -107.0673599243164
160.78296506307376 404.8572082519531 -106.03276824951172
160.81629486511832 396.0508728027344 -107.76885986328125
161.24958229169792 405.3218688964844 -108.21269226074219
161.2829120937425 395.5810852050781 -105.58536529541016
161.3495716978317 403.4605712890625 -99.48055267333984
161.5162207080546 444.0329284667969 -97.17845153808594
161.78285912441126 417.3363952636719 -105.55741119384766
162.24947635303545 422.8825988769531 -99.3593978881836
162.24947635303545 410.41046142578125 -99.8232421875
162.41612536325837 410.87261962890625 -102.00669860839844
162.44945516530296 405.31787109375 -102.81549072265625
163.44934922664046 243.05630493164062 -78.20849609375
163.48267902868506 244.00242614746094 -77.14091491699219
163.68265784095257 286.724853515625 -74.9088134765625
164.049285663443 298.9825744628906 -61.10487365722656
164.11594526753217 251.4127655029297 -62.98884582519531
164.18260487162132 305.27593994140625 -62.562049865722656
164.28259427775507 302.8655700683594 -62.430572509765625
164.6825519022901 240.8192901611328 -69.14603424072266
164.71588170433466 293.3233642578125 -67.47797393798828
164.81587111046844 260.4050598144531 -70.18241882324219
164.91586051660218 274.7385559082031 -59.77800750732422
164.98252012069133 249.353271484375 -59.51158905029297
165.01584992273592 258.6012268066406 -57.77313995361328
165.1158393288697 243.32249450683594 -54.683902740478516
165.14916913091426 242.37252807617188 -55.756919860839844
165.18249893295885 258.9981689453125 -54.427425384521484
165.38247774522637 249.08749389648438 -33.554935455322266
165.44913734931552 209.76634216308594 -27.821855545043945
165.54912675544927 230.07269287109375 -25.60994529724121
165.54912675544927 213.80140686035156 -29.201871871948242
165.61578635953845 251.22576904296875 -22.330381393432617
165.61578635953845 207.64149475097656 -24.26746940612793
165.64911616158304 255.0453338623047 -18.011734008789062
165.7157757656722 249.54627990722656 -15.394715309143066
165.78243536976137 222.2256622314453 -13.709283828735352
165.81576517180594 255.84188842773438 -11.222618103027344
166.08240358816263 244.20399475097656 -18.487123489379883
166.1490631922518 286.416259765625 -17.669254302978516
166.18239299429638 291.2990417480469 -17.970476150512695
166.38237180656387 299.9787292480469 -13.978072166442871
167.31560626381224 442.0656433105469 -42.695438385009766
168.18218111697144 417.8026428222656 -102.3459243774414
168.18218111697144 404.3921203613281 -103.85076904296875
168.2488407210606 383.0181579589844 -106.0624008178711
168.28217052310518 386.75128173828125 -107.32365417480469
168.34883012719433 380.20703125 -103.75994110107422
168.34883012719433 354.4683532714844 -107.9521713256836
168.41548973128351 332.2894592285156 -107.98866271972656
168.51547913741726 364.7928466796875 -107.35780334472656
168.54880893946185 356.8199462890625 -108.06391143798828
168.68212814764019 353.92010498046875 -100.308837890625
168.8821069599077 336.30181884765625 -89.59627532958984
169.01542616808604 297.4376220703125 -79.90081787109375
169.41538379262104 283.94720458984375 -37.855403900146484
169.84867121920064 321.72161865234375 -9.685484886169434
170.38194805191398 371.3931884765625 23.30292320251465
170.7152460723598 478.4032897949219 28.193626403808594
170.9485546866719 513.0619506835938 55.98965835571289
171.1152036968948 521.4310302734375 59.85594177246094
171.44850171734066 502.4237976074219 27.595966339111328
171.581820925519 514.1030883789062 13.409969329833984
172.2150871643661 527.3628540039062 -28.173612594604492
173.88157726659531 443.82843017578125 -129.27333068847656
174.3148646931749 379.4875183105469 -142.48097229003906
174.68149251566533 366.863525390625 -132.29331970214844
174.71482231770992 365.9389343261719 -133.32791137695312
175.71471637904742 323.644775390625 -101.02171325683594
175.71471637904742 275.8304138183594 -104.21566009521484
175.98135479540412 271.1177978515625 -89.6353759765625
176.31465281584994 266.2273864746094 -69.37468719482422
176.31465281584994 261.350830078125 -69.11575317382812
176.51463162811746 223.57652282714844 -53.59243392944336
176.71461044038494 238.22174072265625 -48.76376724243164
177.14789786696454 246.621337890625 -33.410057067871094
177.14789786696454 196.1444091796875 -37.29348373413086
177.18122766900913 241.29293823242188 -36.498661041259766
177.24788727309829 215.91665649414062 -32.7452392578125
177.4145362833212 257.26983642578125 -27.23765754699707
177.54785549149955 254.25050354003906 -24.78620719909668
177.61451509558873 274.8597717285156 -24.894960403442383
177.61451509558873 231.41500854492188 -21.13015365600586
177.74783430376706 299.14056396484375 -20.71573257446289
177.78116410581165 285.59149169921875 -24.41241455078125
177.81449390785622 292.37078857421875 -22.562776565551758
177.91448331399 316.64068603515625 -24.04210090637207
178.01447272012373 301.57183837890625 -20.864822387695312
178.7477283651046 452.197998046875 -47.677913665771484
178.91437737532752 484.4411315917969 -38.6474723815918
180.28089925915546 480.5196228027344 -93.648681640625
180.8141760918688 480.5196228027344 -93.648681640625
181.74741054911715 384.0214538574219 -121.22465515136719
182.01404896547382 402.55438232421875 -116.69713592529297
182.01404896547382 392.3648986816406 -117.30091857910156
182.080708569563 367.2210998535156 -118.29936218261719
182.14736817365215 391.9112548828125 -120.50865936279297
182.38067678796426 360.2466125488281 -123.3822021484375
182.5139959961426 363.9997863769531 -124.62981414794922
182.54732579818716 363.9997863769531 -124.62981414794922
183.01394302681135 299.9037780761719 -130.4607391357422
183.3139112452126 275.4350891113281 -127.21599578857422
183.51389005748013 280.6416931152344 -124.16993713378906
183.61387946361387 288.64984130859375 -117.97368621826172
183.68053906770302 238.25697326660156 -112.3788833618164
184.11382649428262 195.41696166992188 -82.4974594116211
184.44712451472847 157.5630645751953 -51.08448028564453
184.6137735249514 207.68606567382812 -39.09658432006836
184.6137735249514 189.2152099609375 -39.17583465576172
184.71376293108514 156.50918579101562 -28.116252899169922
184.91374174335263 208.9754180908203 -19.770660400390625
184.91374174335263 182.28982543945312 -17.00369644165039
184.91374174335263 177.23704528808594 -16.696645736694336
184.94707154539722 218.39041137695312 -18.053447723388672
184.94707154539722 162.99403381347656 -14.676870346069336
184.9804013474418 198.36000061035156 -16.83253288269043
184.9804013474418 193.33218383789062 -16.526073455810547
185.34702916993223 258.8663330078125 -13.691473007202148
186.18027422104683 410.42315673828125 -34.190372467041016
186.51357224149268 383.5599365234375 -22.54627799987793
186.78021065784935 363.2649841308594 -36.923927307128906
187.24682788647354 357.6716613769531 -48.82534408569336
187.41347689669647 368.58740234375 -50.558048248291016
187.44680669874103 335.27484130859375 -48.65592956542969
187.7467749171423 322.8608703613281 -51.291778564453125
188.21339214576648 335.27484130859375 -48.65592956542969
188.24672194781107 335.27484130859375 -48.65592956542969
188.44670076007856 370.46429443359375 -48.45060348510742
188.71333917643523 371.8532409667969 -44.09687042236328
189.71323323777276 376.1305236816406 -47.669273376464844
190.17985046639694 334.3328857421875 -49.715389251708984
190.41315908070902 376.6160888671875 -49.910518646240234
